100167622	356079980	35.0
100167622	115067778	34.0
100167622	7901694	31.0
100167622	60195704	16.0
100167622	202562748	15.0
100167622	82655670	15.0
100167622	32113422	15.0
100167622	20992983	14.0
100167622	76358265	14.0
100167622	284383592	13.0
100167622	233576218	13.0
100167622	60195704	6.0
100167622	2465946	6.0
100167622	362127600	6.0
100167622	83830053	6.0
100167622	69641467	6.0
100167622	210893059	5.0
100167622	82655670	5.0
100167622	32113422	5.0
100167622	245803232	4.0
100167622	195716379	4.0
100167622	149148925	4.0
100167622	327169909	4.0
100167622	132927465	4.0
100167622	20992983	4.0
100167622	325587133	4.0
100167622	110430634	3.0
100167622	298428238	3.0
100167622	253556780	3.0
100167622	355465310	3.0
100167622	184835542	3.0
100167622	244857831	3.0
100167622	112446710	3.0
100167622	310191971	3.0
100167622	50808784	3.0
100167622	284383592	3.0
100167622	157324364	3.0
100167622	325364399	3.0
100167622	25229592	3.0
100167622	143342407	3.0
100167622	75681830	3.0
100167622	331588182	3.0
100167622	288953010	3.0
100167622	119374779	3.0
100167622	287215735	3.0
100167622	171457817	3.0
100167622	94638588	3.0
100167622	283249152	3.0
100167622	80645498	3.0
100167622	162270968	3.0
100167622	237574709	3.0
100167622	324707868	3.0
100167622	287784601	3.0
100167622	131540198	3.0
100167622	21624658	3.0
100167622	343133698	3.0
100167622	364807975	3.0
100167622	272126070	3.0
100167622	310996433	3.0
100167622	186118375	3.0
100167622	376159216	3.0
100167622	207298216	3.0
100167622	191473324	3.0
100167622	385618334	3.0
100167622	139005256	3.0
100167622	402390284	3.0
100167622	82530787	3.0
100167622	46851773	3.0
100167622	225112569	3.0
100167622	230811573	3.0
100167622	29972344	2.0
100167622	255851564	2.0
100167622	96863113	2.0
100167622	15729293	2.0
100167622	183061119	2.0
100167622	77386364	2.0
100167622	335074931	2.0
100167622	306245507	2.0
100167622	331654199	2.0
100167622	83702905	2.0
100167622	56337537	2.0
100167622	221848746	2.0
100167622	266723056	2.0
100167622	10565809	2.0
100167622	59677447	2.0
100167622	33812853	2.0
100167622	1614408	2.0
100167622	329505407	2.0
100167622	67389471	2.0
100167622	132021636	2.0
100167622	135893574	2.0
100167622	41292135	2.0
100167622	65344725	2.0
100167622	253775724	2.0
100167622	392900190	2.0
100167622	97082846	2.0
100167622	139958570	2.0
100167622	15093995	2.0
100167622	97383754	2.0
100167622	99894705	2.0
100167622	40794501	2.0
100167622	363355240	2.0
100167622	75614164	2.0
100167622	308172431	2.0
100167622	222169247	2.0
100167622	316157149	2.0
100167622	355938162	2.0
100167622	265456072	2.0
100167622	65212865	2.0
100167622	370836098	2.0
100167622	79809985	2.0
100167622	382978763	2.0
100167622	241819709	2.0
100167622	251310775	2.0
100167622	129550959	2.0
100167622	5337451	2.0
100167622	106087404	2.0
100167622	330435936	2.0
100167622	272301192	2.0
100167622	276857399	2.0
100167622	35525693	2.0
100167622	339713226	2.0
100167622	129737002	2.0
100167622	100936729	2.0
100167622	371321038	2.0
100167622	293927341	2.0
100167622	198800255	2.0
100167622	129013517	2.0
100167622	86479733	2.0
100167622	320067721	2.0
100167622	244618657	2.0
100167622	187986476	2.0
100167622	220791785	2.0
100167622	239030529	2.0
100167622	365771300	2.0
100167622	240449568	2.0
100167622	324170625	2.0
100167622	192471404	2.0
100167622	3607683	2.0
100167622	86874807	2.0
100167622	317124864	2.0
100167622	80016447	2.0
100167622	48123306	2.0
100167622	161158333	2.0
100167622	123146093	2.0
100167622	45231625	2.0
100167622	321809149	2.0
100167622	194574857	2.0
100167622	257945770	2.0
100167622	46519904	2.0
100167622	377740216	2.0
100167622	178013756	2.0
100167622	147590846	2.0
100167622	54271006	2.0
100167622	328991730	2.0
100167622	3532366	2.0
100167622	347082820	2.0
100167622	283988480	2.0
100167622	167806985	2.0
100167622	139296457	2.0
100167622	327305913	2.0
100167622	318110340	2.0
100167622	398700621	2.0
100167622	38889038	2.0
100167622	300280699	2.0
100167622	285375136	2.0
100167622	45066187	2.0
100167622	334952043	2.0
100167622	48445960	2.0
100167622	162433446	2.0
100167622	365525086	2.0
100167622	223094755	2.0
100167622	33929342	2.0
100167622	151578932	2.0
100167622	93253523	2.0
100167622	217042321	2.0
100167622	70162832	2.0
100167622	93013372	2.0
100167622	188154872	2.0
100167622	390625792	2.0
100167622	396938506	2.0
100167622	87152923	2.0
100167622	277423728	2.0
100167622	102340377	2.0
100167622	376030264	2.0
100167622	351883647	2.0
100167622	111611510	2.0
100167622	368411934	2.0
100167622	84785758	1.0
100167622	65420209	1.0
100167622	54243076	1.0
100167622	209472548	1.0
100167622	193135072	1.0
100167622	286849962	1.0
100167622	125451852	1.0
100167622	17849950	1.0
100167622	134170146	1.0
100167622	100786015	1.0
100167622	267537866	1.0
100167622	66171016	1.0
100167622	230911608	1.0
100167622	257582580	1.0
100167622	355571570	1.0
100167622	187972664	1.0
100167622	276352164	1.0
100167622	118508318	1.0
100167622	18983120	1.0
100167622	167036589	1.0
100167622	244090811	1.0
100167622	333028913	1.0
100167622	46685934	1.0
100167622	226371780	1.0
100167622	78423131	1.0
100167622	222425730	1.0
100167622	55500935	1.0
100167622	159595074	1.0
100167622	224806454	1.0
100167622	113924170	1.0
100167622	177874377	1.0
100167622	230847623	1.0
100167622	235123982	1.0
100167622	125666923	1.0
100167622	325287658	1.0
