10001082	275221686	61.0
10001082	53616768	36.0
10001082	220586551	34.0
10001082	141312432	32.0
10001082	275221686	31.0
10001082	266188611	7.0
10001082	53616768	6.0
10001082	296378545	4.0
10001082	117708332	4.0
10001082	220586551	4.0
10001082	262470188	4.0
10001082	85851739	4.0
10001082	82238041	4.0
10001082	45258196	4.0
10001082	330054146	3.0
10001082	336390925	3.0
10001082	140348952	3.0
10001082	362845104	3.0
10001082	195429067	3.0
10001082	29558680	3.0
10001082	22667958	3.0
10001082	298397524	3.0
10001082	216415944	3.0
10001082	396795886	3.0
10001082	282931871	3.0
10001082	236453039	3.0
10001082	120438507	3.0
10001082	323339743	3.0
10001082	184299215	3.0
10001082	326973863	3.0
10001082	360052979	3.0
10001082	302705570	3.0
10001082	32104252	3.0
10001082	151466952	3.0
10001082	115464321	3.0
10001082	4368907	2.0
10001082	222375145	2.0
10001082	320768911	2.0
10001082	4850770	2.0
10001082	290088061	2.0
10001082	90957005	2.0
10001082	347100924	2.0
10001082	223569678	2.0
10001082	62687596	2.0
10001082	327034531	2.0
10001082	225520260	2.0
10001082	262112219	2.0
10001082	141312432	2.0
10001082	17500214	2.0
10001082	260610400	2.0
10001082	232845457	2.0
10001082	148776642	2.0
10001082	377161387	2.0
10001082	390967964	1.0
10001082	110790001	1.0
10001082	148581898	1.0
10001082	19329827	1.0
10001082	285434204	1.0
10001082	51504729	1.0
10001082	266563343	1.0
10001082	222605647	1.0
10001082	150720867	1.0
10001082	188586750	1.0
10001082	50228869	1.0
10001082	167022568	1.0
10001082	209290607	1.0
10001082	251461861	1.0
10001082	21836842	1.0
10001082	357831551	1.0
10001082	217271315	1.0
10001082	336123896	1.0
10001082	212028630	1.0
10001082	6862367	1.0
10001082	308491389	1.0
10001082	345696502	1.0
10001082	165292036	1.0
10001082	265860266	1.0
10001082	170596596	1.0
10001082	282816229	1.0
10001082	175913774	1.0
10001082	73655468	1.0
10001082	278017344	1.0
10001082	200101228	1.0
10001082	133020432	1.0
10001082	65240306	1.0
10001082	125083630	1.0
10001082	97441652	1.0
10001082	350227769	1.0
10001082	288179656	1.0
10001082	9947871	1.0
10001082	582649	1.0
10001082	399970059	1.0
