100135783	287996188	36.0
100135783	110117185	35.0
100135783	240901487	34.0
100135783	200779942	27.0
100135783	270445722	26.0
100135783	286529220	26.0
100135783	13208646	25.0
100135783	267703626	24.0
100135783	78666198	24.0
100135783	261041915	24.0
100135783	155824258	24.0
100135783	234060244	23.0
100135783	45878676	22.0
100135783	183708806	22.0
100135783	208416930	22.0
100135783	110117185	15.0
100135783	72116905	7.0
100135783	57336455	7.0
100135783	200779942	7.0
100135783	287996188	6.0
100135783	270445722	6.0
100135783	105966906	6.0
100135783	13208646	5.0
100135783	158275966	4.0
100135783	98516147	4.0
100135783	280761599	4.0
100135783	374311403	4.0
100135783	243385724	4.0
100135783	267703626	4.0
100135783	161187088	4.0
100135783	307042908	4.0
100135783	13776604	4.0
100135783	90055728	4.0
100135783	332738573	4.0
100135783	349476145	4.0
100135783	261041915	4.0
100135783	402425325	4.0
100135783	126129911	4.0
100135783	291488536	4.0
100135783	86220213	4.0
100135783	155824258	4.0
100135783	245023378	4.0
100135783	240901487	4.0
100135783	219752854	3.0
100135783	300034738	3.0
100135783	100372396	3.0
100135783	299396891	3.0
100135783	212224796	3.0
100135783	278359001	3.0
100135783	234060244	3.0
100135783	105753567	3.0
100135783	133377381	3.0
100135783	281327064	3.0
100135783	67317085	3.0
100135783	133219407	3.0
100135783	75915008	3.0
100135783	5831801	3.0
100135783	9348188	3.0
100135783	226776244	3.0
100135783	149983149	3.0
100135783	400300312	3.0
100135783	247194227	3.0
100135783	77754193	3.0
100135783	149643500	3.0
100135783	399909799	3.0
100135783	305473034	3.0
100135783	93759161	3.0
100135783	300982704	3.0
100135783	23667508	3.0
100135783	305059277	3.0
100135783	240533634	3.0
100135783	305256176	3.0
100135783	106900876	3.0
100135783	25674162	3.0
100135783	186697772	3.0
100135783	382561968	3.0
100135783	231387193	3.0
100135783	385794564	3.0
100135783	317408246	3.0
100135783	341734720	3.0
100135783	139643273	3.0
100135783	81025484	3.0
100135783	217712930	3.0
100135783	31421869	3.0
100135783	188130075	3.0
100135783	16606019	3.0
100135783	250431072	3.0
100135783	118006513	3.0
100135783	55307765	3.0
100135783	318316309	3.0
100135783	29815897	3.0
100135783	329214679	3.0
100135783	306276667	3.0
100135783	242892968	3.0
100135783	70723562	3.0
100135783	213504025	3.0
100135783	148738141	3.0
100135783	401483806	3.0
100135783	353017322	3.0
100135783	255032253	3.0
100135783	287302005	3.0
100135783	376521263	3.0
100135783	30348759	3.0
100135783	71194015	3.0
100135783	292302418	3.0
100135783	321001979	3.0
100135783	327777707	3.0
100135783	316087475	3.0
100135783	180689274	3.0
100135783	295089897	3.0
100135783	263869944	3.0
100135783	346676117	3.0
100135783	335443460	3.0
100135783	193716849	3.0
100135783	144640	3.0
100135783	9152245	3.0
100135783	100682065	3.0
100135783	19758632	3.0
100135783	278545011	3.0
100135783	208198114	3.0
100135783	132309981	3.0
100135783	384085217	2.0
100135783	16957077	2.0
100135783	241186015	2.0
100135783	147611485	2.0
100135783	265096961	2.0
100135783	193164064	2.0
100135783	367329973	2.0
100135783	244980477	2.0
100135783	147886074	2.0
100135783	324125078	2.0
100135783	370164239	2.0
100135783	310340040	2.0
100135783	256597271	2.0
100135783	202139968	2.0
100135783	214789371	2.0
100135783	189210304	2.0
100135783	59609046	2.0
100135783	78364176	2.0
100135783	10185208	2.0
100135783	33030851	2.0
100135783	164260648	2.0
100135783	182674415	2.0
100135783	290302695	2.0
100135783	138249700	2.0
100135783	285373715	2.0
100135783	368511846	2.0
100135783	61250548	2.0
100135783	45878676	2.0
100135783	332780262	2.0
100135783	240645456	2.0
100135783	183708806	2.0
100135783	350542871	2.0
100135783	140525700	2.0
100135783	338712674	2.0
100135783	264084447	2.0
100135783	337173335	2.0
100135783	262486221	2.0
100135783	149865571	2.0
100135783	380459722	2.0
100135783	101478025	2.0
100135783	209250294	2.0
100135783	72833488	2.0
100135783	203742976	2.0
100135783	326608103	2.0
100135783	321187889	1.0
100135783	33309916	1.0
100135783	137819039	1.0
100135783	273365478	1.0
100135783	256525501	1.0
100135783	378142782	1.0
100135783	347541669	1.0
100135783	12164545	1.0
100135783	60464388	1.0
100135783	236638549	1.0
100135783	92590509	1.0
100135783	16236605	1.0
100135783	249687709	1.0
100135783	144384508	1.0
100135783	195885725	1.0
100135783	136637395	1.0
100135783	356715331	1.0
100135783	227346361	1.0
100135783	19349356	1.0
100135783	178373368	1.0
100135783	366091652	1.0
100135783	120072662	1.0
100135783	285204023	1.0
100135783	363677435	1.0
100135783	110038209	1.0
100135783	161875153	1.0
100135783	103213140	1.0
100135783	400041905	1.0
100135783	149626393	1.0
100135783	262824767	1.0
100135783	253515566	1.0
100135783	345367768	1.0
100135783	303350664	1.0
100135783	185265441	1.0
100135783	104111792	1.0
100135783	115570377	1.0
100135783	128168187	1.0
100135783	192391583	1.0
100135783	188752029	1.0
100135783	94176913	1.0
100135783	262838959	1.0
100135783	2317335	1.0
100135783	14679899	1.0
100135783	339613228	1.0
100135783	100231517	1.0
100135783	126198792	1.0
100135783	329035723	1.0
100135783	220994523	1.0
100135783	103342135	1.0
100135783	170141030	1.0
100135783	368476823	1.0
100135783	76504562	1.0
100135783	275602076	1.0
100135783	34010073	1.0
100135783	174317790	1.0
100135783	110322072	1.0
100135783	373160048	1.0
100135783	142129867	1.0
100135783	286418271	1.0
100135783	374768108	1.0
100135783	150025246	1.0
100135783	34985184	1.0
100135783	87530798	1.0
100135783	250284095	1.0
100135783	309035823	1.0
100135783	84858751	1.0
100135783	334220334	1.0
100135783	389747465	1.0
100135783	133866358	1.0
100135783	329139769	1.0
100135783	187495387	1.0
100135783	154193	1.0
100135783	380725067	1.0
100135783	50685763	1.0
100135783	66093835	1.0
100135783	306372290	1.0
100135783	104390410	1.0
100135783	135811897	1.0
100135783	204995241	1.0
100135783	310848441	1.0
100135783	15505000	1.0
100135783	257184395	1.0
100135783	32389451	1.0
100135783	15234979	1.0
100135783	211886416	1.0
100135783	5462627	1.0
100135783	274457152	1.0
100135783	202008727	1.0
100135783	217985892	1.0
100135783	44869270	1.0
100135783	272716835	1.0
100135783	72034559	1.0
100135783	161156950	1.0
100135783	68482152	1.0
100135783	146403258	1.0
100135783	390377771	1.0
100135783	265375578	1.0
100135783	196522586	1.0
100135783	284931923	1.0
100135783	161950634	1.0
100135783	142161009	1.0
100135783	386911210	1.0
100135783	18949016	1.0
100135783	36560280	1.0
100135783	55006593	1.0
100135783	62966400	1.0
100135783	361697021	1.0
100135783	81431482	1.0
100135783	129671254	1.0
100135783	181371107	1.0
100135783	11626417	1.0
100135783	210384667	1.0
100135783	184826446	1.0
100135783	134970163	1.0
100135783	235289712	1.0
100135783	314262549	1.0
100135783	400188221	1.0
100135783	375111286	1.0
100135783	283056144	1.0
100135783	301609580	1.0
100135783	235412136	1.0
100135783	19885284	1.0
100135783	234039455	1.0
100135783	106748887	1.0
100135783	217189025	1.0
100135783	198312297	1.0
100135783	223943030	1.0
100135783	217840249	1.0
100135783	169416751	1.0
100135783	393775857	1.0
100135783	128069839	1.0
100135783	64407180	1.0
100135783	36467429	1.0
100135783	75593632	1.0
100135783	196910344	1.0
100135783	19560650	1.0
100135783	273011646	1.0
100135783	400602997	1.0
100135783	167250356	1.0
100135783	387573297	1.0
100135783	300909857	1.0
100135783	341105211	1.0
100135783	42945	1.0
100135783	176851972	1.0
100135783	212357811	1.0
100135783	231827460	1.0
100135783	307883587	1.0
100135783	170093099	1.0
100135783	317443621	1.0
100135783	199667346	1.0
100135783	213625255	1.0
100135783	42711947	1.0
100135783	301226191	1.0
100135783	345191843	1.0
100135783	117604391	1.0
100135783	207081833	1.0
100135783	370186751	1.0
100135783	32416154	1.0
100135783	287804778	1.0
100135783	136458392	1.0
100135783	74589296	1.0
100135783	127840028	1.0
100135783	141526324	1.0
100135783	353054211	1.0
