100112527	141781858	24.0
100112527	260818603	22.0
100112527	281870551	21.0
100112527	212743365	13.0
100112527	17263148	13.0
100112527	301339484	13.0
100112527	260818603	12.0
100112527	357661120	10.0
100112527	157617756	7.0
100112527	391284845	7.0
100112527	13105321	7.0
100112527	327190779	7.0
100112527	253605731	6.0
100112527	10284971	6.0
100112527	270068700	5.0
100112527	195094652	5.0
100112527	131089140	5.0
100112527	167898530	5.0
100112527	50915262	5.0
100112527	228598475	4.0
100112527	391950344	4.0
100112527	366319647	4.0
100112527	61780916	4.0
100112527	283089572	4.0
100112527	318779431	4.0
100112527	345238262	4.0
100112527	338359868	4.0
100112527	122112943	4.0
100112527	35680539	4.0
100112527	345155216	4.0
100112527	352325163	4.0
100112527	166051470	4.0
100112527	273256943	4.0
100112527	395199373	4.0
100112527	365368061	4.0
100112527	13753592	4.0
100112527	221865074	4.0
100112527	99894336	4.0
100112527	57779633	4.0
100112527	111378737	4.0
100112527	232459886	4.0
100112527	382988991	4.0
100112527	248645572	4.0
100112527	374680447	4.0
100112527	16740502	4.0
100112527	193882644	4.0
100112527	225628443	4.0
100112527	181281609	4.0
100112527	237222745	4.0
100112527	173079721	3.0
100112527	212743365	3.0
100112527	216867100	3.0
100112527	57798834	3.0
100112527	19761811	3.0
100112527	29916983	3.0
100112527	144311906	3.0
100112527	278229540	3.0
100112527	181478670	3.0
100112527	90342949	3.0
100112527	16276304	3.0
100112527	310407798	3.0
100112527	42063729	3.0
100112527	129363659	3.0
100112527	99082717	3.0
100112527	392241805	3.0
100112527	2802100	3.0
100112527	124864458	3.0
100112527	121143071	3.0
100112527	100860677	3.0
100112527	260561819	3.0
100112527	107189029	3.0
100112527	354483803	3.0
100112527	87832640	3.0
100112527	381163820	3.0
100112527	76263969	3.0
100112527	371432883	3.0
100112527	66835431	3.0
100112527	346303166	3.0
100112527	60617727	3.0
100112527	71846790	3.0
100112527	210397588	3.0
100112527	309447885	3.0
100112527	303682476	3.0
100112527	222466949	3.0
100112527	6611468	3.0
100112527	39852974	3.0
100112527	189165540	3.0
100112527	371480552	3.0
100112527	196541618	3.0
100112527	17790735	3.0
100112527	50228869	3.0
100112527	194707391	3.0
100112527	30639619	3.0
100112527	57005159	3.0
100112527	121616781	3.0
100112527	202808442	3.0
100112527	242346733	3.0
100112527	220819497	3.0
100112527	135448229	3.0
100112527	140419841	3.0
100112527	198205553	3.0
100112527	217187318	3.0
100112527	309570904	3.0
100112527	283908273	3.0
100112527	244097568	3.0
100112527	72434681	3.0
100112527	108731297	3.0
100112527	145961794	3.0
100112527	388753278	3.0
100112527	173032278	3.0
100112527	137190223	3.0
100112527	92891480	3.0
100112527	37524823	3.0
100112527	140459130	3.0
100112527	345925461	2.0
100112527	269963800	2.0
100112527	39468607	2.0
100112527	44093282	2.0
100112527	241756522	2.0
100112527	16541930	2.0
100112527	291913419	2.0
100112527	101179661	2.0
100112527	135404001	2.0
100112527	256875188	2.0
100112527	177384628	2.0
100112527	6755366	2.0
100112527	190781856	2.0
100112527	105097853	2.0
100112527	394957923	2.0
100112527	167922563	2.0
100112527	197285772	2.0
100112527	221839344	2.0
100112527	157215683	2.0
100112527	318850912	2.0
100112527	221886455	2.0
100112527	199820442	2.0
100112527	373770126	2.0
100112527	197675758	2.0
100112527	185290326	2.0
100112527	202875884	2.0
100112527	128916436	2.0
100112527	162635213	2.0
100112527	10463339	2.0
100112527	148977025	2.0
100112527	175910794	2.0
100112527	118938270	2.0
100112527	47305507	2.0
100112527	34892824	2.0
100112527	297618335	2.0
100112527	301971092	2.0
100112527	77821385	2.0
100112527	262406156	2.0
100112527	316743386	2.0
100112527	377190075	2.0
100112527	222803829	2.0
100112527	123175703	2.0
100112527	312534979	2.0
100112527	231177728	2.0
100112527	66236675	2.0
100112527	308202072	2.0
100112527	362039916	2.0
100112527	174126101	2.0
100112527	306797617	2.0
100112527	290176851	2.0
100112527	396286330	2.0
100112527	70684032	2.0
100112527	291168425	2.0
100112527	188634583	2.0
100112527	236395876	2.0
100112527	33873892	2.0
100112527	372114736	2.0
100112527	401749155	2.0
100112527	298421527	2.0
100112527	330539107	2.0
100112527	209851210	2.0
100112527	143952136	2.0
100112527	244217671	2.0
100112527	77065687	2.0
100112527	287909453	2.0
100112527	332798117	2.0
100112527	188946711	2.0
100112527	149484859	2.0
100112527	185299219	2.0
100112527	62142841	2.0
100112527	359551568	2.0
100112527	104620624	2.0
100112527	8270036	2.0
100112527	46199642	2.0
100112527	86045101	2.0
100112527	313871662	2.0
100112527	357119347	2.0
100112527	10463015	2.0
100112527	220428701	2.0
100112527	303765596	2.0
100112527	107541890	2.0
100112527	10257512	2.0
100112527	315566451	2.0
100112527	326518901	2.0
100112527	335714800	2.0
100112527	237305678	2.0
100112527	271987580	2.0
100112527	384006771	2.0
100112527	201006075	2.0
100112527	360964354	2.0
100112527	69636379	2.0
100112527	174824456	2.0
100112527	28402494	2.0
100112527	227753347	2.0
100112527	301913289	2.0
100112527	66569648	2.0
100112527	273769608	2.0
100112527	111709125	2.0
100112527	280261657	2.0
100112527	73655468	2.0
100112527	393446645	2.0
100112527	377864838	2.0
100112527	148004406	2.0
100112527	399931489	2.0
100112527	326973863	2.0
100112527	284388159	2.0
100112527	6886623	2.0
100112527	253348643	2.0
100112527	213554542	2.0
100112527	113814108	2.0
100112527	159748249	2.0
100112527	141633102	2.0
100112527	229412516	2.0
100112527	367044585	2.0
100112527	72287432	2.0
100112527	38857926	2.0
100112527	379359926	2.0
100112527	9441572	2.0
100112527	41752949	2.0
100112527	288668707	2.0
100112527	83296876	2.0
100112527	148193406	2.0
100112527	291926205	2.0
100112527	353059639	2.0
100112527	59086082	2.0
100112527	400906705	2.0
100112527	226867569	2.0
100112527	334632289	2.0
100112527	393497828	2.0
100112527	250666519	2.0
100112527	171626773	2.0
100112527	301088186	2.0
100112527	44527108	2.0
100112527	319205225	2.0
100112527	141897203	2.0
100112527	126115189	2.0
100112527	370965241	2.0
100112527	310330414	2.0
100112527	89010182	2.0
100112527	275076638	2.0
100112527	106087031	2.0
100112527	231795798	2.0
100112527	65680238	2.0
100112527	298901562	2.0
100112527	179222099	2.0
100112527	151221024	2.0
100112527	171610031	2.0
100112527	161173944	2.0
100112527	365058219	2.0
100112527	42061439	2.0
100112527	286006108	2.0
100112527	367643743	2.0
100112527	62849446	2.0
100112527	13552125	2.0
100112527	261988746	2.0
100112527	108810466	2.0
100112527	324223612	2.0
100112527	24706508	2.0
100112527	200593656	2.0
100112527	309976016	2.0
100112527	103043431	2.0
100112527	69960308	2.0
100112527	334854075	2.0
100112527	259087270	2.0
100112527	333325957	2.0
100112527	367043053	2.0
100112527	147561957	2.0
100112527	197297056	2.0
100112527	111707128	2.0
100112527	396296870	2.0
100112527	276603881	2.0
100112527	164850847	2.0
100112527	76554422	2.0
100112527	303878841	2.0
100112527	400783490	2.0
100112527	269612592	2.0
100112527	79925325	2.0
100112527	111827934	2.0
100112527	309732398	2.0
100112527	171321126	2.0
100112527	343054927	2.0
100112527	13040191	2.0
100112527	214601167	2.0
100112527	323917584	2.0
100112527	375701730	2.0
100112527	381639978	2.0
100112527	319906201	2.0
100112527	62534459	2.0
100112527	396166303	2.0
100112527	61887912	2.0
100112527	35291332	2.0
100112527	293852144	2.0
100112527	103684524	2.0
100112527	109704174	2.0
100112527	204126362	2.0
100112527	175268043	2.0
100112527	276416527	2.0
100112527	172814949	2.0
100112527	403641184	2.0
100112527	228825922	2.0
100112527	155846018	2.0
100112527	90726793	2.0
100112527	133223144	2.0
100112527	19479039	2.0
100112527	231448333	2.0
100112527	64475857	2.0
100112527	362626075	2.0
100112527	157178171	2.0
100112527	369089326	2.0
100112527	283961546	2.0
100112527	152709356	2.0
100112527	359921214	2.0
100112527	31869822	2.0
100112527	73189010	2.0
100112527	121114859	2.0
100112527	315731141	2.0
100112527	63686709	2.0
100112527	277887398	2.0
100112527	44674207	2.0
100112527	123599363	2.0
100112527	169311822	2.0
100112527	138784849	2.0
100112527	389471666	2.0
100112527	9179018	2.0
100112527	25749176	2.0
100112527	141812380	2.0
100112527	8393245	2.0
100112527	142111833	2.0
100112527	186542634	2.0
100112527	112759798	2.0
100112527	73648353	2.0
100112527	358531302	2.0
100112527	294957990	2.0
100112527	221639564	2.0
100112527	269415768	2.0
100112527	236968017	2.0
100112527	162732234	2.0
100112527	267750763	2.0
100112527	366219206	2.0
100112527	25866229	2.0
100112527	339291984	2.0
100112527	298409015	2.0
100112527	342794736	2.0
100112527	84547325	2.0
100112527	267226815	2.0
100112527	205170124	2.0
100112527	403710538	2.0
100112527	381993320	2.0
100112527	126659688	2.0
100112527	369634220	2.0
100112527	245894592	2.0
100112527	171567415	2.0
100112527	12245064	2.0
100112527	232813126	2.0
100112527	104957946	2.0
100112527	119231306	2.0
100112527	172647065	2.0
100112527	371652585	2.0
100112527	393469272	2.0
100112527	87105658	2.0
100112527	13241248	2.0
100112527	2790593	2.0
100112527	280955824	2.0
100112527	354351136	2.0
100112527	260465872	2.0
100112527	403969021	2.0
100112527	159359517	2.0
100112527	27880658	2.0
100112527	261616787	2.0
100112527	274307009	2.0
100112527	174268574	2.0
100112527	268374294	2.0
100112527	188332992	2.0
100112527	160555744	2.0
100112527	102672831	2.0
100112527	146749744	2.0
100112527	383836924	2.0
100112527	107239723	2.0
100112527	199036342	2.0
100112527	319661134	2.0
100112527	177118905	2.0
100112527	300257552	2.0
100112527	223167797	2.0
100112527	126329605	2.0
100112527	225652954	2.0
100112527	308659121	2.0
100112527	70165275	2.0
100112527	123005743	2.0
100112527	171621457	2.0
100112527	50326082	2.0
100112527	319781734	2.0
100112527	371949009	2.0
100112527	331379852	2.0
100112527	126775652	2.0
100112527	286161395	2.0
100112527	308874248	2.0
100112527	265956415	2.0
100112527	388195863	2.0
100112527	398115270	2.0
100112527	313048583	2.0
100112527	17290846	2.0
100112527	259795137	2.0
100112527	394235569	2.0
100112527	309857531	2.0
100112527	271245315	2.0
100112527	79289939	2.0
100112527	27539822	2.0
100112527	401866818	2.0
100112527	264840226	2.0
100112527	255939323	2.0
100112527	393408504	2.0
100112527	203365112	2.0
100112527	341587395	2.0
100112527	347900758	2.0
100112527	63518778	2.0
100112527	239658264	2.0
100112527	365336820	2.0
100112527	42347410	2.0
100112527	323619364	2.0
100112527	127352911	2.0
100112527	3496501	2.0
100112527	119311393	2.0
100112527	15075718	2.0
100112527	201945919	2.0
100112527	204613878	2.0
100112527	12619545	2.0
100112527	123712793	2.0
100112527	135262778	2.0
100112527	340487316	2.0
100112527	396582780	2.0
100112527	93315860	2.0
100112527	26212659	2.0
100112527	359810021	2.0
100112527	235330808	2.0
100112527	374414705	2.0
100112527	274913545	2.0
100112527	288926266	2.0
100112527	245975604	2.0
100112527	46346805	2.0
100112527	7822647	2.0
100112527	121036215	2.0
100112527	47564482	2.0
100112527	372548259	2.0
100112527	19019281	2.0
100112527	394980754	2.0
100112527	97251342	2.0
100112527	281605087	2.0
100112527	134585159	2.0
100112527	78778470	2.0
100112527	217830744	2.0
100112527	170050534	2.0
100112527	197232701	2.0
100112527	297272465	2.0
100112527	363083022	2.0
100112527	161783889	2.0
100112527	207249660	2.0
100112527	381776916	2.0
100112527	74790581	2.0
100112527	294895937	2.0
100112527	263565845	2.0
100112527	181826220	2.0
100112527	396269804	2.0
100112527	266095504	2.0
100112527	71117024	2.0
100112527	243280819	2.0
100112527	403546331	2.0
100112527	134910833	2.0
100112527	165408005	2.0
100112527	25592312	2.0
100112527	119816782	2.0
100112527	201234906	2.0
100112527	360481028	2.0
100112527	72539722	2.0
100112527	233870272	2.0
100112527	178009135	2.0
100112527	16245461	2.0
100112527	224486243	2.0
100112527	128416011	2.0
100112527	56771560	2.0
100112527	246346861	2.0
100112527	177697610	2.0
100112527	351351805	2.0
100112527	169284096	2.0
100112527	53122221	2.0
100112527	307341273	2.0
100112527	238192481	2.0
100112527	151792052	2.0
100112527	163409258	2.0
100112527	152125711	2.0
100112527	2931906	2.0
100112527	30862638	2.0
100112527	305459351	2.0
100112527	29834395	2.0
100112527	340478751	2.0
100112527	218638187	2.0
100112527	73254154	2.0
100112527	134622081	2.0
100112527	368877423	2.0
100112527	290702413	1.0
100112527	391583476	1.0
100112527	126177943	1.0
100112527	345672396	1.0
100112527	166278520	1.0
100112527	294217997	1.0
100112527	227709500	1.0
100112527	152590157	1.0
100112527	91738189	1.0
100112527	244215147	1.0
100112527	231826562	1.0
100112527	232750150	1.0
100112527	83760958	1.0
100112527	124851379	1.0
100112527	87487672	1.0
100112527	364674397	1.0
100112527	361386244	1.0
100112527	31210003	1.0
100112527	26255040	1.0
100112527	362945936	1.0
100112527	320712252	1.0
100112527	312116197	1.0
100112527	85751695	1.0
100112527	54862105	1.0
100112527	38966512	1.0
100112527	206242869	1.0
100112527	304932416	1.0
100112527	55976033	1.0
100112527	82448497	1.0
100112527	215859135	1.0
100112527	90338489	1.0
100112527	235049152	1.0
100112527	5912709	1.0
100112527	298925789	1.0
100112527	162063298	1.0
100112527	127522919	1.0
100112527	160536924	1.0
100112527	2595746	1.0
100112527	81274419	1.0
100112527	97689993	1.0
100112527	192130447	1.0
100112527	65284110	1.0
100112527	54099105	1.0
100112527	7167044	1.0
100112527	329206214	1.0
100112527	376284015	1.0
100112527	395984637	1.0
100112527	163716170	1.0
100112527	305662049	1.0
100112527	56893580	1.0
100112527	65102316	1.0
100112527	395122208	1.0
100112527	69467199	1.0
100112527	277043747	1.0
100112527	208701846	1.0
100112527	80404531	1.0
100112527	220512954	1.0
100112527	119381771	1.0
100112527	138735562	1.0
100112527	288229146	1.0
100112527	333549630	1.0
100112527	54511682	1.0
100112527	204455663	1.0
100112527	87904499	1.0
100112527	154659907	1.0
100112527	190487516	1.0
100112527	400121336	1.0
100112527	292794084	1.0
100112527	206940192	1.0
100112527	332162299	1.0
100112527	205297472	1.0
100112527	135241631	1.0
100112527	19245110	1.0
100112527	109992421	1.0
100112527	55824412	1.0
100112527	84728237	1.0
100112527	314491310	1.0
100112527	384663436	1.0
100112527	5863439	1.0
100112527	124421003	1.0
100112527	122883753	1.0
100112527	109096865	1.0
100112527	102000280	1.0
100112527	382395877	1.0
100112527	332041875	1.0
100112527	391784991	1.0
100112527	90562716	1.0
100112527	232226079	1.0
100112527	48363783	1.0
100112527	106246737	1.0
100112527	360046898	1.0
100112527	536049	1.0
100112527	5929719	1.0
100112527	4875351	1.0
100112527	153772585	1.0
100112527	401789995	1.0
100112527	263089716	1.0
100112527	378473294	1.0
100112527	155211396	1.0
100112527	391457747	1.0
100112527	232422889	1.0
100112527	132256901	1.0
100112527	206039127	1.0
100112527	103617048	1.0
100112527	109493941	1.0
100112527	368077950	1.0
100112527	280027539	1.0
100112527	298226003	1.0
100112527	171757357	1.0
100112527	169340620	1.0
100112527	289487626	1.0
100112527	74808864	1.0
100112527	149444161	1.0
100112527	49070398	1.0
100112527	388780793	1.0
100112527	180289639	1.0
100112527	232385868	1.0
100112527	172562851	1.0
100112527	362301633	1.0
100112527	253154067	1.0
100112527	137879434	1.0
100112527	157317686	1.0
100112527	86534556	1.0
100112527	8699546	1.0
100112527	360730212	1.0
100112527	126824244	1.0
100112527	57707822	1.0
100112527	339764158	1.0
100112527	109185453	1.0
