100076491	28462638	64.0
100076491	28462638	54.0
100076491	174106853	46.0
100076491	28462638	44.0
100076491	212321701	42.0
100076491	191963647	42.0
100076491	28462638	34.0
100076491	263983479	24.0
100076491	168348640	22.0
100076491	52504250	20.0
100076491	284175201	20.0
100076491	302207636	20.0
100076491	203815861	20.0
100076491	239130903	20.0
100076491	146125036	19.0
100076491	345094180	18.0
100076491	276883885	18.0
100076491	189679176	18.0
100076491	12865825	17.0
100076491	273770275	17.0
100076491	174106853	16.0
100076491	29324162	16.0
100076491	182370650	16.0
100076491	63582150	16.0
100076491	124741802	15.0
100076491	386545234	15.0
100076491	338469044	15.0
100076491	115997396	15.0
100076491	204697581	15.0
100076491	392956414	14.0
100076491	346506124	14.0
100076491	263983479	14.0
100076491	46166846	14.0
100076491	343109466	14.0
100076491	2355674	13.0
100076491	366600707	13.0
100076491	114960000	13.0
100076491	168348640	12.0
100076491	212321701	12.0
100076491	191963647	12.0
100076491	52504250	10.0
100076491	284175201	10.0
100076491	203815861	10.0
100076491	399693388	10.0
100076491	242311607	9.0
100076491	146125036	9.0
100076491	276883885	8.0
100076491	189679176	8.0
100076491	12865825	7.0
100076491	199325751	7.0
100076491	273770275	7.0
100076491	343058689	6.0
100076491	29324162	6.0
100076491	182370650	6.0
100076491	169422646	6.0
100076491	63582150	6.0
100076491	124741802	5.0
100076491	176771930	5.0
100076491	386545234	5.0
100076491	338469044	5.0
100076491	115997396	5.0
100076491	204697581	5.0
100076491	119857969	5.0
100076491	392956414	4.0
100076491	72577897	4.0
100076491	288969499	4.0
100076491	322123093	4.0
100076491	183442286	4.0
100076491	286297354	4.0
100076491	134701051	4.0
100076491	298135750	4.0
100076491	346506124	4.0
100076491	64463105	4.0
100076491	122935440	4.0
100076491	106793390	4.0
100076491	88098945	4.0
100076491	15828774	4.0
100076491	278071368	4.0
100076491	268995814	4.0
100076491	216957516	4.0
100076491	321769816	4.0
100076491	46166846	4.0
100076491	77234990	4.0
100076491	854292	3.0
100076491	120382757	3.0
100076491	51366529	3.0
100076491	58611085	3.0
100076491	220680250	3.0
100076491	24564369	3.0
100076491	147289515	3.0
100076491	238924178	3.0
100076491	200311996	3.0
100076491	158750942	3.0
100076491	277583825	3.0
100076491	81820466	3.0
100076491	2355674	3.0
100076491	182387614	3.0
100076491	58855938	3.0
100076491	33880058	3.0
100076491	312577482	3.0
100076491	395913318	3.0
100076491	391393060	3.0
100076491	170958010	3.0
100076491	56571788	3.0
100076491	254502768	3.0
100076491	64477732	3.0
100076491	92971003	3.0
100076491	93734321	3.0
100076491	323344696	3.0
100076491	298185077	3.0
100076491	164474478	3.0
100076491	141278088	3.0
100076491	353892394	3.0
100076491	257334141	3.0
100076491	136562473	3.0
100076491	168986378	3.0
100076491	364414207	3.0
100076491	2595152	3.0
100076491	123358863	3.0
100076491	107190604	3.0
100076491	55426449	3.0
100076491	224390742	3.0
100076491	337818926	3.0
100076491	31096184	3.0
100076491	131015043	3.0
100076491	235643062	3.0
100076491	8370660	3.0
100076491	366600707	3.0
100076491	305533685	3.0
100076491	288957420	3.0
100076491	96136602	3.0
100076491	390877180	3.0
100076491	154106661	3.0
100076491	256947363	3.0
100076491	395874824	3.0
100076491	344105586	3.0
100076491	376576486	3.0
100076491	161058358	3.0
100076491	95420279	3.0
100076491	295685630	3.0
100076491	111768478	3.0
100076491	26592872	3.0
100076491	186279228	3.0
100076491	357743048	3.0
100076491	203067131	3.0
100076491	235651410	3.0
100076491	258857965	3.0
100076491	92495463	3.0
100076491	292978966	3.0
100076491	114960000	3.0
100076491	226792876	2.0
100076491	191979511	2.0
100076491	343648891	2.0
100076491	131786712	2.0
100076491	351995019	2.0
100076491	29792063	2.0
100076491	224967374	2.0
100076491	243187427	2.0
100076491	35797681	2.0
100076491	129094232	2.0
100076491	201747337	2.0
100076491	372588365	2.0
100076491	248273866	2.0
100076491	67580199	2.0
100076491	394058395	2.0
100076491	265023126	2.0
100076491	229222269	2.0
100076491	72245859	2.0
100076491	361722312	2.0
100076491	155003510	2.0
100076491	38887476	2.0
100076491	203962468	2.0
100076491	152325970	2.0
100076491	216335824	2.0
100076491	74896940	2.0
100076491	343501738	2.0
100076491	220922897	2.0
100076491	155029459	2.0
100076491	224764013	2.0
100076491	167541102	2.0
100076491	179993150	2.0
100076491	242865212	2.0
100076491	161821819	2.0
100076491	128527910	2.0
100076491	54631150	2.0
100076491	397200039	2.0
100076491	53658544	2.0
100076491	377693935	2.0
100076491	240240075	2.0
100076491	264443924	2.0
100076491	154048442	2.0
100076491	104125499	2.0
100076491	154249205	2.0
100076491	115483107	2.0
100076491	186034728	2.0
100076491	186020203	2.0
100076491	123262542	2.0
100076491	111135372	2.0
100076491	114529951	2.0
100076491	60159142	2.0
100076491	341391066	2.0
100076491	313359110	2.0
100076491	155706506	2.0
100076491	339694011	2.0
100076491	66854985	2.0
100076491	133277615	2.0
100076491	85549240	2.0
100076491	341404094	2.0
100076491	26306149	2.0
100076491	303688301	2.0
100076491	35623620	2.0
100076491	399806259	2.0
100076491	299340962	1.0
100076491	331563625	1.0
100076491	95129380	1.0
100076491	83165205	1.0
100076491	178937405	1.0
100076491	311433807	1.0
100076491	135271876	1.0
100076491	151348418	1.0
100076491	7983025	1.0
100076491	397171682	1.0
100076491	273845257	1.0
100076491	315239254	1.0
100076491	157749659	1.0
100076491	157149059	1.0
100076491	43898336	1.0
100076491	100224483	1.0
100076491	197103180	1.0
100076491	400147136	1.0
100076491	84745713	1.0
100076491	243412009	1.0
100076491	258423449	1.0
100076491	119876395	1.0
100076491	4882750	1.0
100076491	218340295	1.0
100076491	157654485	1.0
100076491	291519708	1.0
100076491	312609375	1.0
100076491	189364005	1.0
100076491	182988159	1.0
100076491	162397869	1.0
100076491	165466927	1.0
100076491	104871610	1.0
100076491	207955353	1.0
100076491	144138196	1.0
100076491	156353029	1.0
100076491	231945200	1.0
100076491	12830818	1.0
100076491	290274305	1.0
100076491	27509781	1.0
100076491	260248770	1.0
100076491	372771794	1.0
100076491	75205807	1.0
100076491	35736639	1.0
100076491	208256342	1.0
100076491	5539948	1.0
100076491	316252641	1.0
100076491	127964608	1.0
100076491	188921634	1.0
100076491	288776632	1.0
100076491	102485999	1.0
100076491	26198426	1.0
100076491	249908774	1.0
100076491	139951012	1.0
100076491	59843244	1.0
100076491	107911865	1.0
100076491	90031302	1.0
100076491	254983722	1.0
100076491	377620188	1.0
100076491	258098443	1.0
100076491	290604774	1.0
100076491	16179063	1.0
100076491	379828742	1.0
100076491	251564765	1.0
100076491	14808001	1.0
100076491	266654234	1.0
100076491	310405085	1.0
100076491	230979449	1.0
100076491	84897983	1.0
100076491	333589910	1.0
100076491	77238046	1.0
100076491	122960420	1.0
100076491	250321544	1.0
100076491	315154657	1.0
100076491	102539114	1.0
100076491	389290428	1.0
100076491	388673496	1.0
100076491	100705867	1.0
100076491	342630519	1.0
100076491	206473678	1.0
100076491	369170564	1.0
100076491	653806	1.0
100076491	287578278	1.0
100076491	26972444	1.0
100076491	136295437	1.0
100076491	185663379	1.0
100076491	68720655	1.0
100076491	296431880	1.0
100076491	345061887	1.0
100076491	263014471	1.0
100076491	81930227	1.0
100076491	229739627	1.0
100076491	259476032	1.0
100076491	11325602	1.0
100076491	348102319	1.0
100076491	55080968	1.0
100076491	245486418	1.0
100076491	204602170	1.0
100076491	66300920	1.0
100076491	26138648	1.0
100076491	263968698	1.0
100076491	281607934	1.0
100076491	319199203	1.0
100076491	44891432	1.0
100076491	403346397	1.0
100076491	179966938	1.0
100076491	49503062	1.0
100076491	186888967	1.0
100076491	319308537	1.0
100076491	266414086	1.0
100076491	355248967	1.0
100076491	218930533	1.0
100076491	381073428	1.0
100076491	137704380	1.0
100076491	32013837	1.0
100076491	45519672	1.0
100076491	218991306	1.0
100076491	302123723	1.0
100076491	246042666	1.0
100076491	60455503	1.0
100076491	345724143	1.0
100076491	193155025	1.0
100076491	175120932	1.0
100076491	14135465	1.0
100076491	162618138	1.0
100076491	169426789	1.0
100076491	177691992	1.0
100076491	336489649	1.0
100076491	173834761	1.0
100076491	35434203	1.0
100076491	360568167	1.0
100076491	23158765	1.0
100076491	257463910	1.0
100076491	269630909	1.0
100076491	325476153	1.0
100076491	67395204	1.0
100076491	354692488	1.0
100076491	367074098	1.0
100076491	105050773	1.0
100076491	326737096	1.0
