100121281	242224586	49.0
100121281	37099853	48.0
100121281	28145579	46.0
100121281	6375163	44.0
100121281	287298326	41.0
100121281	61803987	40.0
100121281	133651557	39.0
100121281	37099853	38.0
100121281	376929314	37.0
100121281	240306080	37.0
100121281	404069319	35.0
100121281	322329370	35.0
100121281	176764040	33.0
100121281	287298326	31.0
100121281	399257411	30.0
100121281	155721659	30.0
100121281	76929075	29.0
100121281	266610092	27.0
100121281	46716473	26.0
100121281	111977190	24.0
100121281	242224586	19.0
100121281	28145579	16.0
100121281	299772765	13.0
100121281	81945967	12.0
100121281	205171980	11.0
100121281	287298326	11.0
100121281	399257411	10.0
100121281	155721659	10.0
100121281	61803987	10.0
100121281	76929075	9.0
100121281	266610092	7.0
100121281	376929314	7.0
100121281	240306080	7.0
100121281	64776321	6.0
100121281	46716473	6.0
100121281	12163426	5.0
100121281	198083851	5.0
100121281	314335150	5.0
100121281	294531710	5.0
100121281	144402037	5.0
100121281	303589589	5.0
100121281	329578017	5.0
100121281	404069319	5.0
100121281	48984907	5.0
100121281	151589904	5.0
100121281	247277147	4.0
100121281	78094453	4.0
100121281	329047530	4.0
100121281	195093435	4.0
100121281	247037441	4.0
100121281	267818285	4.0
100121281	345937494	4.0
100121281	363277235	4.0
100121281	217681317	4.0
100121281	268987658	4.0
100121281	169706454	4.0
100121281	181554611	4.0
100121281	183527226	4.0
100121281	371112471	4.0
100121281	143962103	4.0
100121281	143205504	4.0
100121281	194109912	4.0
100121281	90765065	4.0
100121281	301532195	4.0
100121281	110468974	4.0
100121281	339037838	4.0
100121281	363053368	4.0
100121281	358942854	4.0
100121281	136949488	4.0
100121281	186986303	4.0
100121281	348000781	4.0
100121281	188179122	4.0
100121281	200712059	3.0
100121281	330186624	3.0
100121281	136400892	3.0
100121281	22967916	3.0
100121281	40405160	3.0
100121281	29884705	3.0
100121281	46896571	3.0
100121281	13671130	3.0
100121281	173913336	3.0
100121281	25630241	3.0
100121281	10054861	3.0
100121281	296961660	3.0
100121281	312295863	3.0
100121281	369492495	3.0
100121281	196511421	3.0
100121281	13534112	3.0
100121281	146673636	3.0
100121281	387628878	3.0
100121281	400262265	3.0
100121281	220100694	3.0
100121281	21029633	3.0
100121281	144073082	3.0
100121281	241388469	3.0
100121281	105730080	3.0
100121281	246191183	3.0
100121281	357377727	3.0
100121281	37497385	3.0
100121281	293517202	3.0
100121281	290727306	3.0
100121281	365165814	3.0
100121281	352912326	3.0
100121281	317547773	3.0
100121281	263372322	3.0
100121281	166535947	3.0
100121281	232292099	3.0
100121281	129083626	3.0
100121281	81253507	3.0
100121281	114891579	3.0
100121281	223344668	3.0
100121281	358796930	3.0
100121281	107261462	3.0
100121281	108589843	3.0
100121281	89262815	3.0
100121281	95347182	3.0
100121281	23653069	3.0
100121281	367136139	3.0
100121281	230587895	3.0
100121281	183927988	3.0
100121281	345739632	3.0
100121281	300060001	3.0
100121281	401966088	3.0
100121281	257171258	3.0
100121281	162151966	3.0
100121281	270474678	3.0
100121281	286898350	3.0
100121281	48138584	3.0
100121281	158353649	3.0
100121281	127961266	3.0
100121281	195969740	3.0
100121281	201418850	3.0
100121281	110609270	3.0
100121281	290727258	3.0
100121281	148130928	3.0
100121281	242110463	3.0
100121281	258926049	3.0
100121281	271381904	3.0
100121281	312652874	3.0
100121281	246439150	3.0
100121281	218563664	3.0
100121281	34952844	3.0
100121281	339958507	3.0
100121281	195950957	3.0
100121281	99864318	3.0
100121281	21380388	3.0
100121281	359407870	3.0
100121281	160819870	3.0
100121281	73921664	3.0
100121281	6529319	3.0
100121281	257104809	3.0
100121281	304171820	3.0
100121281	282022109	3.0
100121281	113726424	3.0
100121281	14087919	3.0
100121281	354843270	3.0
100121281	297310376	3.0
100121281	264795995	3.0
100121281	324912351	3.0
100121281	14942293	3.0
100121281	176764040	3.0
100121281	151427612	3.0
100121281	165504670	3.0
100121281	123082951	3.0
100121281	385411761	3.0
100121281	294521358	3.0
100121281	262111554	3.0
100121281	77044116	3.0
100121281	169527832	3.0
100121281	336839038	2.0
100121281	335034116	2.0
100121281	7485493	2.0
100121281	220850746	2.0
100121281	78596388	2.0
100121281	47627841	2.0
100121281	204446146	2.0
100121281	243093942	2.0
100121281	304221348	2.0
100121281	28070180	2.0
100121281	229222156	2.0
100121281	91520195	2.0
100121281	221256203	2.0
100121281	339493963	2.0
100121281	228337878	2.0
100121281	165533216	2.0
100121281	172535084	2.0
100121281	277119563	2.0
100121281	24212002	2.0
100121281	143996904	2.0
100121281	160849931	2.0
100121281	164613416	2.0
100121281	18503828	2.0
100121281	102283489	2.0
100121281	272465418	2.0
100121281	292959494	2.0
100121281	94265338	2.0
100121281	133044703	2.0
100121281	146976171	2.0
100121281	125822359	2.0
100121281	191303216	2.0
100121281	33543547	2.0
100121281	334351497	2.0
100121281	247894113	2.0
100121281	193057533	2.0
100121281	276866194	2.0
100121281	17616723	2.0
100121281	323494010	2.0
100121281	145875902	2.0
100121281	68767735	2.0
100121281	359830684	2.0
100121281	184562569	2.0
100121281	403290	2.0
100121281	79446881	2.0
100121281	398005698	2.0
100121281	341494981	2.0
100121281	191341725	2.0
100121281	388234296	2.0
100121281	318058915	2.0
100121281	113948399	2.0
100121281	68135578	2.0
100121281	366630880	2.0
100121281	233916864	2.0
100121281	309362601	2.0
100121281	153135266	2.0
100121281	377407667	2.0
100121281	299956640	2.0
100121281	276091803	2.0
100121281	101839531	2.0
100121281	383789626	2.0
100121281	377357538	2.0
100121281	415396	2.0
100121281	390963988	2.0
100121281	132741950	2.0
100121281	152666814	2.0
100121281	209535511	2.0
100121281	250171081	2.0
100121281	16217554	2.0
100121281	330753574	2.0
100121281	69950423	2.0
100121281	122631195	2.0
100121281	177309522	2.0
100121281	335771075	2.0
100121281	307151557	2.0
100121281	228439088	2.0
100121281	74800159	2.0
100121281	36407066	2.0
100121281	262624507	2.0
100121281	79566941	2.0
100121281	377244011	2.0
100121281	274614261	2.0
100121281	141430905	2.0
100121281	53795505	2.0
100121281	280069887	2.0
100121281	129471992	2.0
100121281	303352841	2.0
100121281	53069458	2.0
100121281	310313824	2.0
100121281	169454060	2.0
100121281	5800011	2.0
100121281	186860147	2.0
100121281	2088188	2.0
100121281	4735095	2.0
100121281	180782183	2.0
100121281	155028114	2.0
100121281	46065475	2.0
100121281	221935359	2.0
100121281	192851760	2.0
100121281	339726419	2.0
100121281	155226915	2.0
100121281	145933388	2.0
100121281	235968892	2.0
100121281	127388331	2.0
100121281	301609179	2.0
100121281	310507899	2.0
100121281	48026310	2.0
100121281	342345036	2.0
100121281	178817907	2.0
100121281	126019126	2.0
100121281	404298685	2.0
100121281	88208446	2.0
100121281	269309648	2.0
100121281	354884988	2.0
100121281	103414541	2.0
100121281	196179446	2.0
100121281	221887716	2.0
100121281	100925594	2.0
100121281	41682986	2.0
100121281	364153085	2.0
100121281	30075377	2.0
100121281	54183198	2.0
100121281	297116810	2.0
100121281	139660841	2.0
100121281	102195276	2.0
100121281	109580319	2.0
100121281	7107186	2.0
100121281	63132123	2.0
100121281	94692653	2.0
100121281	156198304	2.0
100121281	339766491	2.0
100121281	65195594	2.0
100121281	118082757	2.0
100121281	182454949	2.0
100121281	317155354	2.0
100121281	92088522	2.0
100121281	148619488	2.0
100121281	58866306	2.0
100121281	355228430	2.0
100121281	21725328	2.0
100121281	195247169	2.0
100121281	47230757	2.0
100121281	257286979	2.0
100121281	64314175	2.0
100121281	200102417	2.0
100121281	389453225	2.0
100121281	11595224	2.0
100121281	277538608	2.0
100121281	374899766	2.0
100121281	395159233	2.0
100121281	383792202	2.0
100121281	343439274	2.0
100121281	46086316	2.0
100121281	158631210	2.0
100121281	218852671	2.0
100121281	281779470	2.0
100121281	59282528	2.0
100121281	156047018	2.0
100121281	185394715	2.0
100121281	203293252	2.0
100121281	398871423	2.0
100121281	97357743	2.0
100121281	13526828	1.0
100121281	190414951	1.0
100121281	196051429	1.0
100121281	51193695	1.0
100121281	307640739	1.0
100121281	17562282	1.0
100121281	398984792	1.0
100121281	381692525	1.0
100121281	162017673	1.0
100121281	144710964	1.0
100121281	213038347	1.0
100121281	119742762	1.0
100121281	118291879	1.0
100121281	9530449	1.0
100121281	350820435	1.0
100121281	385068306	1.0
100121281	113734464	1.0
100121281	262481777	1.0
100121281	379053148	1.0
100121281	97728812	1.0
100121281	160399779	1.0
100121281	121139895	1.0
100121281	182093627	1.0
100121281	151403103	1.0
100121281	3491675	1.0
100121281	299558031	1.0
100121281	120183505	1.0
100121281	117324901	1.0
100121281	385604673	1.0
100121281	68922513	1.0
100121281	262493970	1.0
100121281	375899723	1.0
100121281	53555356	1.0
100121281	365405107	1.0
100121281	77892891	1.0
100121281	191425211	1.0
100121281	188302483	1.0
100121281	386629087	1.0
100121281	280524879	1.0
100121281	301736723	1.0
100121281	287702406	1.0
100121281	246956189	1.0
100121281	239604707	1.0
100121281	92401255	1.0
100121281	91492005	1.0
100121281	193955758	1.0
100121281	383218848	1.0
100121281	97063600	1.0
100121281	44073789	1.0
100121281	261425032	1.0
100121281	144955392	1.0
100121281	84012136	1.0
100121281	376243484	1.0
100121281	264328657	1.0
100121281	17292222	1.0
100121281	35269053	1.0
100121281	198780892	1.0
100121281	54867250	1.0
100121281	128613931	1.0
100121281	162792819	1.0
100121281	376041142	1.0
100121281	338918647	1.0
100121281	224936017	1.0
100121281	380797554	1.0
100121281	277134479	1.0
100121281	300781661	1.0
100121281	192384667	1.0
100121281	242793426	1.0
100121281	148661794	1.0
100121281	67486746	1.0
100121281	149227391	1.0
100121281	357337048	1.0
100121281	77286906	1.0
100121281	259172228	1.0
100121281	184890514	1.0
100121281	186049780	1.0
100121281	281429969	1.0
100121281	220296337	1.0
100121281	394924126	1.0
100121281	159823127	1.0
100121281	393301758	1.0
100121281	249441342	1.0
100121281	240164168	1.0
100121281	168957390	1.0
100121281	337811565	1.0
100121281	177796605	1.0
100121281	386936270	1.0
100121281	388719621	1.0
100121281	54991820	1.0
100121281	380722740	1.0
100121281	89630226	1.0
100121281	372456836	1.0
100121281	21077732	1.0
100121281	217775579	1.0
100121281	369371754	1.0
100121281	72887050	1.0
100121281	213817840	1.0
100121281	28002179	1.0
100121281	261455998	1.0
100121281	340887279	1.0
100121281	212054370	1.0
100121281	394358809	1.0
100121281	244412657	1.0
100121281	399317351	1.0
100121281	2605478	1.0
100121281	328310236	1.0
100121281	34102362	1.0
100121281	93703728	1.0
100121281	66104576	1.0
100121281	99616738	1.0
100121281	39915393	1.0
100121281	320469740	1.0
100121281	345842992	1.0
100121281	74643416	1.0
100121281	28695068	1.0
100121281	149127045	1.0
100121281	333364792	1.0
100121281	396153001	1.0
100121281	71319432	1.0
100121281	370087567	1.0
100121281	33018440	1.0
100121281	219163267	1.0
100121281	183047974	1.0
100121281	56220142	1.0
100121281	175475902	1.0
100121281	126996827	1.0
100121281	378505955	1.0
100121281	184016764	1.0
100121281	333314083	1.0
100121281	201270532	1.0
100121281	263698994	1.0
100121281	158683344	1.0
100121281	1748343	1.0
100121281	310720160	1.0
100121281	211351905	1.0
100121281	232352070	1.0
100121281	172320848	1.0
100121281	54397744	1.0
100121281	269932540	1.0
100121281	322671429	1.0
100121281	357628777	1.0
100121281	202372279	1.0
100121281	78796376	1.0
100121281	32153692	1.0
100121281	341830482	1.0
100121281	254120327	1.0
100121281	147038293	1.0
100121281	348489617	1.0
100121281	291047489	1.0
100121281	380862427	1.0
100121281	362178433	1.0
100121281	45394713	1.0
100121281	4088788	1.0
100121281	206661890	1.0
100121281	49434866	1.0
100121281	112984288	1.0
100121281	182348034	1.0
100121281	275691780	1.0
100121281	128929028	1.0
100121281	162771801	1.0
100121281	76112253	1.0
100121281	280311713	1.0
100121281	139440570	1.0
100121281	198648339	1.0
100121281	42444067	1.0
100121281	127654750	1.0
100121281	293252889	1.0
100121281	219819589	1.0
100121281	220511716	1.0
100121281	400180492	1.0
100121281	169214531	1.0
100121281	92964928	1.0
100121281	230174276	1.0
100121281	75051620	1.0
100121281	270743160	1.0
100121281	3929650	1.0
100121281	375958956	1.0
100121281	125370722	1.0
100121281	88872807	1.0
100121281	251808174	1.0
100121281	417912	1.0
100121281	116080141	1.0
100121281	196280049	1.0
100121281	388894514	1.0
100121281	21704993	1.0
100121281	190449774	1.0
100121281	21595779	1.0
100121281	122700342	1.0
100121281	202300639	1.0
100121281	242343129	1.0
100121281	404357297	1.0
100121281	371198089	1.0
100121281	219105682	1.0
100121281	70223040	1.0
100121281	334715411	1.0
100121281	270371380	1.0
100121281	296786777	1.0
100121281	338178906	1.0
100121281	148461528	1.0
100121281	24588273	1.0
100121281	300909706	1.0
100121281	310313544	1.0
100121281	161255134	1.0
100121281	380070347	1.0
100121281	330750788	1.0
100121281	272979770	1.0
100121281	366057909	1.0
100121281	326920018	1.0
100121281	303799650	1.0
100121281	100530201	1.0
100121281	33373838	1.0
100121281	195060082	1.0
100121281	271184275	1.0
100121281	54433499	1.0
100121281	138097590	1.0
100121281	342372325	1.0
100121281	387666828	1.0
100121281	360812438	1.0
100121281	31757532	1.0
100121281	341171379	1.0
100121281	95158450	1.0
100121281	166005853	1.0
100121281	266675277	1.0
100121281	322677587	1.0
100121281	346650798	1.0
100121281	383455686	1.0
100121281	164709093	1.0
100121281	238670119	1.0
100121281	205505254	1.0
100121281	289684891	1.0
100121281	302917576	1.0
100121281	393209354	1.0
100121281	300394857	1.0
100121281	395015937	1.0
100121281	58119340	1.0
100121281	357208737	1.0
