100068031	254127882	43.0
100068031	217620949	42.0
100068031	250636264	41.0
100068031	97781635	41.0
100068031	36925766	36.0
100068031	77022368	34.0
100068031	258127920	33.0
100068031	250636264	31.0
100068031	7689526	31.0
100068031	187577314	27.0
100068031	150442941	26.0
100068031	102448108	25.0
100068031	296527651	25.0
100068031	254127882	13.0
100068031	217620949	12.0
100068031	365895002	11.0
100068031	97781635	11.0
100068031	55633951	8.0
100068031	303580397	7.0
100068031	187577314	7.0
100068031	150442941	6.0
100068031	36925766	6.0
100068031	1500617	5.0
100068031	239537665	5.0
100068031	37252707	5.0
100068031	102448108	5.0
100068031	35891330	5.0
100068031	315643365	5.0
100068031	109121769	4.0
100068031	134749334	4.0
100068031	112284760	4.0
100068031	391834640	4.0
100068031	77022368	4.0
100068031	144421765	4.0
100068031	29057984	4.0
100068031	396971175	3.0
100068031	209383858	3.0
100068031	394327226	3.0
100068031	175477880	3.0
100068031	17625952	3.0
100068031	203452706	3.0
100068031	247817092	3.0
100068031	264183009	3.0
100068031	330679021	3.0
100068031	53199958	3.0
100068031	315068224	3.0
100068031	41070556	3.0
100068031	237813276	3.0
100068031	158620708	3.0
100068031	317874691	3.0
100068031	36153140	3.0
100068031	348308339	3.0
100068031	56534263	3.0
100068031	73946922	3.0
100068031	36343325	3.0
100068031	398876711	3.0
100068031	140503870	3.0
100068031	255364532	3.0
100068031	29461090	3.0
100068031	396381058	3.0
100068031	82673334	3.0
100068031	258127920	3.0
100068031	40841338	3.0
100068031	23465458	3.0
100068031	395786032	3.0
100068031	222220729	3.0
100068031	372335629	3.0
100068031	34948431	3.0
100068031	235862645	3.0
100068031	173381299	3.0
100068031	12489944	3.0
100068031	280436962	3.0
100068031	18403355	3.0
100068031	388230080	3.0
100068031	141287533	3.0
100068031	147915671	3.0
100068031	380847306	3.0
100068031	102155101	3.0
100068031	226736287	3.0
100068031	368555026	3.0
100068031	873745	3.0
100068031	323813905	3.0
100068031	27067792	3.0
100068031	283187728	3.0
100068031	146219781	2.0
100068031	24405642	2.0
100068031	340626017	2.0
100068031	164719579	2.0
100068031	79239252	2.0
100068031	400721104	2.0
100068031	158741678	2.0
100068031	190075296	2.0
100068031	5812063	2.0
100068031	1391883	2.0
100068031	176277477	2.0
100068031	298622907	2.0
100068031	193025176	2.0
100068031	318079347	2.0
100068031	50961935	2.0
100068031	41539905	2.0
100068031	168463559	2.0
100068031	402626093	2.0
100068031	72451347	2.0
100068031	184108501	2.0
100068031	309193663	2.0
100068031	285473304	2.0
100068031	219802482	2.0
100068031	377060433	2.0
100068031	318618469	2.0
100068031	99082717	2.0
100068031	326985468	2.0
100068031	222558510	2.0
100068031	244612308	2.0
100068031	260830386	2.0
100068031	309397585	2.0
100068031	332024681	2.0
100068031	342342248	2.0
100068031	223069566	2.0
100068031	309724894	2.0
100068031	45395880	2.0
100068031	321301391	2.0
100068031	391183922	2.0
100068031	36747439	2.0
100068031	286429789	1.0
100068031	98517695	1.0
100068031	226812456	1.0
100068031	251434153	1.0
100068031	333799695	1.0
100068031	277547183	1.0
100068031	331368501	1.0
100068031	20157319	1.0
100068031	6439804	1.0
100068031	171197008	1.0
100068031	119084073	1.0
100068031	70207999	1.0
100068031	196044593	1.0
100068031	372269188	1.0
100068031	174737964	1.0
100068031	107632974	1.0
100068031	375239920	1.0
100068031	291916398	1.0
100068031	361535221	1.0
100068031	375891856	1.0
100068031	225130052	1.0
100068031	85682727	1.0
100068031	62199915	1.0
100068031	1977352	1.0
100068031	7881032	1.0
100068031	371145374	1.0
100068031	326958270	1.0
100068031	24613493	1.0
100068031	387629503	1.0
100068031	332427144	1.0
100068031	236312871	1.0
100068031	78955340	1.0
100068031	192788245	1.0
100068031	81681251	1.0
100068031	358223498	1.0
100068031	66637813	1.0
100068031	64269285	1.0
100068031	134223512	1.0
100068031	67834973	1.0
100068031	363675158	1.0
100068031	286141563	1.0
100068031	353948465	1.0
100068031	371754526	1.0
100068031	33837183	1.0
100068031	377056172	1.0
100068031	165127749	1.0
100068031	66654062	1.0
100068031	308148888	1.0
100068031	103662408	1.0
100068031	351617502	1.0
100068031	59426911	1.0
100068031	300038384	1.0
100068031	225356158	1.0
100068031	152618790	1.0
100068031	28675066	1.0
100068031	331212270	1.0
100068031	249200519	1.0
100068031	354519206	1.0
100068031	273494141	1.0
100068031	38080682	1.0
100068031	134638217	1.0
100068031	265554505	1.0
100068031	18513498	1.0
100068031	367054865	1.0
100068031	104859227	1.0
100068031	265154400	1.0
100068031	225206999	1.0
100068031	353083781	1.0
100068031	829050	1.0
100068031	236970302	1.0
100068031	41225200	1.0
100068031	83285155	1.0
100068031	83962986	1.0
100068031	293744081	1.0
100068031	296963569	1.0
100068031	35386640	1.0
100068031	131609926	1.0
100068031	370448794	1.0
100068031	404365544	1.0
100068031	359160282	1.0
100068031	303005982	1.0
100068031	292335356	1.0
100068031	180053509	1.0
100068031	80207620	1.0
100068031	191645973	1.0
100068031	99678126	1.0
100068031	382450582	1.0
100068031	115077614	1.0
100068031	215355147	1.0
100068031	193039837	1.0
