10011993	243558795	52.0
10011993	292376176	51.0
10011993	376967652	50.0
10011993	245242187	50.0
10011993	400063056	47.0
10011993	66779702	45.0
10011993	195726977	44.0
10011993	57517394	43.0
10011993	243558795	42.0
10011993	393859535	42.0
10011993	292376176	41.0
10011993	63197516	41.0
10011993	245242187	40.0
10011993	385838232	39.0
10011993	283149593	39.0
10011993	201826483	38.0
10011993	245266847	38.0
10011993	35096600	37.0
10011993	19117587	37.0
10011993	316010158	36.0
10011993	57517394	33.0
10011993	300165284	32.0
10011993	63197516	31.0
10011993	236464781	31.0
10011993	22750583	29.0
10011993	385838232	29.0
10011993	54669811	28.0
10011993	105157483	28.0
10011993	201826483	28.0
10011993	393950429	28.0
10011993	259533984	28.0
10011993	374015435	28.0
10011993	64279707	27.0
10011993	311147043	27.0
10011993	348715262	27.0
10011993	19725902	27.0
10011993	375760128	27.0
10011993	103248948	26.0
10011993	275130285	26.0
10011993	393563764	26.0
10011993	383983389	26.0
10011993	251264482	26.0
10011993	70525373	26.0
10011993	48953980	25.0
10011993	398411617	25.0
10011993	192917953	25.0
10011993	248224426	25.0
10011993	112216472	25.0
10011993	170261791	25.0
10011993	44560528	25.0
10011993	114699070	25.0
10011993	249704583	25.0
10011993	161325453	25.0
10011993	4342614	25.0
10011993	112756568	25.0
10011993	166791892	25.0
10011993	71382075	25.0
10011993	142720896	25.0
10011993	296009751	24.0
10011993	259439008	24.0
10011993	393366025	24.0
10011993	98324577	24.0
10011993	11721142	24.0
10011993	32638195	24.0
10011993	159088390	24.0
10011993	341254389	24.0
10011993	353454124	23.0
10011993	270789963	23.0
10011993	117413545	23.0
10011993	249751096	23.0
10011993	16367435	23.0
10011993	382377596	23.0
10011993	269562042	23.0
10011993	263288683	23.0
10011993	269198752	23.0
10011993	214471920	23.0
10011993	288206592	23.0
10011993	81781854	23.0
10011993	243558795	22.0
10011993	20656531	22.0
10011993	320941639	22.0
10011993	233374798	22.0
10011993	292376176	21.0
10011993	376967652	20.0
10011993	245242187	20.0
10011993	206071049	18.0
10011993	400063056	17.0
10011993	66779702	15.0
10011993	195726977	14.0
10011993	57517394	13.0
10011993	300165284	12.0
10011993	393859535	12.0
10011993	63197516	11.0
10011993	236464781	11.0
10011993	22750583	9.0
10011993	54669811	8.0
10011993	105157483	8.0
10011993	201826483	8.0
10011993	393950429	8.0
10011993	259533984	8.0
10011993	374015435	8.0
10011993	378491416	8.0
10011993	245266847	8.0
10011993	64279707	7.0
10011993	35096600	7.0
10011993	19725902	7.0
10011993	375760128	7.0
10011993	106398963	7.0
10011993	103248948	6.0
10011993	275130285	6.0
10011993	393563764	6.0
10011993	316010158	6.0
10011993	251264482	6.0
10011993	218737896	6.0
10011993	70525373	6.0
10011993	243462562	6.0
10011993	238240469	5.0
10011993	209343119	5.0
10011993	398411617	5.0
10011993	192917953	5.0
10011993	331042865	5.0
10011993	248224426	5.0
10011993	112216472	5.0
10011993	170261791	5.0
10011993	21227325	5.0
10011993	239238641	5.0
10011993	44560528	5.0
10011993	8683794	5.0
10011993	114699070	5.0
10011993	284159869	5.0
10011993	249704583	5.0
10011993	161325453	5.0
10011993	68504107	5.0
10011993	4342614	5.0
10011993	112756568	5.0
10011993	166791892	5.0
10011993	351998466	5.0
10011993	142720896	5.0
10011993	231292939	4.0
10011993	376995832	4.0
10011993	266326520	4.0
10011993	348036671	4.0
10011993	34237855	4.0
10011993	268899540	4.0
10011993	214516743	4.0
10011993	365360957	4.0
10011993	22194768	4.0
10011993	94830771	4.0
10011993	211149409	4.0
10011993	272184631	4.0
10011993	46945434	4.0
10011993	55900913	4.0
10011993	193954694	4.0
10011993	5565137	4.0
10011993	259439008	4.0
10011993	88517400	4.0
10011993	161313559	4.0
10011993	179332970	4.0
10011993	209777635	4.0
10011993	280928408	4.0
10011993	103125650	4.0
10011993	359362039	4.0
10011993	257403188	4.0
10011993	393366025	4.0
10011993	365182638	4.0
10011993	57691932	4.0
10011993	85854614	4.0
10011993	98324577	4.0
10011993	11721142	4.0
10011993	32638195	4.0
10011993	357064043	4.0
10011993	360626266	4.0
10011993	307846343	4.0
10011993	159088390	4.0
10011993	217534377	4.0
10011993	196065538	4.0
10011993	399271293	4.0
10011993	185439123	4.0
10011993	21083960	4.0
10011993	179180477	4.0
10011993	294461343	4.0
10011993	275883471	4.0
10011993	341254389	4.0
10011993	114093784	4.0
10011993	111107478	4.0
10011993	298774792	3.0
10011993	130275093	3.0
10011993	100291988	3.0
10011993	94332126	3.0
10011993	399255321	3.0
10011993	134336932	3.0
10011993	170839142	3.0
10011993	280432827	3.0
10011993	403459169	3.0
10011993	10318936	3.0
10011993	270789963	3.0
10011993	254332410	3.0
10011993	239155212	3.0
10011993	382147514	3.0
10011993	143420851	3.0
10011993	274592542	3.0
10011993	133262544	3.0
10011993	115649693	3.0
10011993	380449186	3.0
10011993	11761383	3.0
10011993	334888423	3.0
10011993	326960285	3.0
10011993	326123043	3.0
10011993	66793144	3.0
10011993	398681810	3.0
10011993	337158401	3.0
10011993	18962667	3.0
10011993	109583187	3.0
10011993	45007087	3.0
10011993	235159823	3.0
10011993	255321908	3.0
10011993	249751096	3.0
10011993	345970883	3.0
10011993	106690269	3.0
10011993	120554342	3.0
10011993	16367435	3.0
10011993	59194870	3.0
10011993	269562042	3.0
10011993	340649708	3.0
10011993	263288683	3.0
10011993	40492988	3.0
10011993	57275572	3.0
10011993	178529554	3.0
10011993	231374311	3.0
10011993	18347996	3.0
10011993	240199825	3.0
10011993	176207291	3.0
10011993	202821574	3.0
10011993	134754868	3.0
10011993	18676282	3.0
10011993	164562954	3.0
10011993	305855972	3.0
10011993	26004844	3.0
10011993	26067496	3.0
10011993	263546370	3.0
10011993	220933881	3.0
10011993	196149313	3.0
10011993	95112065	3.0
10011993	191720741	3.0
10011993	239011213	3.0
10011993	157613640	3.0
10011993	113420501	3.0
10011993	68879497	3.0
10011993	291177632	3.0
10011993	182406738	3.0
10011993	133265256	3.0
10011993	236523151	3.0
10011993	130172019	3.0
10011993	360194930	3.0
10011993	27895932	3.0
10011993	153248151	3.0
10011993	22867909	3.0
10011993	305942414	3.0
10011993	383966564	3.0
10011993	98636568	3.0
10011993	103057157	3.0
10011993	214471920	3.0
10011993	163770886	3.0
10011993	288206592	3.0
10011993	310500835	3.0
10011993	81546455	3.0
10011993	294983032	3.0
10011993	367144552	3.0
10011993	129696862	3.0
10011993	79097044	3.0
10011993	234242223	3.0
10011993	320042628	3.0
10011993	226374605	3.0
10011993	285129628	3.0
10011993	268573647	3.0
10011993	203429025	2.0
10011993	175734084	2.0
10011993	401530161	2.0
10011993	390406695	2.0
10011993	34141162	2.0
10011993	45819264	2.0
10011993	248721507	2.0
10011993	311401775	2.0
10011993	395370071	2.0
10011993	133924663	2.0
10011993	160558651	2.0
10011993	240577354	2.0
10011993	97025363	2.0
10011993	303111181	2.0
10011993	372995322	2.0
10011993	13067602	2.0
10011993	69365698	2.0
10011993	214384071	2.0
10011993	49976128	2.0
10011993	227331446	2.0
10011993	45662693	2.0
10011993	206717036	2.0
10011993	107421143	2.0
10011993	349381272	2.0
10011993	82865422	2.0
10011993	12543843	2.0
10011993	403532619	2.0
10011993	40296975	2.0
10011993	135052201	2.0
10011993	1719385	2.0
10011993	145838783	2.0
10011993	392827016	2.0
10011993	8799693	2.0
10011993	8882205	2.0
10011993	195579191	2.0
10011993	375963499	2.0
10011993	153910710	2.0
10011993	12666473	2.0
10011993	63909414	2.0
10011993	288052252	2.0
10011993	276095506	2.0
10011993	299582358	2.0
10011993	275741480	2.0
10011993	163424309	2.0
10011993	335674022	2.0
10011993	394219526	2.0
10011993	156892945	2.0
10011993	347659043	2.0
10011993	120808653	2.0
10011993	176616895	2.0
10011993	316493491	2.0
10011993	188334259	2.0
10011993	230070976	2.0
10011993	51267923	2.0
10011993	341254772	2.0
10011993	266922867	2.0
10011993	273989844	2.0
10011993	158973092	2.0
10011993	319804251	2.0
10011993	194537976	2.0
10011993	334133672	2.0
10011993	116008703	2.0
10011993	132992734	2.0
10011993	299241345	2.0
10011993	54216479	2.0
10011993	44433942	2.0
10011993	250019181	2.0
10011993	223076723	2.0
10011993	51754307	2.0
10011993	20813394	2.0
10011993	179735797	2.0
10011993	239765954	2.0
10011993	341552759	2.0
10011993	174861729	2.0
10011993	202550104	2.0
10011993	88642871	2.0
10011993	401691398	2.0
10011993	386337510	2.0
10011993	316443354	2.0
10011993	296115926	2.0
10011993	68510250	2.0
10011993	368815276	2.0
10011993	99027772	2.0
10011993	153826841	2.0
10011993	243273308	2.0
10011993	109360949	2.0
10011993	297910414	2.0
10011993	29014080	2.0
10011993	118389441	2.0
10011993	208697819	2.0
10011993	3378105	2.0
10011993	15388198	2.0
10011993	290346951	2.0
10011993	392376299	2.0
10011993	370626465	2.0
10011993	212058710	2.0
10011993	33048270	2.0
10011993	301559478	2.0
10011993	150534674	2.0
10011993	113661604	2.0
10011993	374863916	2.0
10011993	311550848	2.0
10011993	171239353	2.0
10011993	93986063	2.0
10011993	38055276	2.0
10011993	314686566	2.0
10011993	221869862	2.0
10011993	346504209	2.0
10011993	295402433	2.0
10011993	24470489	2.0
10011993	82764812	2.0
10011993	383449796	2.0
10011993	179480219	2.0
10011993	123146670	2.0
10011993	98512051	2.0
10011993	179786724	2.0
10011993	334212191	2.0
10011993	196895368	2.0
10011993	371573608	2.0
10011993	85327087	2.0
10011993	175611423	2.0
10011993	393981574	2.0
10011993	153286349	2.0
10011993	70135684	2.0
10011993	332391413	2.0
10011993	3258809	2.0
10011993	134119432	2.0
10011993	251306799	2.0
10011993	21144113	2.0
10011993	299874445	2.0
10011993	60556337	2.0
10011993	6728191	2.0
10011993	138930077	2.0
10011993	212079674	2.0
10011993	247894044	2.0
10011993	217391882	2.0
10011993	276390765	2.0
10011993	195070325	2.0
10011993	112096057	2.0
10011993	361195488	2.0
10011993	161582718	2.0
10011993	39999340	2.0
10011993	388852089	2.0
10011993	389133672	2.0
10011993	62218114	2.0
10011993	17700910	2.0
10011993	39592100	2.0
10011993	322920550	2.0
10011993	293593385	2.0
10011993	329646487	2.0
10011993	339003043	2.0
10011993	314791636	2.0
10011993	106076469	2.0
10011993	127262960	2.0
10011993	200564902	2.0
10011993	164047906	2.0
10011993	233479378	2.0
10011993	3704901	2.0
10011993	223353284	2.0
10011993	147105316	2.0
10011993	396843324	2.0
10011993	63210867	2.0
10011993	173095649	2.0
10011993	119576628	2.0
10011993	398347449	2.0
10011993	79356457	2.0
10011993	121384226	2.0
10011993	192838334	2.0
10011993	352465050	2.0
10011993	238805268	2.0
10011993	162112491	2.0
10011993	255835995	2.0
10011993	20371190	2.0
10011993	220901978	2.0
10011993	321792003	2.0
10011993	378264980	2.0
10011993	183036955	2.0
10011993	236193411	2.0
10011993	86167113	2.0
10011993	259161091	2.0
10011993	368841708	2.0
10011993	7239321	2.0
10011993	315869043	2.0
10011993	109537092	2.0
10011993	298080580	2.0
10011993	15410023	2.0
10011993	365276950	2.0
10011993	356200694	2.0
10011993	66824494	2.0
10011993	319764576	2.0
10011993	371413400	2.0
10011993	117499830	2.0
10011993	302427966	2.0
10011993	19440058	2.0
10011993	205858337	2.0
10011993	65548664	2.0
10011993	59020787	2.0
10011993	118204760	2.0
10011993	134492828	2.0
10011993	118385461	2.0
10011993	37072313	2.0
10011993	212294509	2.0
10011993	197366188	2.0
10011993	83831794	2.0
10011993	351809611	2.0
10011993	404447175	2.0
10011993	39332157	2.0
10011993	86248461	2.0
10011993	206650822	2.0
10011993	39647803	2.0
10011993	299794482	2.0
10011993	341944190	2.0
10011993	333594581	2.0
10011993	380599572	2.0
10011993	100188039	2.0
10011993	392227641	2.0
10011993	119576310	2.0
10011993	77402066	2.0
10011993	124558152	2.0
10011993	262281553	2.0
10011993	219623758	2.0
10011993	190724195	2.0
10011993	148528649	2.0
10011993	177877477	2.0
10011993	348345059	2.0
10011993	315707362	2.0
10011993	55915004	2.0
10011993	186639118	2.0
10011993	74482281	2.0
10011993	320941639	2.0
10011993	295732704	2.0
10011993	213088198	2.0
10011993	52482841	2.0
10011993	282401315	2.0
10011993	102601360	2.0
10011993	143435679	2.0
10011993	385168506	2.0
10011993	200012652	2.0
10011993	33942277	2.0
10011993	228754898	2.0
10011993	376376110	2.0
10011993	137681170	2.0
10011993	20862061	2.0
10011993	175838715	2.0
10011993	129715376	2.0
10011993	295145440	2.0
10011993	153870515	2.0
10011993	174762159	2.0
10011993	122379331	2.0
10011993	217759379	2.0
10011993	12146832	2.0
10011993	323261206	2.0
10011993	155503286	2.0
10011993	154125519	2.0
10011993	88983303	2.0
10011993	211215108	2.0
10011993	148606390	2.0
10011993	217644924	2.0
10011993	73726431	2.0
10011993	191509576	2.0
10011993	272103172	2.0
10011993	118930158	2.0
10011993	335337538	2.0
10011993	26200534	2.0
10011993	322102408	2.0
10011993	97963564	2.0
10011993	17578376	2.0
10011993	83944943	2.0
10011993	92243714	2.0
10011993	294671494	2.0
10011993	115989988	2.0
10011993	13609237	2.0
10011993	50915145	2.0
10011993	263676452	2.0
10011993	162355736	2.0
10011993	358800015	2.0
10011993	349263884	2.0
10011993	166002478	2.0
10011993	107861238	2.0
10011993	185251338	2.0
10011993	369693729	2.0
10011993	34567996	2.0
10011993	291790219	2.0
10011993	388183202	2.0
10011993	363481166	2.0
10011993	248344519	2.0
10011993	190613343	2.0
10011993	101707538	2.0
10011993	185204269	2.0
10011993	264226227	2.0
10011993	354233702	2.0
10011993	91916035	2.0
10011993	206890538	2.0
10011993	79990818	2.0
10011993	49321302	2.0
10011993	104142458	2.0
10011993	180871336	2.0
10011993	210636732	2.0
10011993	343495388	2.0
10011993	263205772	2.0
10011993	22469824	2.0
10011993	137028361	2.0
10011993	23405096	2.0
10011993	96416768	2.0
10011993	165804486	2.0
10011993	232853602	2.0
10011993	358739008	2.0
10011993	233158392	2.0
10011993	402700528	2.0
10011993	173082767	2.0
10011993	126580635	2.0
10011993	102897007	2.0
10011993	161373599	2.0
10011993	187322237	2.0
10011993	354464965	2.0
10011993	196205556	2.0
10011993	285336111	2.0
10011993	29144079	2.0
10011993	339456922	2.0
10011993	215260621	2.0
10011993	341158187	2.0
10011993	370050137	2.0
10011993	63541858	2.0
10011993	273122965	2.0
10011993	178719369	2.0
10011993	215654212	2.0
10011993	394218115	1.0
10011993	77269186	1.0
10011993	363660663	1.0
10011993	181810999	1.0
10011993	320980618	1.0
10011993	249048784	1.0
10011993	118596380	1.0
10011993	137373602	1.0
10011993	286529703	1.0
10011993	139836586	1.0
10011993	331694760	1.0
10011993	1284287	1.0
10011993	135961902	1.0
10011993	33644796	1.0
10011993	132120956	1.0
10011993	376272630	1.0
10011993	187621513	1.0
10011993	178853021	1.0
10011993	304235745	1.0
10011993	219558288	1.0
10011993	37991180	1.0
10011993	134356416	1.0
10011993	272190116	1.0
10011993	200247545	1.0
10011993	177602813	1.0
10011993	115778202	1.0
10011993	163756991	1.0
10011993	110559217	1.0
10011993	77135480	1.0
10011993	119890470	1.0
10011993	44653147	1.0
10011993	212782787	1.0
10011993	109561329	1.0
10011993	56710962	1.0
10011993	144934492	1.0
10011993	107492792	1.0
10011993	326565056	1.0
10011993	64727375	1.0
10011993	145567526	1.0
10011993	340934227	1.0
10011993	301736723	1.0
10011993	279116063	1.0
10011993	387828497	1.0
10011993	132760831	1.0
10011993	171338071	1.0
10011993	11261442	1.0
10011993	144000540	1.0
10011993	7177027	1.0
10011993	137768298	1.0
10011993	86184213	1.0
10011993	55330639	1.0
10011993	18694794	1.0
10011993	310440356	1.0
10011993	43377995	1.0
10011993	274867751	1.0
10011993	383218713	1.0
10011993	33446286	1.0
10011993	381979744	1.0
10011993	86054067	1.0
10011993	310938624	1.0
10011993	75877020	1.0
10011993	141278572	1.0
10011993	310477377	1.0
10011993	298548536	1.0
10011993	228530722	1.0
10011993	259526956	1.0
10011993	4653794	1.0
10011993	353127088	1.0
10011993	31388942	1.0
10011993	343085772	1.0
10011993	318390120	1.0
10011993	214565045	1.0
10011993	312320817	1.0
10011993	15297876	1.0
10011993	245506568	1.0
10011993	191464231	1.0
10011993	187652062	1.0
10011993	255693499	1.0
10011993	145943143	1.0
10011993	256994181	1.0
10011993	398214407	1.0
10011993	291120440	1.0
10011993	35163210	1.0
10011993	345157535	1.0
10011993	287032959	1.0
10011993	56355379	1.0
10011993	328353125	1.0
10011993	75010631	1.0
10011993	127049592	1.0
10011993	398488481	1.0
10011993	229887482	1.0
10011993	2341601	1.0
10011993	116761352	1.0
10011993	2963167	1.0
10011993	96597814	1.0
10011993	189979868	1.0
10011993	141480762	1.0
10011993	55825129	1.0
10011993	205919690	1.0
10011993	400344528	1.0
10011993	82670751	1.0
10011993	181213015	1.0
10011993	315747841	1.0
10011993	108366118	1.0
10011993	222796002	1.0
10011993	196047412	1.0
10011993	74176178	1.0
10011993	147138451	1.0
10011993	378145496	1.0
10011993	222641072	1.0
10011993	355926038	1.0
10011993	389449964	1.0
10011993	296573030	1.0
10011993	326222748	1.0
10011993	130349089	1.0
10011993	320469740	1.0
10011993	102490713	1.0
10011993	19485074	1.0
10011993	375766601	1.0
10011993	85543520	1.0
10011993	138313622	1.0
10011993	61986354	1.0
10011993	210019203	1.0
10011993	290726180	1.0
10011993	129559105	1.0
10011993	272217345	1.0
10011993	265393390	1.0
10011993	258161338	1.0
10011993	4864284	1.0
10011993	21355492	1.0
10011993	170789593	1.0
10011993	222725219	1.0
10011993	87093417	1.0
10011993	65205749	1.0
10011993	338433418	1.0
10011993	401675203	1.0
10011993	374679564	1.0
10011993	22356062	1.0
10011993	5011473	1.0
10011993	360573721	1.0
10011993	154142964	1.0
10011993	394146560	1.0
10011993	336279728	1.0
10011993	83451205	1.0
10011993	246931219	1.0
10011993	250444506	1.0
10011993	296677391	1.0
10011993	207589189	1.0
10011993	232880259	1.0
10011993	42710253	1.0
10011993	266397256	1.0
10011993	44797268	1.0
10011993	329330903	1.0
10011993	194068666	1.0
10011993	180277069	1.0
10011993	206646148	1.0
10011993	235206582	1.0
10011993	164259683	1.0
10011993	56532767	1.0
10011993	403749151	1.0
10011993	138632346	1.0
10011993	376914244	1.0
10011993	266872694	1.0
10011993	257914953	1.0
10011993	291191910	1.0
10011993	330963177	1.0
10011993	121615689	1.0
10011993	187144445	1.0
10011993	246602597	1.0
10011993	190393772	1.0
10011993	300603190	1.0
10011993	282152978	1.0
10011993	24793522	1.0
10011993	71499586	1.0
10011993	393233255	1.0
10011993	118222201	1.0
10011993	130996278	1.0
10011993	215514244	1.0
10011993	259958468	1.0
10011993	372775422	1.0
10011993	372095534	1.0
10011993	376110465	1.0
10011993	325657938	1.0
10011993	202367348	1.0
10011993	65353951	1.0
10011993	64717403	1.0
10011993	365772386	1.0
10011993	342945774	1.0
10011993	281048798	1.0
10011993	195881538	1.0
10011993	359347971	1.0
10011993	385914750	1.0
10011993	95668699	1.0
10011993	361512631	1.0
10011993	128298749	1.0
10011993	218395421	1.0
10011993	133672529	1.0
10011993	48020620	1.0
10011993	346366265	1.0
10011993	44100152	1.0
10011993	337222892	1.0
10011993	265176350	1.0
10011993	78305708	1.0
10011993	89067704	1.0
10011993	317159931	1.0
10011993	320403439	1.0
10011993	218896669	1.0
10011993	41709437	1.0
10011993	278848491	1.0
10011993	60791089	1.0
10011993	322809791	1.0
10011993	133895958	1.0
10011993	253802632	1.0
10011993	365235283	1.0
10011993	99870930	1.0
10011993	28416367	1.0
10011993	352684644	1.0
10011993	193448119	1.0
10011993	69710259	1.0
10011993	229939283	1.0
10011993	339103010	1.0
10011993	330844606	1.0
10011993	173363723	1.0
