100121281	13526828	1	1
100121281	190414951	1	1
100121281	196051429	1	1
100121281	336839038	1	2
100121281	336839038	1	2
100121281	200712059	1	3
100121281	200712059	1	3
100121281	200712059	1	3
100121281	51193695	1	1
100121281	330186624	1	3
100121281	330186624	1	3
100121281	330186624	1	3
100121281	335034116	1	2
100121281	335034116	1	2
100121281	136400892	1	3
100121281	136400892	1	3
100121281	136400892	1	3
100121281	307640739	1	1
100121281	17562282	1	1
100121281	247277147	1	4
100121281	247277147	1	4
100121281	247277147	1	4
100121281	247277147	1	4
100121281	7485493	1	2
100121281	7485493	1	2
100121281	398984792	1	1
100121281	381692525	1	1
100121281	220850746	1	2
100121281	220850746	1	2
100121281	78094453	1	4
100121281	78094453	1	4
100121281	78094453	1	4
100121281	78094453	1	4
100121281	78596388	1	2
100121281	78596388	1	2
100121281	162017673	1	1
100121281	144710964	1	1
100121281	22967916	1	3
100121281	22967916	1	3
100121281	22967916	1	3
100121281	47627841	1	2
100121281	47627841	1	2
100121281	40405160	1	3
100121281	40405160	1	3
100121281	40405160	1	3
100121281	213038347	1	1
100121281	119742762	1	1
100121281	118291879	1	1
100121281	29884705	1	3
100121281	29884705	1	3
100121281	29884705	1	3
100121281	9530449	1	1
100121281	350820435	1	1
100121281	385068306	1	1
100121281	204446146	1	2
100121281	204446146	1	2
100121281	113734464	1	1
100121281	243093942	1	2
100121281	243093942	1	2
100121281	262481777	1	1
100121281	46896571	1	3
100121281	46896571	1	3
100121281	46896571	1	3
100121281	329047530	1	4
100121281	329047530	1	4
100121281	329047530	1	4
100121281	329047530	1	4
100121281	379053148	1	1
100121281	195093435	1	4
100121281	195093435	1	4
100121281	195093435	1	4
100121281	195093435	1	4
100121281	304221348	1	2
100121281	304221348	1	2
100121281	97728812	1	1
100121281	160399779	1	1
100121281	13671130	1	3
100121281	13671130	1	3
100121281	13671130	1	3
100121281	28070180	1	2
100121281	28070180	1	2
100121281	229222156	1	2
100121281	229222156	1	2
100121281	121139895	1	1
100121281	182093627	1	1
100121281	151403103	1	1
100121281	91520195	1	2
100121281	91520195	1	2
100121281	3491675	1	1
100121281	247037441	1	4
100121281	247037441	1	4
100121281	247037441	1	4
100121281	247037441	1	4
100121281	299558031	1	1
100121281	221256203	1	2
100121281	221256203	1	2
100121281	120183505	1	1
100121281	117324901	1	1
100121281	385604673	1	1
100121281	68922513	1	1
100121281	262493970	1	1
100121281	339493963	1	2
100121281	339493963	1	2
100121281	76929075	1	9
100121281	76929075	1	9
100121281	76929075	1	9
100121281	76929075	1	9
100121281	76929075	1	9
100121281	76929075	1	9
100121281	76929075	1	9
100121281	76929075	3	9
100121281	76929075	1	9
100121281	228337878	1	2
100121281	228337878	1	2
100121281	165533216	1	2
100121281	165533216	1	2
100121281	172535084	1	2
100121281	172535084	1	2
100121281	375899723	1	1
100121281	399257411	1	10
100121281	399257411	1	10
100121281	399257411	1	10
100121281	399257411	3	10
100121281	399257411	1	10
100121281	399257411	1	10
100121281	399257411	1	10
100121281	399257411	1	10
100121281	399257411	1	10
100121281	399257411	1	10
100121281	267818285	1	4
100121281	267818285	1	4
100121281	267818285	1	4
100121281	267818285	1	4
100121281	53555356	1	1
100121281	173913336	1	3
100121281	173913336	1	3
100121281	173913336	1	3
100121281	25630241	1	3
100121281	25630241	1	3
100121281	25630241	1	3
100121281	10054861	1	3
100121281	10054861	1	3
100121281	10054861	1	3
100121281	365405107	1	1
100121281	277119563	1	2
100121281	277119563	1	2
100121281	24212002	1	2
100121281	24212002	1	2
100121281	77892891	1	1
100121281	143996904	1	2
100121281	143996904	1	2
100121281	191425211	1	1
100121281	296961660	1	3
100121281	296961660	1	3
100121281	296961660	1	3
100121281	160849931	1	2
100121281	160849931	1	2
100121281	188302483	1	1
100121281	386629087	1	1
100121281	280524879	1	1
100121281	312295863	1	3
100121281	312295863	1	3
100121281	312295863	1	3
100121281	164613416	1	2
100121281	164613416	1	2
100121281	301736723	1	1
100121281	287702406	1	1
100121281	246956189	1	1
100121281	369492495	1	3
100121281	369492495	1	3
100121281	369492495	1	3
100121281	239604707	1	1
100121281	6375163	4	14
100121281	6375163	1	14
100121281	6375163	1	14
100121281	6375163	1	14
100121281	6375163	1	14
100121281	6375163	1	14
100121281	6375163	1	14
100121281	6375163	1	14
100121281	6375163	1	14
100121281	6375163	3	14
100121281	6375163	1	14
100121281	6375163	1	14
100121281	6375163	1	14
100121281	6375163	1	14
100121281	92401255	1	1
100121281	91492005	1	1
100121281	196511421	1	3
100121281	196511421	1	3
100121281	196511421	1	3
100121281	18503828	1	2
100121281	18503828	1	2
100121281	193955758	1	1
100121281	13534112	1	3
100121281	13534112	1	3
100121281	13534112	1	3
100121281	383218848	1	1
100121281	146673636	1	3
100121281	146673636	1	3
100121281	146673636	1	3
100121281	102283489	1	2
100121281	102283489	1	2
100121281	97063600	1	1
100121281	12163426	1	5
100121281	12163426	1	5
100121281	12163426	1	5
100121281	12163426	1	5
100121281	12163426	1	5
100121281	387628878	1	3
100121281	387628878	1	3
100121281	387628878	1	3
100121281	272465418	1	2
100121281	272465418	1	2
100121281	400262265	1	3
100121281	400262265	1	3
100121281	400262265	1	3
100121281	292959494	1	2
100121281	292959494	1	2
100121281	44073789	1	1
100121281	261425032	1	1
100121281	144955392	1	1
100121281	84012136	1	1
100121281	94265338	1	2
100121281	94265338	1	2
100121281	133044703	1	2
100121281	133044703	1	2
100121281	376243484	1	1
100121281	264328657	1	1
100121281	220100694	1	3
100121281	220100694	1	3
100121281	220100694	1	3
100121281	146976171	1	2
100121281	146976171	1	2
100121281	21029633	1	3
100121281	21029633	1	3
100121281	21029633	1	3
100121281	144073082	1	3
100121281	144073082	1	3
100121281	144073082	1	3
100121281	345937494	1	4
100121281	345937494	1	4
100121281	345937494	1	4
100121281	345937494	1	4
100121281	17292222	1	1
100121281	241388469	1	3
100121281	241388469	1	3
100121281	241388469	1	3
100121281	105730080	1	3
100121281	105730080	1	3
100121281	105730080	1	3
100121281	246191183	1	3
100121281	246191183	1	3
100121281	246191183	1	3
100121281	125822359	1	2
100121281	125822359	1	2
100121281	35269053	1	1
100121281	191303216	1	2
100121281	191303216	1	2
100121281	33543547	1	2
100121281	33543547	1	2
100121281	334351497	1	2
100121281	334351497	1	2
100121281	363277235	1	4
100121281	363277235	1	4
100121281	363277235	1	4
100121281	363277235	1	4
100121281	28145579	1	16
100121281	28145579	1	16
100121281	28145579	1	16
100121281	28145579	1	16
100121281	28145579	1	16
100121281	28145579	1	16
100121281	28145579	1	16
100121281	28145579	1	16
100121281	28145579	1	16
100121281	28145579	4	16
100121281	28145579	1	16
100121281	28145579	1	16
100121281	28145579	1	16
100121281	28145579	1	16
100121281	28145579	1	16
100121281	28145579	1	16
100121281	357377727	1	3
100121281	357377727	1	3
100121281	357377727	1	3
100121281	37497385	1	3
100121281	37497385	1	3
100121281	37497385	1	3
100121281	247894113	1	2
100121281	247894113	1	2
100121281	193057533	1	2
100121281	193057533	1	2
100121281	198780892	1	1
100121281	276866194	1	2
100121281	276866194	1	2
100121281	54867250	1	1
100121281	128613931	1	1
100121281	162792819	1	1
100121281	266610092	1	7
100121281	266610092	1	7
100121281	266610092	3	7
100121281	266610092	1	7
100121281	266610092	1	7
100121281	266610092	1	7
100121281	266610092	1	7
100121281	376041142	1	1
100121281	338918647	1	1
100121281	293517202	1	3
100121281	293517202	1	3
100121281	293517202	1	3
100121281	17616723	1	2
100121281	17616723	1	2
100121281	290727306	1	3
100121281	290727306	1	3
100121281	290727306	1	3
100121281	224936017	1	1
100121281	323494010	1	2
100121281	323494010	1	2
100121281	365165814	1	3
100121281	365165814	1	3
100121281	365165814	1	3
100121281	145875902	1	2
100121281	145875902	1	2
100121281	68767735	1	2
100121281	68767735	1	2
100121281	352912326	1	3
100121281	352912326	1	3
100121281	352912326	1	3
100121281	359830684	1	2
100121281	359830684	1	2
100121281	380797554	1	1
100121281	317547773	1	3
100121281	317547773	1	3
100121281	317547773	1	3
100121281	277134479	1	1
100121281	184562569	1	2
100121281	184562569	1	2
100121281	263372322	1	3
100121281	263372322	1	3
100121281	263372322	1	3
100121281	166535947	1	3
100121281	166535947	1	3
100121281	166535947	1	3
100121281	300781661	1	1
100121281	232292099	1	3
100121281	232292099	1	3
100121281	232292099	1	3
100121281	403290	1	2
100121281	403290	1	2
100121281	79446881	1	2
100121281	79446881	1	2
100121281	129083626	1	3
100121281	129083626	1	3
100121281	129083626	1	3
100121281	299772765	1	13
100121281	299772765	1	13
100121281	299772765	1	13
100121281	299772765	1	13
100121281	299772765	1	13
100121281	299772765	1	13
100121281	299772765	1	13
100121281	299772765	1	13
100121281	299772765	1	13
100121281	299772765	1	13
100121281	299772765	1	13
100121281	299772765	1	13
100121281	299772765	1	13
100121281	81253507	1	3
100121281	81253507	1	3
100121281	81253507	1	3
100121281	398005698	1	2
100121281	398005698	1	2
100121281	192384667	1	1
100121281	341494981	1	2
100121281	341494981	1	2
100121281	191341725	1	2
100121281	191341725	1	2
100121281	114891579	1	3
100121281	114891579	1	3
100121281	114891579	1	3
100121281	217681317	1	4
100121281	217681317	1	4
100121281	217681317	1	4
100121281	217681317	1	4
100121281	242793426	1	1
100121281	148661794	1	1
100121281	67486746	1	1
100121281	223344668	1	3
100121281	223344668	1	3
100121281	223344668	1	3
100121281	358796930	1	3
100121281	358796930	1	3
100121281	358796930	1	3
100121281	149227391	1	1
100121281	107261462	1	3
100121281	107261462	1	3
100121281	107261462	1	3
100121281	357337048	1	1
100121281	388234296	1	2
100121281	388234296	1	2
100121281	108589843	1	3
100121281	108589843	1	3
100121281	108589843	1	3
100121281	77286906	1	1
100121281	198083851	1	5
100121281	198083851	1	5
100121281	198083851	1	5
100121281	198083851	1	5
100121281	198083851	1	5
100121281	268987658	1	4
100121281	268987658	1	4
100121281	268987658	1	4
100121281	268987658	1	4
100121281	259172228	1	1
100121281	184890514	1	1
100121281	318058915	1	2
100121281	318058915	1	2
100121281	113948399	1	2
100121281	113948399	1	2
100121281	186049780	1	1
100121281	68135578	1	2
100121281	68135578	1	2
100121281	281429969	1	1
100121281	89262815	1	3
100121281	89262815	1	3
100121281	89262815	1	3
100121281	220296337	1	1
100121281	366630880	1	2
100121281	366630880	1	2
100121281	233916864	1	2
100121281	233916864	1	2
100121281	394924126	1	1
100121281	159823127	1	1
100121281	309362601	1	2
100121281	309362601	1	2
100121281	242224586	1	19
100121281	242224586	1	19
100121281	242224586	4	19
100121281	242224586	1	19
100121281	242224586	1	19
100121281	242224586	1	19
100121281	242224586	1	19
100121281	242224586	1	19
100121281	242224586	1	19
100121281	242224586	1	19
100121281	242224586	1	19
100121281	242224586	1	19
100121281	242224586	1	19
100121281	242224586	1	19
100121281	242224586	1	19
100121281	242224586	1	19
100121281	242224586	1	19
100121281	242224586	1	19
100121281	242224586	1	19
100121281	153135266	1	2
100121281	153135266	1	2
100121281	393301758	1	1
100121281	376929314	1	7
100121281	376929314	1	7
100121281	376929314	1	7
100121281	376929314	4	7
100121281	376929314	1	7
100121281	376929314	1	7
100121281	376929314	1	7
100121281	249441342	1	1
100121281	95347182	1	3
100121281	95347182	1	3
100121281	95347182	1	3
100121281	377407667	1	2
100121281	377407667	1	2
100121281	169706454	1	4
100121281	169706454	1	4
100121281	169706454	1	4
100121281	169706454	1	4
100121281	155721659	1	10
100121281	155721659	1	10
100121281	155721659	1	10
100121281	155721659	1	10
100121281	155721659	3	10
100121281	155721659	3	10
100121281	155721659	1	10
100121281	155721659	1	10
100121281	155721659	1	10
100121281	155721659	1	10
100121281	23653069	1	3
100121281	23653069	1	3
100121281	23653069	1	3
100121281	299956640	1	2
100121281	299956640	1	2
100121281	240164168	1	1
100121281	367136139	1	3
100121281	367136139	1	3
100121281	367136139	1	3
100121281	230587895	1	3
100121281	230587895	1	3
100121281	230587895	1	3
100121281	183927988	1	3
100121281	183927988	1	3
100121281	183927988	1	3
100121281	276091803	1	2
100121281	276091803	1	2
100121281	101839531	1	2
100121281	101839531	1	2
100121281	383789626	1	2
100121281	383789626	1	2
100121281	168957390	1	1
100121281	377357538	1	2
100121281	377357538	1	2
100121281	337811565	1	1
100121281	415396	1	2
100121281	415396	1	2
100121281	177796605	1	1
100121281	386936270	1	1
100121281	388719621	1	1
100121281	345739632	1	3
100121281	345739632	1	3
100121281	345739632	1	3
100121281	314335150	1	5
100121281	314335150	1	5
100121281	314335150	1	5
100121281	314335150	1	5
100121281	314335150	1	5
100121281	54991820	1	1
100121281	380722740	1	1
100121281	300060001	1	3
100121281	300060001	1	3
100121281	300060001	1	3
100121281	390963988	1	2
100121281	390963988	1	2
100121281	401966088	1	3
100121281	401966088	1	3
100121281	401966088	1	3
100121281	132741950	1	2
100121281	132741950	1	2
100121281	89630226	1	1
100121281	181554611	1	4
100121281	181554611	1	4
100121281	181554611	1	4
100121281	181554611	1	4
100121281	372456836	1	1
100121281	21077732	1	1
100121281	257171258	1	3
100121281	257171258	1	3
100121281	257171258	1	3
100121281	217775579	1	1
100121281	152666814	1	2
100121281	152666814	1	2
100121281	369371754	1	1
100121281	162151966	1	3
100121281	162151966	1	3
100121281	162151966	1	3
100121281	72887050	1	1
100121281	213817840	1	1
100121281	28002179	1	1
100121281	261455998	1	1
100121281	64776321	1	6
100121281	64776321	1	6
100121281	64776321	1	6
100121281	64776321	1	6
100121281	64776321	1	6
100121281	64776321	1	6
100121281	340887279	1	1
100121281	209535511	1	2
100121281	209535511	1	2
100121281	250171081	1	2
100121281	250171081	1	2
100121281	16217554	1	2
100121281	16217554	1	2
100121281	212054370	1	1
100121281	330753574	1	2
100121281	330753574	1	2
100121281	294531710	1	5
100121281	294531710	1	5
100121281	294531710	1	5
100121281	294531710	1	5
100121281	294531710	1	5
100121281	183527226	1	4
100121281	183527226	1	4
100121281	183527226	1	4
100121281	183527226	1	4
100121281	394358809	1	1
100121281	69950423	1	2
100121281	69950423	1	2
100121281	244412657	1	1
100121281	399317351	1	1
100121281	270474678	1	3
100121281	270474678	1	3
100121281	270474678	1	3
100121281	2605478	1	1
100121281	328310236	1	1
100121281	286898350	1	3
100121281	286898350	1	3
100121281	286898350	1	3
100121281	122631195	1	2
100121281	122631195	1	2
100121281	177309522	1	2
100121281	177309522	1	2
100121281	48138584	1	3
100121281	48138584	1	3
100121281	48138584	1	3
100121281	158353649	1	3
100121281	158353649	1	3
100121281	158353649	1	3
100121281	34102362	1	1
100121281	46716473	1	6
100121281	46716473	1	6
100121281	46716473	1	6
100121281	46716473	1	6
100121281	46716473	3	6
100121281	46716473	1	6
100121281	93703728	1	1
100121281	335771075	1	2
100121281	335771075	1	2
100121281	307151557	1	2
100121281	307151557	1	2
100121281	228439088	1	2
100121281	228439088	1	2
100121281	74800159	1	2
100121281	74800159	1	2
100121281	66104576	1	1
100121281	99616738	1	1
100121281	39915393	1	1
100121281	320469740	1	1
100121281	345842992	1	1
100121281	74643416	1	1
100121281	36407066	1	2
100121281	36407066	1	2
100121281	28695068	1	1
100121281	149127045	1	1
100121281	262624507	1	2
100121281	262624507	1	2
100121281	79566941	1	2
100121281	79566941	1	2
100121281	333364792	1	1
100121281	396153001	1	1
100121281	127961266	1	3
100121281	127961266	1	3
100121281	127961266	1	3
100121281	377244011	1	2
100121281	377244011	1	2
100121281	274614261	1	2
100121281	274614261	1	2
100121281	141430905	1	2
100121281	141430905	1	2
100121281	371112471	1	4
100121281	371112471	1	4
100121281	371112471	1	4
100121281	371112471	1	4
100121281	71319432	1	1
100121281	370087567	1	1
100121281	33018440	1	1
100121281	219163267	1	1
100121281	183047974	1	1
100121281	53795505	1	2
100121281	53795505	1	2
100121281	56220142	1	1
100121281	175475902	1	1
100121281	126996827	1	1
100121281	195969740	1	3
100121281	195969740	1	3
100121281	195969740	1	3
100121281	201418850	1	3
100121281	201418850	1	3
100121281	201418850	1	3
100121281	378505955	1	1
100121281	110609270	1	3
100121281	110609270	1	3
100121281	110609270	1	3
100121281	184016764	1	1
100121281	290727258	1	3
100121281	290727258	1	3
100121281	290727258	1	3
100121281	333314083	1	1
100121281	280069887	1	2
100121281	280069887	1	2
100121281	201270532	1	1
100121281	129471992	1	2
100121281	129471992	1	2
100121281	148130928	1	3
100121281	148130928	1	3
100121281	148130928	1	3
100121281	263698994	1	1
100121281	158683344	1	1
100121281	303352841	1	2
100121281	303352841	1	2
100121281	53069458	1	2
100121281	53069458	1	2
100121281	144402037	1	5
100121281	144402037	1	5
100121281	144402037	1	5
100121281	144402037	1	5
100121281	144402037	1	5
100121281	242110463	1	3
100121281	242110463	1	3
100121281	242110463	1	3
100121281	1748343	1	1
100121281	310313824	1	2
100121281	310313824	1	2
100121281	303589589	1	5
100121281	303589589	1	5
100121281	303589589	1	5
100121281	303589589	1	5
100121281	303589589	1	5
100121281	310720160	1	1
100121281	211351905	1	1
100121281	169454060	1	2
100121281	169454060	1	2
100121281	232352070	1	1
100121281	172320848	1	1
100121281	5800011	1	2
100121281	5800011	1	2
100121281	186860147	1	2
100121281	186860147	1	2
100121281	2088188	1	2
100121281	2088188	1	2
100121281	4735095	1	2
100121281	4735095	1	2
100121281	54397744	1	1
100121281	61803987	1	10
100121281	61803987	1	10
100121281	61803987	1	10
100121281	61803987	1	10
100121281	61803987	1	10
100121281	61803987	1	10
100121281	61803987	1	10
100121281	61803987	4	10
100121281	61803987	1	10
100121281	61803987	1	10
100121281	269932540	1	1
100121281	322671429	1	1
100121281	357628777	1	1
100121281	143962103	1	4
100121281	143962103	1	4
100121281	143962103	1	4
100121281	143962103	1	4
100121281	329578017	1	5
100121281	329578017	1	5
100121281	329578017	1	5
100121281	329578017	1	5
100121281	329578017	1	5
100121281	202372279	1	1
100121281	180782183	1	2
100121281	180782183	1	2
100121281	155028114	1	2
100121281	155028114	1	2
100121281	78796376	1	1
100121281	32153692	1	1
100121281	341830482	1	1
100121281	46065475	1	2
100121281	46065475	1	2
100121281	254120327	1	1
100121281	143205504	1	4
100121281	143205504	1	4
100121281	143205504	1	4
100121281	143205504	1	4
100121281	37099853	3	18
100121281	37099853	1	18
100121281	37099853	1	18
100121281	37099853	1	18
100121281	37099853	1	18
100121281	37099853	1	18
100121281	37099853	1	18
100121281	37099853	1	18
100121281	37099853	1	18
100121281	37099853	4	18
100121281	37099853	1	18
100121281	37099853	1	18
100121281	37099853	1	18
100121281	37099853	1	18
100121281	37099853	1	18
100121281	37099853	1	18
100121281	37099853	1	18
100121281	37099853	1	18
100121281	147038293	1	1
100121281	348489617	1	1
100121281	221935359	1	2
100121281	221935359	1	2
100121281	258926049	1	3
100121281	258926049	1	3
100121281	258926049	1	3
100121281	291047489	1	1
100121281	271381904	1	3
100121281	271381904	1	3
100121281	271381904	1	3
100121281	380862427	1	1
100121281	192851760	1	2
100121281	192851760	1	2
100121281	362178433	1	1
100121281	45394713	1	1
100121281	4088788	1	1
100121281	206661890	1	1
100121281	49434866	1	1
100121281	312652874	1	3
100121281	312652874	1	3
100121281	312652874	1	3
100121281	339726419	1	2
100121281	339726419	1	2
100121281	194109912	1	4
100121281	194109912	1	4
100121281	194109912	1	4
100121281	194109912	1	4
100121281	112984288	1	1
100121281	182348034	1	1
100121281	155226915	1	2
100121281	155226915	1	2
100121281	246439150	1	3
100121281	246439150	1	3
100121281	246439150	1	3
100121281	240306080	1	7
100121281	240306080	1	7
100121281	240306080	1	7
100121281	240306080	1	7
100121281	240306080	1	7
100121281	240306080	4	7
100121281	240306080	1	7
100121281	275691780	1	1
100121281	128929028	1	1
100121281	162771801	1	1
100121281	76112253	1	1
100121281	145933388	1	2
100121281	145933388	1	2
100121281	280311713	1	1
100121281	218563664	1	3
100121281	218563664	1	3
100121281	218563664	1	3
100121281	139440570	1	1
100121281	198648339	1	1
100121281	42444067	1	1
100121281	404069319	1	5
100121281	404069319	1	5
100121281	404069319	4	5
100121281	404069319	1	5
100121281	404069319	1	5
100121281	127654750	1	1
100121281	48984907	1	5
100121281	48984907	1	5
100121281	48984907	1	5
100121281	48984907	1	5
100121281	48984907	1	5
100121281	34952844	1	3
100121281	34952844	1	3
100121281	34952844	1	3
100121281	293252889	1	1
100121281	219819589	1	1
100121281	220511716	1	1
100121281	90765065	1	4
100121281	90765065	1	4
100121281	90765065	1	4
100121281	90765065	1	4
100121281	400180492	1	1
100121281	169214531	1	1
100121281	301532195	1	4
100121281	301532195	1	4
100121281	301532195	1	4
100121281	301532195	1	4
100121281	235968892	1	2
100121281	235968892	1	2
100121281	92964928	1	1
100121281	339958507	1	3
100121281	339958507	1	3
100121281	339958507	1	3
100121281	230174276	1	1
100121281	75051620	1	1
100121281	127388331	1	2
100121281	127388331	1	2
100121281	195950957	1	3
100121281	195950957	1	3
100121281	195950957	1	3
100121281	301609179	1	2
100121281	301609179	1	2
100121281	270743160	1	1
100121281	3929650	1	1
100121281	375958956	1	1
100121281	310507899	1	2
100121281	310507899	1	2
100121281	125370722	1	1
100121281	48026310	1	2
100121281	48026310	1	2
100121281	88872807	1	1
100121281	99864318	1	3
100121281	99864318	1	3
100121281	99864318	1	3
100121281	342345036	1	2
100121281	342345036	1	2
100121281	178817907	1	2
100121281	178817907	1	2
100121281	251808174	1	1
100121281	126019126	1	2
100121281	126019126	1	2
100121281	404298685	1	2
100121281	404298685	1	2
100121281	417912	1	1
100121281	116080141	1	1
100121281	196280049	1	1
100121281	88208446	1	2
100121281	88208446	1	2
100121281	388894514	1	1
100121281	21704993	1	1
100121281	269309648	1	2
100121281	269309648	1	2
100121281	354884988	1	2
100121281	354884988	1	2
100121281	103414541	1	2
100121281	103414541	1	2
100121281	190449774	1	1
100121281	21380388	1	3
100121281	21380388	1	3
100121281	21380388	1	3
100121281	196179446	1	2
100121281	196179446	1	2
100121281	110468974	1	4
100121281	110468974	1	4
100121281	110468974	1	4
100121281	110468974	1	4
100121281	221887716	1	2
100121281	221887716	1	2
100121281	21595779	1	1
100121281	100925594	1	2
100121281	100925594	1	2
100121281	41682986	1	2
100121281	41682986	1	2
100121281	122700342	1	1
100121281	364153085	1	2
100121281	364153085	1	2
100121281	30075377	1	2
100121281	30075377	1	2
100121281	54183198	1	2
100121281	54183198	1	2
100121281	339037838	1	4
100121281	339037838	1	4
100121281	339037838	1	4
100121281	339037838	1	4
100121281	359407870	1	3
100121281	359407870	1	3
100121281	359407870	1	3
100121281	297116810	1	2
100121281	297116810	1	2
100121281	139660841	1	2
100121281	139660841	1	2
100121281	202300639	1	1
100121281	102195276	1	2
100121281	102195276	1	2
100121281	242343129	1	1
100121281	109580319	1	2
100121281	109580319	1	2
100121281	7107186	1	2
100121281	7107186	1	2
100121281	160819870	1	3
100121281	160819870	1	3
100121281	160819870	1	3
100121281	363053368	1	4
100121281	363053368	1	4
100121281	363053368	1	4
100121281	363053368	1	4
100121281	404357297	1	1
100121281	63132123	1	2
100121281	63132123	1	2
100121281	371198089	1	1
100121281	205171980	1	11
100121281	205171980	1	11
100121281	205171980	1	11
100121281	205171980	1	11
100121281	205171980	1	11
100121281	205171980	1	11
100121281	205171980	1	11
100121281	205171980	1	11
100121281	205171980	1	11
100121281	205171980	1	11
100121281	205171980	1	11
100121281	219105682	1	1
100121281	73921664	1	3
100121281	73921664	1	3
100121281	73921664	1	3
100121281	358942854	1	4
100121281	358942854	1	4
100121281	358942854	1	4
100121281	358942854	1	4
100121281	70223040	1	1
100121281	334715411	1	1
100121281	94692653	1	2
100121281	94692653	1	2
100121281	270371380	1	1
100121281	6529319	1	3
100121281	6529319	1	3
100121281	6529319	1	3
100121281	111977190	3	4
100121281	111977190	1	4
100121281	111977190	1	4
100121281	111977190	1	4
100121281	296786777	1	1
100121281	257104809	1	3
100121281	257104809	1	3
100121281	257104809	1	3
100121281	304171820	1	3
100121281	304171820	1	3
100121281	304171820	1	3
100121281	156198304	1	2
100121281	156198304	1	2
100121281	338178906	1	1
100121281	148461528	1	1
100121281	339766491	1	2
100121281	339766491	1	2
100121281	65195594	1	2
100121281	65195594	1	2
100121281	282022109	1	3
100121281	282022109	1	3
100121281	282022109	1	3
100121281	118082757	1	2
100121281	118082757	1	2
100121281	24588273	1	1
100121281	182454949	1	2
100121281	182454949	1	2
100121281	300909706	1	1
100121281	317155354	1	2
100121281	317155354	1	2
100121281	310313544	1	1
100121281	113726424	1	3
100121281	113726424	1	3
100121281	113726424	1	3
100121281	133651557	4	9
100121281	133651557	1	9
100121281	133651557	1	9
100121281	133651557	1	9
100121281	133651557	3	9
100121281	133651557	1	9
100121281	133651557	1	9
100121281	133651557	3	9
100121281	133651557	1	9
100121281	92088522	1	2
100121281	92088522	1	2
100121281	161255134	1	1
100121281	148619488	1	2
100121281	148619488	1	2
100121281	380070347	1	1
100121281	330750788	1	1
100121281	58866306	1	2
100121281	58866306	1	2
100121281	272979770	1	1
100121281	355228430	1	2
100121281	355228430	1	2
100121281	366057909	1	1
100121281	151589904	1	5
100121281	151589904	1	5
100121281	151589904	1	5
100121281	151589904	1	5
100121281	151589904	1	5
100121281	21725328	1	2
100121281	21725328	1	2
100121281	326920018	1	1
100121281	14087919	1	3
100121281	14087919	1	3
100121281	14087919	1	3
100121281	303799650	1	1
100121281	100530201	1	1
100121281	195247169	1	2
100121281	195247169	1	2
100121281	47230757	1	2
100121281	47230757	1	2
100121281	136949488	1	4
100121281	136949488	1	4
100121281	136949488	1	4
100121281	136949488	1	4
100121281	257286979	1	2
100121281	257286979	1	2
100121281	354843270	1	3
100121281	354843270	1	3
100121281	354843270	1	3
100121281	186986303	1	4
100121281	186986303	1	4
100121281	186986303	1	4
100121281	186986303	1	4
100121281	33373838	1	1
100121281	287298326	1	11
100121281	287298326	1	11
100121281	287298326	3	11
100121281	287298326	1	11
100121281	287298326	1	11
100121281	287298326	1	11
100121281	287298326	1	11
100121281	287298326	1	11
100121281	287298326	4	11
100121281	287298326	1	11
100121281	287298326	1	11
100121281	195060082	1	1
100121281	271184275	1	1
100121281	297310376	1	3
100121281	297310376	1	3
100121281	297310376	1	3
100121281	54433499	1	1
100121281	64314175	1	2
100121281	64314175	1	2
100121281	200102417	1	2
100121281	200102417	1	2
100121281	138097590	1	1
100121281	264795995	1	3
100121281	264795995	1	3
100121281	264795995	1	3
100121281	342372325	1	1
100121281	348000781	1	4
100121281	348000781	1	4
100121281	348000781	1	4
100121281	348000781	1	4
100121281	387666828	1	1
100121281	360812438	1	1
100121281	389453225	1	2
100121281	389453225	1	2
100121281	322329370	3	15
100121281	322329370	1	15
100121281	322329370	1	15
100121281	322329370	1	15
100121281	322329370	1	15
100121281	322329370	3	15
100121281	322329370	1	15
100121281	322329370	1	15
100121281	322329370	1	15
100121281	322329370	1	15
100121281	322329370	1	15
100121281	322329370	1	15
100121281	322329370	1	15
100121281	322329370	1	15
100121281	322329370	1	15
100121281	81945967	1	12
100121281	81945967	1	12
100121281	81945967	1	12
100121281	81945967	1	12
100121281	81945967	1	12
100121281	81945967	1	12
100121281	81945967	1	12
100121281	81945967	1	12
100121281	81945967	1	12
100121281	81945967	1	12
100121281	81945967	1	12
100121281	81945967	1	12
100121281	11595224	1	2
100121281	11595224	1	2
100121281	31757532	1	1
100121281	341171379	1	1
100121281	95158450	1	1
100121281	277538608	1	2
100121281	277538608	1	2
100121281	374899766	1	2
100121281	374899766	1	2
100121281	166005853	1	1
100121281	395159233	1	2
100121281	395159233	1	2
100121281	266675277	1	1
100121281	383792202	1	2
100121281	383792202	1	2
100121281	343439274	1	2
100121281	343439274	1	2
100121281	324912351	1	3
100121281	324912351	1	3
100121281	324912351	1	3
100121281	46086316	1	2
100121281	46086316	1	2
100121281	322677587	1	1
100121281	346650798	1	1
100121281	14942293	1	3
100121281	14942293	1	3
100121281	14942293	1	3
100121281	158631210	1	2
100121281	158631210	1	2
100121281	383455686	1	1
100121281	164709093	1	1
100121281	176764040	1	3
100121281	176764040	1	3
100121281	176764040	4	3
100121281	218852671	1	2
100121281	218852671	1	2
100121281	281779470	1	2
100121281	281779470	1	2
100121281	59282528	1	2
100121281	59282528	1	2
100121281	151427612	1	3
100121281	151427612	1	3
100121281	151427612	1	3
100121281	165504670	1	3
100121281	165504670	1	3
100121281	165504670	1	3
100121281	188179122	1	4
100121281	188179122	1	4
100121281	188179122	1	4
100121281	188179122	1	4
100121281	238670119	1	1
100121281	123082951	1	3
100121281	123082951	1	3
100121281	123082951	1	3
100121281	385411761	1	3
100121281	385411761	1	3
100121281	385411761	1	3
100121281	205505254	1	1
100121281	294521358	1	3
100121281	294521358	1	3
100121281	294521358	1	3
100121281	289684891	1	1
100121281	302917576	1	1
100121281	262111554	1	3
100121281	262111554	1	3
100121281	262111554	1	3
100121281	393209354	1	1
100121281	156047018	1	2
100121281	156047018	1	2
100121281	77044116	1	3
100121281	77044116	1	3
100121281	77044116	1	3
100121281	185394715	1	2
100121281	185394715	1	2
100121281	169527832	1	3
100121281	169527832	1	3
100121281	169527832	1	3
100121281	300394857	1	1
100121281	203293252	1	2
100121281	203293252	1	2
100121281	398871423	1	2
100121281	398871423	1	2
100121281	97357743	1	2
100121281	97357743	1	2
100121281	395015937	1	1
100121281	58119340	1	1
100121281	357208737	1	1
