10011993	243558795	1	22
10011993	243558795	1	22
10011993	243558795	1	22
10011993	243558795	3	22
10011993	243558795	1	22
10011993	243558795	1	22
10011993	243558795	1	22
10011993	243558795	1	22
10011993	243558795	1	22
10011993	243558795	1	22
10011993	243558795	1	22
10011993	243558795	1	22
10011993	243558795	1	22
10011993	243558795	1	22
10011993	243558795	1	22
10011993	243558795	1	22
10011993	243558795	1	22
10011993	243558795	3	22
10011993	243558795	1	22
10011993	243558795	1	22
10011993	243558795	4	22
10011993	243558795	1	22
10011993	394218115	1	1
10011993	103248948	1	6
10011993	103248948	1	6
10011993	103248948	3	6
10011993	103248948	1	6
10011993	103248948	1	6
10011993	103248948	1	6
10011993	54669811	1	8
10011993	54669811	1	8
10011993	54669811	1	8
10011993	54669811	1	8
10011993	54669811	1	8
10011993	54669811	3	8
10011993	54669811	1	8
10011993	54669811	1	8
10011993	203429025	1	2
10011993	203429025	1	2
10011993	175734084	1	2
10011993	175734084	1	2
10011993	77269186	1	1
10011993	363660663	1	1
10011993	181810999	1	1
10011993	401530161	1	2
10011993	401530161	1	2
10011993	320980618	1	1
10011993	390406695	1	2
10011993	390406695	1	2
10011993	249048784	1	1
10011993	118596380	1	1
10011993	137373602	1	1
10011993	353454124	3	3
10011993	353454124	1	3
10011993	353454124	1	3
10011993	34141162	1	2
10011993	34141162	1	2
10011993	45819264	1	2
10011993	45819264	1	2
10011993	286529703	1	1
10011993	20656531	3	2
10011993	20656531	1	2
10011993	248721507	1	2
10011993	248721507	1	2
10011993	311401775	1	2
10011993	311401775	1	2
10011993	395370071	1	2
10011993	395370071	1	2
10011993	133924663	1	2
10011993	133924663	1	2
10011993	298774792	1	3
10011993	298774792	1	3
10011993	298774792	1	3
10011993	130275093	1	3
10011993	130275093	1	3
10011993	130275093	1	3
10011993	160558651	1	2
10011993	160558651	1	2
10011993	231292939	1	4
10011993	231292939	1	4
10011993	231292939	1	4
10011993	231292939	1	4
10011993	240577354	1	2
10011993	240577354	1	2
10011993	48953980	3	5
10011993	48953980	1	5
10011993	48953980	1	5
10011993	48953980	1	5
10011993	48953980	1	5
10011993	139836586	1	1
10011993	97025363	1	2
10011993	97025363	1	2
10011993	331694760	1	1
10011993	1284287	1	1
10011993	376995832	1	4
10011993	376995832	1	4
10011993	376995832	1	4
10011993	376995832	1	4
10011993	100291988	1	3
10011993	100291988	1	3
10011993	100291988	1	3
10011993	135961902	1	1
10011993	94332126	1	3
10011993	94332126	1	3
10011993	94332126	1	3
10011993	33644796	1	1
10011993	399255321	1	3
10011993	399255321	1	3
10011993	399255321	1	3
10011993	303111181	1	2
10011993	303111181	1	2
10011993	372995322	1	2
10011993	372995322	1	2
10011993	132120956	1	1
10011993	13067602	1	2
10011993	13067602	1	2
10011993	134336932	1	3
10011993	134336932	1	3
10011993	134336932	1	3
10011993	376272630	1	1
10011993	238240469	1	5
10011993	238240469	1	5
10011993	238240469	1	5
10011993	238240469	1	5
10011993	238240469	1	5
10011993	187621513	1	1
10011993	69365698	1	2
10011993	69365698	1	2
10011993	214384071	1	2
10011993	214384071	1	2
10011993	266326520	1	4
10011993	266326520	1	4
10011993	266326520	1	4
10011993	266326520	1	4
10011993	49976128	1	2
10011993	49976128	1	2
10011993	227331446	1	2
10011993	227331446	1	2
10011993	45662693	1	2
10011993	45662693	1	2
10011993	178853021	1	1
10011993	304235745	1	1
10011993	206717036	1	2
10011993	206717036	1	2
10011993	219558288	1	1
10011993	170839142	1	3
10011993	170839142	1	3
10011993	170839142	1	3
10011993	107421143	1	2
10011993	107421143	1	2
10011993	349381272	1	2
10011993	349381272	1	2
10011993	66779702	1	15
10011993	66779702	1	15
10011993	66779702	1	15
10011993	66779702	1	15
10011993	66779702	1	15
10011993	66779702	4	15
10011993	66779702	1	15
10011993	66779702	1	15
10011993	66779702	1	15
10011993	66779702	1	15
10011993	66779702	1	15
10011993	66779702	1	15
10011993	66779702	3	15
10011993	66779702	1	15
10011993	66779702	1	15
10011993	82865422	1	2
10011993	82865422	1	2
10011993	37991180	1	1
10011993	12543843	1	2
10011993	12543843	1	2
10011993	403532619	1	2
10011993	403532619	1	2
10011993	40296975	1	2
10011993	40296975	1	2
10011993	135052201	1	2
10011993	135052201	1	2
10011993	134356416	1	1
10011993	292376176	1	21
10011993	292376176	1	21
10011993	292376176	1	21
10011993	292376176	3	21
10011993	292376176	1	21
10011993	292376176	1	21
10011993	292376176	1	21
10011993	292376176	1	21
10011993	292376176	4	21
10011993	292376176	1	21
10011993	292376176	1	21
10011993	292376176	1	21
10011993	292376176	1	21
10011993	292376176	1	21
10011993	292376176	1	21
10011993	292376176	1	21
10011993	292376176	1	21
10011993	292376176	1	21
10011993	292376176	1	21
10011993	292376176	1	21
10011993	292376176	1	21
10011993	272190116	1	1
10011993	348036671	1	4
10011993	348036671	1	4
10011993	348036671	1	4
10011993	348036671	1	4
10011993	280432827	1	3
10011993	280432827	1	3
10011993	280432827	1	3
10011993	200247545	1	1
10011993	1719385	1	2
10011993	1719385	1	2
10011993	145838783	1	2
10011993	145838783	1	2
10011993	177602813	1	1
10011993	392827016	1	2
10011993	392827016	1	2
10011993	8799693	1	2
10011993	8799693	1	2
10011993	8882205	1	2
10011993	8882205	1	2
10011993	195579191	1	2
10011993	195579191	1	2
10011993	115778202	1	1
10011993	403459169	1	3
10011993	403459169	1	3
10011993	403459169	1	3
10011993	375963499	1	2
10011993	375963499	1	2
10011993	153910710	1	2
10011993	153910710	1	2
10011993	296009751	3	4
10011993	296009751	1	4
10011993	296009751	1	4
10011993	296009751	1	4
10011993	12666473	1	2
10011993	12666473	1	2
10011993	63909414	1	2
10011993	63909414	1	2
10011993	163756991	1	1
10011993	288052252	1	2
10011993	288052252	1	2
10011993	276095506	1	2
10011993	276095506	1	2
10011993	299582358	1	2
10011993	299582358	1	2
10011993	10318936	1	3
10011993	10318936	1	3
10011993	10318936	1	3
10011993	34237855	1	4
10011993	34237855	1	4
10011993	34237855	1	4
10011993	34237855	1	4
10011993	270789963	1	3
10011993	270789963	1	3
10011993	270789963	3	3
10011993	110559217	1	1
10011993	275741480	1	2
10011993	275741480	1	2
10011993	163424309	1	2
10011993	163424309	1	2
10011993	254332410	1	3
10011993	254332410	1	3
10011993	254332410	1	3
10011993	335674022	1	2
10011993	335674022	1	2
10011993	300165284	1	12
10011993	300165284	1	12
10011993	300165284	3	12
10011993	300165284	1	12
10011993	300165284	1	12
10011993	300165284	1	12
10011993	300165284	1	12
10011993	300165284	1	12
10011993	300165284	1	12
10011993	300165284	1	12
10011993	300165284	1	12
10011993	300165284	1	12
10011993	394219526	1	2
10011993	394219526	1	2
10011993	77135480	1	1
10011993	119890470	1	1
10011993	156892945	1	2
10011993	156892945	1	2
10011993	44653147	1	1
10011993	268899540	1	4
10011993	268899540	1	4
10011993	268899540	1	4
10011993	268899540	1	4
10011993	347659043	1	2
10011993	347659043	1	2
10011993	120808653	1	2
10011993	120808653	1	2
10011993	212782787	1	1
10011993	109561329	1	1
10011993	56710962	1	1
10011993	176616895	1	2
10011993	176616895	1	2
10011993	316493491	1	2
10011993	316493491	1	2
10011993	188334259	1	2
10011993	188334259	1	2
10011993	230070976	1	2
10011993	230070976	1	2
10011993	51267923	1	2
10011993	51267923	1	2
10011993	341254772	1	2
10011993	341254772	1	2
10011993	266922867	1	2
10011993	266922867	1	2
10011993	273989844	1	2
10011993	273989844	1	2
10011993	158973092	1	2
10011993	158973092	1	2
10011993	144934492	1	1
10011993	107492792	1	1
10011993	326565056	1	1
10011993	319804251	1	2
10011993	319804251	1	2
10011993	239155212	1	3
10011993	239155212	1	3
10011993	239155212	1	3
10011993	64727375	1	1
10011993	145567526	1	1
10011993	194537976	1	2
10011993	194537976	1	2
10011993	334133672	1	2
10011993	334133672	1	2
10011993	116008703	1	2
10011993	116008703	1	2
10011993	209343119	1	5
10011993	209343119	1	5
10011993	209343119	1	5
10011993	209343119	1	5
10011993	209343119	1	5
10011993	340934227	1	1
10011993	301736723	1	1
10011993	398411617	1	5
10011993	398411617	1	5
10011993	398411617	1	5
10011993	398411617	3	5
10011993	398411617	3	5
10011993	132992734	1	2
10011993	132992734	1	2
10011993	382147514	1	3
10011993	382147514	1	3
10011993	382147514	1	3
10011993	299241345	1	2
10011993	299241345	1	2
10011993	54216479	1	2
10011993	54216479	1	2
10011993	44433942	1	2
10011993	44433942	1	2
10011993	376967652	1	20
10011993	376967652	1	20
10011993	376967652	4	20
10011993	376967652	1	20
10011993	376967652	1	20
10011993	376967652	1	20
10011993	376967652	1	20
10011993	376967652	1	20
10011993	376967652	1	20
10011993	376967652	1	20
10011993	376967652	1	20
10011993	376967652	3	20
10011993	376967652	1	20
10011993	376967652	1	20
10011993	376967652	1	20
10011993	376967652	1	20
10011993	376967652	1	20
10011993	376967652	1	20
10011993	376967652	1	20
10011993	376967652	1	20
10011993	279116063	1	1
10011993	387828497	1	1
10011993	250019181	1	2
10011993	250019181	1	2
10011993	132760831	1	1
10011993	223076723	1	2
10011993	223076723	1	2
10011993	171338071	1	1
10011993	11261442	1	1
10011993	214516743	1	4
10011993	214516743	1	4
10011993	214516743	1	4
10011993	214516743	1	4
10011993	144000540	1	1
10011993	51754307	1	2
10011993	51754307	1	2
10011993	20813394	1	2
10011993	20813394	1	2
10011993	7177027	1	1
10011993	179735797	1	2
10011993	179735797	1	2
10011993	239765954	1	2
10011993	239765954	1	2
10011993	137768298	1	1
10011993	143420851	1	3
10011993	143420851	1	3
10011993	143420851	1	3
10011993	86184213	1	1
10011993	55330639	1	1
10011993	274592542	1	3
10011993	274592542	1	3
10011993	274592542	1	3
10011993	275130285	1	6
10011993	275130285	1	6
10011993	275130285	3	6
10011993	275130285	1	6
10011993	275130285	1	6
10011993	275130285	1	6
10011993	341552759	1	2
10011993	341552759	1	2
10011993	18694794	1	1
10011993	310440356	1	1
10011993	365360957	1	4
10011993	365360957	1	4
10011993	365360957	1	4
10011993	365360957	1	4
10011993	43377995	1	1
10011993	174861729	1	2
10011993	174861729	1	2
10011993	202550104	1	2
10011993	202550104	1	2
10011993	88642871	1	2
10011993	88642871	1	2
10011993	192917953	1	5
10011993	192917953	1	5
10011993	192917953	1	5
10011993	192917953	3	5
10011993	192917953	1	5
10011993	57517394	1	13
10011993	57517394	1	13
10011993	57517394	3	13
10011993	57517394	4	13
10011993	57517394	1	13
10011993	57517394	1	13
10011993	57517394	1	13
10011993	57517394	1	13
10011993	57517394	1	13
10011993	57517394	1	13
10011993	57517394	1	13
10011993	57517394	1	13
10011993	57517394	1	13
10011993	401691398	1	2
10011993	401691398	1	2
10011993	386337510	1	2
10011993	386337510	1	2
10011993	316443354	1	2
10011993	316443354	1	2
10011993	296115926	1	2
10011993	296115926	1	2
10011993	133262544	1	3
10011993	133262544	1	3
10011993	133262544	1	3
10011993	68510250	1	2
10011993	68510250	1	2
10011993	274867751	1	1
10011993	383218713	1	1
10011993	115649693	1	3
10011993	115649693	1	3
10011993	115649693	1	3
10011993	33446286	1	1
10011993	368815276	1	2
10011993	368815276	1	2
10011993	381979744	1	1
10011993	99027772	1	2
10011993	99027772	1	2
10011993	331042865	1	5
10011993	331042865	1	5
10011993	331042865	1	5
10011993	331042865	1	5
10011993	331042865	1	5
10011993	153826841	1	2
10011993	153826841	1	2
10011993	243273308	1	2
10011993	243273308	1	2
10011993	86054067	1	1
10011993	393859535	1	12
10011993	393859535	1	12
10011993	393859535	1	12
10011993	393859535	1	12
10011993	393859535	1	12
10011993	393859535	4	12
10011993	393859535	1	12
10011993	393859535	1	12
10011993	393859535	1	12
10011993	393859535	1	12
10011993	393859535	1	12
10011993	393859535	1	12
10011993	310938624	1	1
10011993	109360949	1	2
10011993	109360949	1	2
10011993	380449186	1	3
10011993	380449186	1	3
10011993	380449186	1	3
10011993	117413545	3	3
10011993	117413545	1	3
10011993	117413545	1	3
10011993	11761383	1	3
10011993	11761383	1	3
10011993	11761383	1	3
10011993	297910414	1	2
10011993	297910414	1	2
10011993	29014080	1	2
10011993	29014080	1	2
10011993	75877020	1	1
10011993	195726977	1	14
10011993	195726977	4	14
10011993	195726977	1	14
10011993	195726977	4	14
10011993	195726977	1	14
10011993	195726977	1	14
10011993	195726977	3	14
10011993	195726977	1	14
10011993	195726977	1	14
10011993	195726977	1	14
10011993	195726977	1	14
10011993	195726977	1	14
10011993	195726977	1	14
10011993	195726977	1	14
10011993	141278572	1	1
10011993	334888423	1	3
10011993	334888423	1	3
10011993	334888423	1	3
10011993	310477377	1	1
10011993	326960285	1	3
10011993	326960285	1	3
10011993	326960285	1	3
10011993	118389441	1	2
10011993	118389441	1	2
10011993	208697819	1	2
10011993	208697819	1	2
10011993	3378105	1	2
10011993	3378105	1	2
10011993	298548536	1	1
10011993	228530722	1	1
10011993	326123043	1	3
10011993	326123043	1	3
10011993	326123043	1	3
10011993	248224426	1	5
10011993	248224426	1	5
10011993	248224426	1	5
10011993	248224426	3	5
10011993	248224426	1	5
10011993	15388198	1	2
10011993	15388198	1	2
10011993	259526956	1	1
10011993	4653794	1	1
10011993	353127088	1	1
10011993	64279707	1	7
10011993	64279707	1	7
10011993	64279707	1	7
10011993	64279707	1	7
10011993	64279707	3	7
10011993	64279707	1	7
10011993	64279707	1	7
10011993	290346951	1	2
10011993	290346951	1	2
10011993	31388942	1	1
10011993	112216472	1	5
10011993	112216472	1	5
10011993	112216472	3	5
10011993	112216472	1	5
10011993	112216472	1	5
10011993	343085772	1	1
10011993	66793144	1	3
10011993	66793144	1	3
10011993	66793144	1	3
10011993	22194768	1	4
10011993	22194768	1	4
10011993	22194768	1	4
10011993	22194768	1	4
10011993	318390120	1	1
10011993	392376299	1	2
10011993	392376299	1	2
10011993	370626465	1	2
10011993	370626465	1	2
10011993	212058710	1	2
10011993	212058710	1	2
10011993	94830771	1	4
10011993	94830771	1	4
10011993	94830771	1	4
10011993	94830771	1	4
10011993	33048270	1	2
10011993	33048270	1	2
10011993	398681810	1	3
10011993	398681810	1	3
10011993	398681810	1	3
10011993	337158401	1	3
10011993	337158401	1	3
10011993	337158401	1	3
10011993	214565045	1	1
10011993	312320817	1	1
10011993	301559478	1	2
10011993	301559478	1	2
10011993	150534674	1	2
10011993	150534674	1	2
10011993	393563764	1	6
10011993	393563764	1	6
10011993	393563764	3	6
10011993	393563764	1	6
10011993	393563764	1	6
10011993	393563764	1	6
10011993	15297876	1	1
10011993	113661604	1	2
10011993	113661604	1	2
10011993	245506568	1	1
10011993	191464231	1	1
10011993	374863916	1	2
10011993	374863916	1	2
10011993	311550848	1	2
10011993	311550848	1	2
10011993	171239353	1	2
10011993	171239353	1	2
10011993	18962667	1	3
10011993	18962667	1	3
10011993	18962667	1	3
10011993	93986063	1	2
10011993	93986063	1	2
10011993	38055276	1	2
10011993	38055276	1	2
10011993	211149409	1	4
10011993	211149409	1	4
10011993	211149409	1	4
10011993	211149409	1	4
10011993	314686566	1	2
10011993	314686566	1	2
10011993	221869862	1	2
10011993	221869862	1	2
10011993	109583187	1	3
10011993	109583187	1	3
10011993	109583187	1	3
10011993	346504209	1	2
10011993	346504209	1	2
10011993	170261791	1	5
10011993	170261791	1	5
10011993	170261791	1	5
10011993	170261791	1	5
10011993	170261791	3	5
10011993	295402433	1	2
10011993	295402433	1	2
10011993	187652062	1	1
10011993	255693499	1	1
10011993	24470489	1	2
10011993	24470489	1	2
10011993	145943143	1	1
10011993	272184631	1	4
10011993	272184631	1	4
10011993	272184631	1	4
10011993	272184631	1	4
10011993	45007087	1	3
10011993	45007087	1	3
10011993	45007087	1	3
10011993	46945434	1	4
10011993	46945434	1	4
10011993	46945434	1	4
10011993	46945434	1	4
10011993	82764812	1	2
10011993	82764812	1	2
10011993	383449796	1	2
10011993	383449796	1	2
10011993	235159823	1	3
10011993	235159823	1	3
10011993	235159823	1	3
10011993	255321908	1	3
10011993	255321908	1	3
10011993	255321908	1	3
10011993	55900913	1	4
10011993	55900913	1	4
10011993	55900913	1	4
10011993	55900913	1	4
10011993	179480219	1	2
10011993	179480219	1	2
10011993	193954694	1	4
10011993	193954694	1	4
10011993	193954694	1	4
10011993	193954694	1	4
10011993	256994181	1	1
10011993	21227325	1	5
10011993	21227325	1	5
10011993	21227325	1	5
10011993	21227325	1	5
10011993	21227325	1	5
10011993	398214407	1	1
10011993	249751096	1	3
10011993	249751096	3	3
10011993	249751096	1	3
10011993	123146670	1	2
10011993	123146670	1	2
10011993	239238641	1	5
10011993	239238641	1	5
10011993	239238641	1	5
10011993	239238641	1	5
10011993	239238641	1	5
10011993	291120440	1	1
10011993	311147043	3	7
10011993	311147043	1	7
10011993	311147043	1	7
10011993	311147043	1	7
10011993	311147043	1	7
10011993	311147043	1	7
10011993	311147043	1	7
10011993	98512051	1	2
10011993	98512051	1	2
10011993	35163210	1	1
10011993	179786724	1	2
10011993	179786724	1	2
10011993	345157535	1	1
10011993	334212191	1	2
10011993	334212191	1	2
10011993	196895368	1	2
10011993	196895368	1	2
10011993	371573608	1	2
10011993	371573608	1	2
10011993	85327087	1	2
10011993	85327087	1	2
10011993	287032959	1	1
10011993	56355379	1	1
10011993	175611423	1	2
10011993	175611423	1	2
10011993	345970883	1	3
10011993	345970883	1	3
10011993	345970883	1	3
10011993	393981574	1	2
10011993	393981574	1	2
10011993	106690269	1	3
10011993	106690269	1	3
10011993	106690269	1	3
10011993	328353125	1	1
10011993	120554342	1	3
10011993	120554342	1	3
10011993	120554342	1	3
10011993	75010631	1	1
10011993	316010158	1	6
10011993	316010158	1	6
10011993	316010158	1	6
10011993	316010158	1	6
10011993	316010158	4	6
10011993	316010158	1	6
10011993	35096600	1	7
10011993	35096600	1	7
10011993	35096600	4	7
10011993	35096600	1	7
10011993	35096600	1	7
10011993	35096600	3	7
10011993	35096600	1	7
10011993	153286349	1	2
10011993	153286349	1	2
10011993	16367435	1	3
10011993	16367435	1	3
10011993	16367435	3	3
10011993	127049592	1	1
10011993	398488481	1	1
10011993	70135684	1	2
10011993	70135684	1	2
10011993	229887482	1	1
10011993	332391413	1	2
10011993	332391413	1	2
10011993	3258809	1	2
10011993	3258809	1	2
10011993	2341601	1	1
10011993	382377596	3	3
10011993	382377596	1	3
10011993	382377596	1	3
10011993	134119432	1	2
10011993	134119432	1	2
10011993	59194870	1	3
10011993	59194870	1	3
10011993	59194870	1	3
10011993	116761352	1	1
10011993	251306799	1	2
10011993	251306799	1	2
10011993	21144113	1	2
10011993	21144113	1	2
10011993	299874445	1	2
10011993	299874445	1	2
10011993	2963167	1	1
10011993	60556337	1	2
10011993	60556337	1	2
10011993	96597814	1	1
10011993	6728191	1	2
10011993	6728191	1	2
10011993	138930077	1	2
10011993	138930077	1	2
10011993	105157483	1	8
10011993	105157483	1	8
10011993	105157483	1	8
10011993	105157483	1	8
10011993	105157483	1	8
10011993	105157483	3	8
10011993	105157483	1	8
10011993	105157483	1	8
10011993	44560528	1	5
10011993	44560528	1	5
10011993	44560528	1	5
10011993	44560528	1	5
10011993	44560528	3	5
10011993	212079674	1	2
10011993	212079674	1	2
10011993	247894044	1	2
10011993	247894044	1	2
10011993	217391882	1	2
10011993	217391882	1	2
10011993	276390765	1	2
10011993	276390765	1	2
10011993	269562042	1	3
10011993	269562042	1	3
10011993	269562042	3	3
10011993	340649708	1	3
10011993	340649708	1	3
10011993	340649708	1	3
10011993	189979868	1	1
10011993	201826483	1	8
10011993	201826483	3	8
10011993	201826483	4	8
10011993	201826483	1	8
10011993	201826483	1	8
10011993	201826483	1	8
10011993	201826483	1	8
10011993	201826483	1	8
10011993	195070325	1	2
10011993	195070325	1	2
10011993	245242187	1	20
10011993	245242187	1	20
10011993	245242187	1	20
10011993	245242187	1	20
10011993	245242187	1	20
10011993	245242187	1	20
10011993	245242187	1	20
10011993	245242187	1	20
10011993	245242187	1	20
10011993	245242187	1	20
10011993	245242187	1	20
10011993	245242187	1	20
10011993	245242187	3	20
10011993	245242187	4	20
10011993	245242187	1	20
10011993	245242187	1	20
10011993	245242187	1	20
10011993	245242187	1	20
10011993	245242187	1	20
10011993	245242187	1	20
10011993	112096057	1	2
10011993	112096057	1	2
10011993	361195488	1	2
10011993	361195488	1	2
10011993	5565137	1	4
10011993	5565137	1	4
10011993	5565137	1	4
10011993	5565137	1	4
10011993	141480762	1	1
10011993	161582718	1	2
10011993	161582718	1	2
10011993	39999340	1	2
10011993	39999340	1	2
10011993	388852089	1	2
10011993	388852089	1	2
10011993	389133672	1	2
10011993	389133672	1	2
10011993	62218114	1	2
10011993	62218114	1	2
10011993	17700910	1	2
10011993	17700910	1	2
10011993	39592100	1	2
10011993	39592100	1	2
10011993	322920550	1	2
10011993	322920550	1	2
10011993	293593385	1	2
10011993	293593385	1	2
10011993	55825129	1	1
10011993	329646487	1	2
10011993	329646487	1	2
10011993	259439008	1	4
10011993	259439008	3	4
10011993	259439008	1	4
10011993	259439008	1	4
10011993	263288683	1	3
10011993	263288683	3	3
10011993	263288683	1	3
10011993	205919690	1	1
10011993	339003043	1	2
10011993	339003043	1	2
10011993	314791636	1	2
10011993	314791636	1	2
10011993	106076469	1	2
10011993	106076469	1	2
10011993	8683794	1	5
10011993	8683794	1	5
10011993	8683794	1	5
10011993	8683794	1	5
10011993	8683794	1	5
10011993	127262960	1	2
10011993	127262960	1	2
10011993	40492988	1	3
10011993	40492988	1	3
10011993	40492988	1	3
10011993	200564902	1	2
10011993	200564902	1	2
10011993	400344528	1	1
10011993	393950429	1	8
10011993	393950429	1	8
10011993	393950429	3	8
10011993	393950429	1	8
10011993	393950429	1	8
10011993	393950429	1	8
10011993	393950429	1	8
10011993	393950429	1	8
10011993	114699070	1	5
10011993	114699070	1	5
10011993	114699070	1	5
10011993	114699070	3	5
10011993	114699070	1	5
10011993	383983389	3	6
10011993	383983389	1	6
10011993	383983389	1	6
10011993	383983389	1	6
10011993	383983389	1	6
10011993	383983389	1	6
10011993	164047906	1	2
10011993	164047906	1	2
10011993	88517400	1	4
10011993	88517400	1	4
10011993	88517400	1	4
10011993	88517400	1	4
10011993	82670751	1	1
10011993	181213015	1	1
10011993	57275572	1	3
10011993	57275572	1	3
10011993	57275572	1	3
10011993	315747841	1	1
10011993	233479378	1	2
10011993	233479378	1	2
10011993	3704901	1	2
10011993	3704901	1	2
10011993	161313559	1	4
10011993	161313559	1	4
10011993	161313559	1	4
10011993	161313559	1	4
10011993	223353284	1	2
10011993	223353284	1	2
10011993	147105316	1	2
10011993	147105316	1	2
10011993	108366118	1	1
10011993	396843324	1	2
10011993	396843324	1	2
10011993	222796002	1	1
10011993	179332970	1	4
10011993	179332970	1	4
10011993	179332970	1	4
10011993	179332970	1	4
10011993	196047412	1	1
10011993	63210867	1	2
10011993	63210867	1	2
10011993	74176178	1	1
10011993	147138451	1	1
10011993	173095649	1	2
10011993	173095649	1	2
10011993	378145496	1	1
10011993	222641072	1	1
10011993	355926038	1	1
10011993	119576628	1	2
10011993	119576628	1	2
10011993	209777635	1	4
10011993	209777635	1	4
10011993	209777635	1	4
10011993	209777635	1	4
10011993	389449964	1	1
10011993	178529554	1	3
10011993	178529554	1	3
10011993	178529554	1	3
10011993	398347449	1	2
10011993	398347449	1	2
10011993	296573030	1	1
10011993	79356457	1	2
10011993	79356457	1	2
10011993	121384226	1	2
10011993	121384226	1	2
10011993	192838334	1	2
10011993	192838334	1	2
10011993	352465050	1	2
10011993	352465050	1	2
10011993	238805268	1	2
10011993	238805268	1	2
10011993	206071049	1	18
10011993	206071049	1	18
10011993	206071049	1	18
10011993	206071049	1	18
10011993	206071049	1	18
10011993	206071049	1	18
10011993	206071049	1	18
10011993	206071049	1	18
10011993	206071049	1	18
10011993	206071049	1	18
10011993	206071049	1	18
10011993	206071049	1	18
10011993	206071049	1	18
10011993	206071049	1	18
10011993	206071049	1	18
10011993	206071049	1	18
10011993	206071049	1	18
10011993	206071049	1	18
10011993	22750583	1	9
10011993	22750583	3	9
10011993	22750583	1	9
10011993	22750583	1	9
10011993	22750583	1	9
10011993	22750583	1	9
10011993	22750583	1	9
10011993	22750583	1	9
10011993	22750583	1	9
10011993	162112491	1	2
10011993	162112491	1	2
10011993	255835995	1	2
10011993	255835995	1	2
10011993	20371190	1	2
10011993	20371190	1	2
10011993	220901978	1	2
10011993	220901978	1	2
10011993	321792003	1	2
10011993	321792003	1	2
10011993	378264980	1	2
10011993	378264980	1	2
10011993	326222748	1	1
10011993	130349089	1	1
10011993	320469740	1	1
10011993	183036955	1	2
10011993	183036955	1	2
10011993	236193411	1	2
10011993	236193411	1	2
10011993	86167113	1	2
10011993	86167113	1	2
10011993	259161091	1	2
10011993	259161091	1	2
10011993	102490713	1	1
10011993	368841708	1	2
10011993	368841708	1	2
10011993	231374311	1	3
10011993	231374311	1	3
10011993	231374311	1	3
10011993	19485074	1	1
10011993	7239321	1	2
10011993	7239321	1	2
10011993	315869043	1	2
10011993	315869043	1	2
10011993	109537092	1	2
10011993	109537092	1	2
10011993	298080580	1	2
10011993	298080580	1	2
10011993	375766601	1	1
10011993	15410023	1	2
10011993	15410023	1	2
10011993	365276950	1	2
10011993	365276950	1	2
10011993	85543520	1	1
10011993	356200694	1	2
10011993	356200694	1	2
10011993	66824494	1	2
10011993	66824494	1	2
10011993	280928408	1	4
10011993	280928408	1	4
10011993	280928408	1	4
10011993	280928408	1	4
10011993	319764576	1	2
10011993	319764576	1	2
10011993	371413400	1	2
10011993	371413400	1	2
10011993	18347996	1	3
10011993	18347996	1	3
10011993	18347996	1	3
10011993	138313622	1	1
10011993	61986354	1	1
10011993	210019203	1	1
10011993	290726180	1	1
10011993	103125650	1	4
10011993	103125650	1	4
10011993	103125650	1	4
10011993	103125650	1	4
10011993	129559105	1	1
10011993	117499830	1	2
10011993	117499830	1	2
10011993	302427966	1	2
10011993	302427966	1	2
10011993	272217345	1	1
10011993	269198752	3	3
10011993	269198752	1	3
10011993	269198752	1	3
10011993	359362039	1	4
10011993	359362039	1	4
10011993	359362039	1	4
10011993	359362039	1	4
10011993	257403188	1	4
10011993	257403188	1	4
10011993	257403188	1	4
10011993	257403188	1	4
10011993	19440058	1	2
10011993	19440058	1	2
10011993	265393390	1	1
10011993	205858337	1	2
10011993	205858337	1	2
10011993	258161338	1	1
10011993	4864284	1	1
10011993	65548664	1	2
10011993	65548664	1	2
10011993	59020787	1	2
10011993	59020787	1	2
10011993	118204760	1	2
10011993	118204760	1	2
10011993	21355492	1	1
10011993	170789593	1	1
10011993	222725219	1	1
10011993	134492828	1	2
10011993	134492828	1	2
10011993	118385461	1	2
10011993	118385461	1	2
10011993	87093417	1	1
10011993	37072313	1	2
10011993	37072313	1	2
10011993	212294509	1	2
10011993	212294509	1	2
10011993	240199825	1	3
10011993	240199825	1	3
10011993	240199825	1	3
10011993	176207291	1	3
10011993	176207291	1	3
10011993	176207291	1	3
10011993	202821574	1	3
10011993	202821574	1	3
10011993	202821574	1	3
10011993	65205749	1	1
10011993	134754868	1	3
10011993	134754868	1	3
10011993	134754868	1	3
10011993	197366188	1	2
10011993	197366188	1	2
10011993	18676282	1	3
10011993	18676282	1	3
10011993	18676282	1	3
10011993	338433418	1	1
10011993	83831794	1	2
10011993	83831794	1	2
10011993	401675203	1	1
10011993	351809611	1	2
10011993	351809611	1	2
10011993	374679564	1	1
10011993	404447175	1	2
10011993	404447175	1	2
10011993	22356062	1	1
10011993	164562954	1	3
10011993	164562954	1	3
10011993	164562954	1	3
10011993	5011473	1	1
10011993	39332157	1	2
10011993	39332157	1	2
10011993	305855972	1	3
10011993	305855972	1	3
10011993	305855972	1	3
10011993	86248461	1	2
10011993	86248461	1	2
10011993	360573721	1	1
10011993	206650822	1	2
10011993	206650822	1	2
10011993	284159869	1	5
10011993	284159869	1	5
10011993	284159869	1	5
10011993	284159869	1	5
10011993	284159869	1	5
10011993	39647803	1	2
10011993	39647803	1	2
10011993	299794482	1	2
10011993	299794482	1	2
10011993	154142964	1	1
10011993	341944190	1	2
10011993	341944190	1	2
10011993	394146560	1	1
10011993	26004844	1	3
10011993	26004844	1	3
10011993	26004844	1	3
10011993	249704583	1	5
10011993	249704583	1	5
10011993	249704583	3	5
10011993	249704583	1	5
10011993	249704583	1	5
10011993	333594581	1	2
10011993	333594581	1	2
10011993	380599572	1	2
10011993	380599572	1	2
10011993	336279728	1	1
10011993	100188039	1	2
10011993	100188039	1	2
10011993	83451205	1	1
10011993	392227641	1	2
10011993	392227641	1	2
10011993	161325453	1	5
10011993	161325453	1	5
10011993	161325453	1	5
10011993	161325453	3	5
10011993	161325453	1	5
10011993	246931219	1	1
10011993	26067496	1	3
10011993	26067496	1	3
10011993	26067496	1	3
10011993	263546370	1	3
10011993	263546370	1	3
10011993	263546370	1	3
10011993	220933881	1	3
10011993	220933881	1	3
10011993	220933881	1	3
10011993	196149313	1	3
10011993	196149313	1	3
10011993	196149313	1	3
10011993	250444506	1	1
10011993	95112065	1	3
10011993	95112065	1	3
10011993	95112065	1	3
10011993	119576310	1	2
10011993	119576310	1	2
10011993	393366025	1	4
10011993	393366025	3	4
10011993	393366025	1	4
10011993	393366025	1	4
10011993	296677391	1	1
10011993	77402066	1	2
10011993	77402066	1	2
10011993	191720741	1	3
10011993	191720741	1	3
10011993	191720741	1	3
10011993	365182638	1	4
10011993	365182638	1	4
10011993	365182638	1	4
10011993	365182638	1	4
10011993	207589189	1	1
10011993	57691932	1	4
10011993	57691932	1	4
10011993	57691932	1	4
10011993	57691932	1	4
10011993	232880259	1	1
10011993	63197516	1	11
10011993	63197516	1	11
10011993	63197516	1	11
10011993	63197516	3	11
10011993	63197516	1	11
10011993	63197516	1	11
10011993	63197516	1	11
10011993	63197516	1	11
10011993	63197516	1	11
10011993	63197516	1	11
10011993	63197516	4	11
10011993	42710253	1	1
10011993	85854614	1	4
10011993	85854614	1	4
10011993	85854614	1	4
10011993	85854614	1	4
10011993	124558152	1	2
10011993	124558152	1	2
10011993	262281553	1	2
10011993	262281553	1	2
10011993	219623758	1	2
10011993	219623758	1	2
10011993	266397256	1	1
10011993	190724195	1	2
10011993	190724195	1	2
10011993	44797268	1	1
10011993	148528649	1	2
10011993	148528649	1	2
10011993	329330903	1	1
10011993	68504107	1	5
10011993	68504107	1	5
10011993	68504107	1	5
10011993	68504107	1	5
10011993	68504107	1	5
10011993	194068666	1	1
10011993	177877477	1	2
10011993	177877477	1	2
10011993	348345059	1	2
10011993	348345059	1	2
10011993	239011213	1	3
10011993	239011213	1	3
10011993	239011213	1	3
10011993	157613640	1	3
10011993	157613640	1	3
10011993	157613640	1	3
10011993	180277069	1	1
10011993	113420501	1	3
10011993	113420501	1	3
10011993	113420501	1	3
10011993	315707362	1	2
10011993	315707362	1	2
10011993	68879497	1	3
10011993	68879497	1	3
10011993	68879497	1	3
10011993	206646148	1	1
10011993	235206582	1	1
10011993	400063056	1	17
10011993	400063056	1	17
10011993	400063056	1	17
10011993	400063056	1	17
10011993	400063056	1	17
10011993	400063056	1	17
10011993	400063056	1	17
10011993	400063056	1	17
10011993	400063056	4	17
10011993	400063056	1	17
10011993	400063056	1	17
10011993	400063056	1	17
10011993	400063056	3	17
10011993	400063056	1	17
10011993	400063056	1	17
10011993	400063056	1	17
10011993	400063056	1	17
10011993	291177632	1	3
10011993	291177632	1	3
10011993	291177632	1	3
10011993	164259683	1	1
10011993	98324577	1	4
10011993	98324577	3	4
10011993	98324577	1	4
10011993	98324577	1	4
10011993	259533984	1	8
10011993	259533984	3	8
10011993	259533984	1	8
10011993	259533984	1	8
10011993	259533984	1	8
10011993	259533984	1	8
10011993	259533984	1	8
10011993	259533984	1	8
10011993	56532767	1	1
10011993	182406738	1	3
10011993	182406738	1	3
10011993	182406738	1	3
10011993	4342614	1	5
10011993	4342614	1	5
10011993	4342614	1	5
10011993	4342614	3	5
10011993	4342614	1	5
10011993	11721142	1	4
10011993	11721142	3	4
10011993	11721142	1	4
10011993	11721142	1	4
10011993	403749151	1	1
10011993	348715262	3	7
10011993	348715262	1	7
10011993	348715262	1	7
10011993	348715262	1	7
10011993	348715262	1	7
10011993	348715262	1	7
10011993	348715262	1	7
10011993	138632346	1	1
10011993	376914244	1	1
10011993	266872694	1	1
10011993	257914953	1	1
10011993	55915004	1	2
10011993	55915004	1	2
10011993	291191910	1	1
10011993	186639118	1	2
10011993	186639118	1	2
10011993	32638195	1	4
10011993	32638195	1	4
10011993	32638195	1	4
10011993	32638195	3	4
10011993	330963177	1	1
10011993	74482281	1	2
10011993	74482281	1	2
10011993	320941639	1	2
10011993	320941639	3	2
10011993	295732704	1	2
10011993	295732704	1	2
10011993	213088198	1	2
10011993	213088198	1	2
10011993	52482841	1	2
10011993	52482841	1	2
10011993	121615689	1	1
10011993	282401315	1	2
10011993	282401315	1	2
10011993	102601360	1	2
10011993	102601360	1	2
10011993	133265256	1	3
10011993	133265256	1	3
10011993	133265256	1	3
10011993	143435679	1	2
10011993	143435679	1	2
10011993	385168506	1	2
10011993	385168506	1	2
10011993	233374798	3	2
10011993	233374798	1	2
10011993	200012652	1	2
10011993	200012652	1	2
10011993	357064043	1	4
10011993	357064043	1	4
10011993	357064043	1	4
10011993	357064043	1	4
10011993	360626266	1	4
10011993	360626266	1	4
10011993	360626266	1	4
10011993	360626266	1	4
10011993	33942277	1	2
10011993	33942277	1	2
10011993	228754898	1	2
10011993	228754898	1	2
10011993	376376110	1	2
10011993	376376110	1	2
10011993	137681170	1	2
10011993	137681170	1	2
10011993	20862061	1	2
10011993	20862061	1	2
10011993	187144445	1	1
10011993	175838715	1	2
10011993	175838715	1	2
10011993	129715376	1	2
10011993	129715376	1	2
10011993	295145440	1	2
10011993	295145440	1	2
10011993	153870515	1	2
10011993	153870515	1	2
10011993	174762159	1	2
10011993	174762159	1	2
10011993	122379331	1	2
10011993	122379331	1	2
10011993	217759379	1	2
10011993	217759379	1	2
10011993	251264482	1	6
10011993	251264482	1	6
10011993	251264482	3	6
10011993	251264482	1	6
10011993	251264482	1	6
10011993	251264482	1	6
10011993	236523151	1	3
10011993	236523151	1	3
10011993	236523151	1	3
10011993	12146832	1	2
10011993	12146832	1	2
10011993	323261206	1	2
10011993	323261206	1	2
10011993	246602597	1	1
10011993	190393772	1	1
10011993	236464781	1	11
10011993	236464781	1	11
10011993	236464781	1	11
10011993	236464781	1	11
10011993	236464781	3	11
10011993	236464781	1	11
10011993	236464781	1	11
10011993	236464781	1	11
10011993	236464781	1	11
10011993	236464781	1	11
10011993	236464781	1	11
10011993	300603190	1	1
10011993	155503286	1	2
10011993	155503286	1	2
10011993	130172019	1	3
10011993	130172019	1	3
10011993	130172019	1	3
10011993	154125519	1	2
10011993	154125519	1	2
10011993	282152978	1	1
10011993	88983303	1	2
10011993	88983303	1	2
10011993	360194930	1	3
10011993	360194930	1	3
10011993	360194930	1	3
10011993	24793522	1	1
10011993	71499586	1	1
10011993	211215108	1	2
10011993	211215108	1	2
10011993	148606390	1	2
10011993	148606390	1	2
10011993	217644924	1	2
10011993	217644924	1	2
10011993	393233255	1	1
10011993	73726431	1	2
10011993	73726431	1	2
10011993	191509576	1	2
10011993	191509576	1	2
10011993	118222201	1	1
10011993	218737896	1	6
10011993	218737896	1	6
10011993	218737896	1	6
10011993	218737896	1	6
10011993	218737896	1	6
10011993	218737896	1	6
10011993	307846343	1	4
10011993	307846343	1	4
10011993	307846343	1	4
10011993	307846343	1	4
10011993	130996278	1	1
10011993	272103172	1	2
10011993	272103172	1	2
10011993	215514244	1	1
10011993	118930158	1	2
10011993	118930158	1	2
10011993	335337538	1	2
10011993	335337538	1	2
10011993	26200534	1	2
10011993	26200534	1	2
10011993	322102408	1	2
10011993	322102408	1	2
10011993	27895932	1	3
10011993	27895932	1	3
10011993	27895932	1	3
10011993	97963564	1	2
10011993	97963564	1	2
10011993	112756568	1	5
10011993	112756568	1	5
10011993	112756568	1	5
10011993	112756568	1	5
10011993	112756568	3	5
10011993	153248151	1	3
10011993	153248151	1	3
10011993	153248151	1	3
10011993	259958468	1	1
10011993	19725902	1	7
10011993	19725902	1	7
10011993	19725902	1	7
10011993	19725902	1	7
10011993	19725902	1	7
10011993	19725902	3	7
10011993	19725902	1	7
10011993	372775422	1	1
10011993	22867909	1	3
10011993	22867909	1	3
10011993	22867909	1	3
10011993	159088390	1	4
10011993	159088390	1	4
10011993	159088390	3	4
10011993	159088390	1	4
10011993	17578376	1	2
10011993	17578376	1	2
10011993	83944943	1	2
10011993	83944943	1	2
10011993	92243714	1	2
10011993	92243714	1	2
10011993	294671494	1	2
10011993	294671494	1	2
10011993	305942414	1	3
10011993	305942414	1	3
10011993	305942414	1	3
10011993	115989988	1	2
10011993	115989988	1	2
10011993	13609237	1	2
10011993	13609237	1	2
10011993	372095534	1	1
10011993	50915145	1	2
10011993	50915145	1	2
10011993	263676452	1	2
10011993	263676452	1	2
10011993	376110465	1	1
10011993	325657938	1	1
10011993	162355736	1	2
10011993	162355736	1	2
10011993	202367348	1	1
10011993	217534377	1	4
10011993	217534377	1	4
10011993	217534377	1	4
10011993	217534377	1	4
10011993	383966564	1	3
10011993	383966564	1	3
10011993	383966564	1	3
10011993	98636568	1	3
10011993	98636568	1	3
10011993	98636568	1	3
10011993	65353951	1	1
10011993	64717403	1	1
10011993	365772386	1	1
10011993	358800015	1	2
10011993	358800015	1	2
10011993	349263884	1	2
10011993	349263884	1	2
10011993	166002478	1	2
10011993	166002478	1	2
10011993	107861238	1	2
10011993	107861238	1	2
10011993	342945774	1	1
10011993	281048798	1	1
10011993	196065538	1	4
10011993	196065538	1	4
10011993	196065538	1	4
10011993	196065538	1	4
10011993	375760128	1	7
10011993	375760128	1	7
10011993	375760128	1	7
10011993	375760128	1	7
10011993	375760128	1	7
10011993	375760128	3	7
10011993	375760128	1	7
10011993	185251338	1	2
10011993	185251338	1	2
10011993	369693729	1	2
10011993	369693729	1	2
10011993	34567996	1	2
10011993	34567996	1	2
10011993	19117587	4	7
10011993	19117587	1	7
10011993	19117587	3	7
10011993	19117587	1	7
10011993	19117587	1	7
10011993	19117587	1	7
10011993	19117587	1	7
10011993	374015435	1	8
10011993	374015435	1	8
10011993	374015435	1	8
10011993	374015435	1	8
10011993	374015435	1	8
10011993	374015435	3	8
10011993	374015435	1	8
10011993	374015435	1	8
10011993	103057157	1	3
10011993	103057157	1	3
10011993	103057157	1	3
10011993	399271293	1	4
10011993	399271293	1	4
10011993	399271293	1	4
10011993	399271293	1	4
10011993	214471920	1	3
10011993	214471920	1	3
10011993	214471920	3	3
10011993	185439123	1	4
10011993	185439123	1	4
10011993	185439123	1	4
10011993	185439123	1	4
10011993	166791892	1	5
10011993	166791892	3	5
10011993	166791892	1	5
10011993	166791892	1	5
10011993	166791892	1	5
10011993	291790219	1	2
10011993	291790219	1	2
10011993	388183202	1	2
10011993	388183202	1	2
10011993	363481166	1	2
10011993	363481166	1	2
10011993	248344519	1	2
10011993	248344519	1	2
10011993	195881538	1	1
10011993	190613343	1	2
10011993	190613343	1	2
10011993	101707538	1	2
10011993	101707538	1	2
10011993	359347971	1	1
10011993	351998466	1	5
10011993	351998466	1	5
10011993	351998466	1	5
10011993	351998466	1	5
10011993	351998466	1	5
10011993	185204269	1	2
10011993	185204269	1	2
10011993	163770886	1	3
10011993	163770886	1	3
10011993	163770886	1	3
10011993	385914750	1	1
10011993	95668699	1	1
10011993	264226227	1	2
10011993	264226227	1	2
10011993	71382075	3	5
10011993	71382075	1	5
10011993	71382075	1	5
10011993	71382075	1	5
10011993	71382075	1	5
10011993	361512631	1	1
10011993	128298749	1	1
10011993	288206592	1	3
10011993	288206592	3	3
10011993	288206592	1	3
10011993	354233702	1	2
10011993	354233702	1	2
10011993	310500835	1	3
10011993	310500835	1	3
10011993	310500835	1	3
10011993	21083960	1	4
10011993	21083960	1	4
10011993	21083960	1	4
10011993	21083960	1	4
10011993	91916035	1	2
10011993	91916035	1	2
10011993	218395421	1	1
10011993	133672529	1	1
10011993	206890538	1	2
10011993	206890538	1	2
10011993	81546455	1	3
10011993	81546455	1	3
10011993	81546455	1	3
10011993	79990818	1	2
10011993	79990818	1	2
10011993	48020620	1	1
10011993	49321302	1	2
10011993	49321302	1	2
10011993	179180477	1	4
10011993	179180477	1	4
10011993	179180477	1	4
10011993	179180477	1	4
10011993	104142458	1	2
10011993	104142458	1	2
10011993	346366265	1	1
10011993	294983032	1	3
10011993	294983032	1	3
10011993	294983032	1	3
10011993	180871336	1	2
10011993	180871336	1	2
10011993	210636732	1	2
10011993	210636732	1	2
10011993	367144552	1	3
10011993	367144552	1	3
10011993	367144552	1	3
10011993	294461343	1	4
10011993	294461343	1	4
10011993	294461343	1	4
10011993	294461343	1	4
10011993	343495388	1	2
10011993	343495388	1	2
10011993	263205772	1	2
10011993	263205772	1	2
10011993	22469824	1	2
10011993	22469824	1	2
10011993	137028361	1	2
10011993	137028361	1	2
10011993	23405096	1	2
10011993	23405096	1	2
10011993	44100152	1	1
10011993	96416768	1	2
10011993	96416768	1	2
10011993	337222892	1	1
10011993	165804486	1	2
10011993	165804486	1	2
10011993	265176350	1	1
10011993	78305708	1	1
10011993	89067704	1	1
10011993	275883471	1	4
10011993	275883471	1	4
10011993	275883471	1	4
10011993	275883471	1	4
10011993	317159931	1	1
10011993	232853602	1	2
10011993	232853602	1	2
10011993	358739008	1	2
10011993	358739008	1	2
10011993	233158392	1	2
10011993	233158392	1	2
10011993	320403439	1	1
10011993	341254389	1	4
10011993	341254389	3	4
10011993	341254389	1	4
10011993	341254389	1	4
10011993	402700528	1	2
10011993	402700528	1	2
10011993	173082767	1	2
10011993	173082767	1	2
10011993	378491416	1	8
10011993	378491416	1	8
10011993	378491416	1	8
10011993	378491416	1	8
10011993	378491416	1	8
10011993	378491416	1	8
10011993	378491416	1	8
10011993	378491416	1	8
10011993	106398963	1	7
10011993	106398963	1	7
10011993	106398963	1	7
10011993	106398963	1	7
10011993	106398963	1	7
10011993	106398963	1	7
10011993	106398963	1	7
10011993	218896669	1	1
10011993	41709437	1	1
10011993	129696862	1	3
10011993	129696862	1	3
10011993	129696862	1	3
10011993	126580635	1	2
10011993	126580635	1	2
10011993	102897007	1	2
10011993	102897007	1	2
10011993	385838232	3	9
10011993	385838232	1	9
10011993	385838232	1	9
10011993	385838232	1	9
10011993	385838232	1	9
10011993	385838232	1	9
10011993	385838232	4	9
10011993	385838232	1	9
10011993	385838232	1	9
10011993	161373599	1	2
10011993	161373599	1	2
10011993	278848491	1	1
10011993	187322237	1	2
10011993	187322237	1	2
10011993	60791089	1	1
10011993	322809791	1	1
10011993	133895958	1	1
10011993	354464965	1	2
10011993	354464965	1	2
10011993	79097044	1	3
10011993	79097044	1	3
10011993	79097044	1	3
10011993	253802632	1	1
10011993	365235283	1	1
10011993	142720896	1	5
10011993	142720896	3	5
10011993	142720896	1	5
10011993	142720896	1	5
10011993	142720896	1	5
10011993	196205556	1	2
10011993	196205556	1	2
10011993	234242223	1	3
10011993	234242223	1	3
10011993	234242223	1	3
10011993	285336111	1	2
10011993	285336111	1	2
10011993	283149593	4	9
10011993	283149593	1	9
10011993	283149593	1	9
10011993	283149593	1	9
10011993	283149593	1	9
10011993	283149593	1	9
10011993	283149593	1	9
10011993	283149593	1	9
10011993	283149593	1	9
10011993	245266847	1	8
10011993	245266847	1	8
10011993	245266847	4	8
10011993	245266847	1	8
10011993	245266847	1	8
10011993	245266847	1	8
10011993	245266847	1	8
10011993	245266847	1	8
10011993	99870930	1	1
10011993	29144079	1	2
10011993	29144079	1	2
10011993	320042628	1	3
10011993	320042628	1	3
10011993	320042628	1	3
10011993	339456922	1	2
10011993	339456922	1	2
10011993	215260621	1	2
10011993	215260621	1	2
10011993	28416367	1	1
10011993	341158187	1	2
10011993	341158187	1	2
10011993	352684644	1	1
10011993	370050137	1	2
10011993	370050137	1	2
10011993	193448119	1	1
10011993	63541858	1	2
10011993	63541858	1	2
10011993	273122965	1	2
10011993	273122965	1	2
10011993	69710259	1	1
10011993	70525373	1	6
10011993	70525373	1	6
10011993	70525373	3	6
10011993	70525373	1	6
10011993	70525373	1	6
10011993	70525373	1	6
10011993	114093784	1	4
10011993	114093784	1	4
10011993	114093784	1	4
10011993	114093784	1	4
10011993	226374605	1	3
10011993	226374605	1	3
10011993	226374605	1	3
10011993	229939283	1	1
10011993	339103010	1	1
10011993	111107478	1	4
10011993	111107478	1	4
10011993	111107478	1	4
10011993	111107478	1	4
10011993	285129628	1	3
10011993	285129628	1	3
10011993	285129628	1	3
10011993	268573647	1	3
10011993	268573647	1	3
10011993	268573647	1	3
10011993	243462562	1	6
10011993	243462562	1	6
10011993	243462562	1	6
10011993	243462562	1	6
10011993	243462562	1	6
10011993	243462562	1	6
10011993	178719369	1	2
10011993	178719369	1	2
10011993	81781854	3	3
10011993	81781854	1	3
10011993	81781854	1	3
10011993	330844606	1	1
10011993	173363723	1	1
10011993	215654212	1	2
10011993	215654212	1	2
