10001082	390967964	1	1
10001082	4368907	1	2
10001082	4368907	1	2
10001082	330054146	1	3
10001082	330054146	1	3
10001082	330054146	1	3
10001082	110790001	1	1
10001082	222375145	1	2
10001082	222375145	1	2
10001082	320768911	1	2
10001082	320768911	1	2
10001082	4850770	1	2
10001082	4850770	1	2
10001082	290088061	1	2
10001082	290088061	1	2
10001082	90957005	1	2
10001082	90957005	1	2
10001082	336390925	1	3
10001082	336390925	1	3
10001082	336390925	1	3
10001082	296378545	1	4
10001082	296378545	1	4
10001082	296378545	1	4
10001082	296378545	1	4
10001082	117708332	1	4
10001082	117708332	1	4
10001082	117708332	1	4
10001082	117708332	1	4
10001082	220586551	1	4
10001082	220586551	4	4
10001082	220586551	1	4
10001082	220586551	1	4
10001082	266188611	1	7
10001082	266188611	1	7
10001082	266188611	1	7
10001082	266188611	1	7
10001082	266188611	1	7
10001082	266188611	1	7
10001082	266188611	1	7
10001082	347100924	1	2
10001082	347100924	1	2
10001082	148581898	1	1
10001082	140348952	1	3
10001082	140348952	1	3
10001082	140348952	1	3
10001082	19329827	1	1
10001082	362845104	1	3
10001082	362845104	1	3
10001082	362845104	1	3
10001082	262470188	1	4
10001082	262470188	1	4
10001082	262470188	1	4
10001082	262470188	1	4
10001082	285434204	1	1
10001082	51504729	1	1
10001082	266563343	1	1
10001082	195429067	1	3
10001082	195429067	1	3
10001082	195429067	1	3
10001082	275221686	1	31
10001082	275221686	1	31
10001082	275221686	1	31
10001082	275221686	1	31
10001082	275221686	1	31
10001082	275221686	1	31
10001082	275221686	1	31
10001082	275221686	1	31
10001082	275221686	1	31
10001082	275221686	4	31
10001082	275221686	1	31
10001082	275221686	1	31
10001082	275221686	1	31
10001082	275221686	1	31
10001082	275221686	1	31
10001082	275221686	1	31
10001082	275221686	1	31
10001082	275221686	1	31
10001082	275221686	1	31
10001082	275221686	1	31
10001082	275221686	1	31
10001082	275221686	1	31
10001082	275221686	1	31
10001082	275221686	1	31
10001082	275221686	1	31
10001082	275221686	1	31
10001082	275221686	1	31
10001082	275221686	1	31
10001082	275221686	1	31
10001082	275221686	1	31
10001082	275221686	1	31
10001082	222605647	1	1
10001082	150720867	1	1
10001082	188586750	1	1
10001082	223569678	1	2
10001082	223569678	1	2
10001082	50228869	1	1
10001082	167022568	1	1
10001082	209290607	1	1
10001082	251461861	1	1
10001082	29558680	1	3
10001082	29558680	1	3
10001082	29558680	1	3
10001082	22667958	1	3
10001082	22667958	1	3
10001082	22667958	1	3
10001082	62687596	1	2
10001082	62687596	1	2
10001082	298397524	1	3
10001082	298397524	1	3
10001082	298397524	1	3
10001082	216415944	1	3
10001082	216415944	1	3
10001082	216415944	1	3
10001082	327034531	1	2
10001082	327034531	1	2
10001082	21836842	1	1
10001082	85851739	1	4
10001082	85851739	1	4
10001082	85851739	1	4
10001082	85851739	1	4
10001082	357831551	1	1
10001082	217271315	1	1
10001082	336123896	1	1
10001082	396795886	1	3
10001082	396795886	1	3
10001082	396795886	1	3
10001082	212028630	1	1
10001082	82238041	1	4
10001082	82238041	1	4
10001082	82238041	1	4
10001082	82238041	1	4
10001082	225520260	1	2
10001082	225520260	1	2
10001082	282931871	1	3
10001082	282931871	1	3
10001082	282931871	1	3
10001082	6862367	1	1
10001082	262112219	1	2
10001082	262112219	1	2
10001082	308491389	1	1
10001082	236453039	1	3
10001082	236453039	1	3
10001082	236453039	1	3
10001082	345696502	1	1
10001082	141312432	1	2
10001082	141312432	4	2
10001082	120438507	1	3
10001082	120438507	1	3
10001082	120438507	1	3
10001082	165292036	1	1
10001082	265860266	1	1
10001082	170596596	1	1
10001082	323339743	1	3
10001082	323339743	1	3
10001082	323339743	1	3
10001082	17500214	1	2
10001082	17500214	1	2
10001082	282816229	1	1
10001082	175913774	1	1
10001082	73655468	1	1
10001082	260610400	1	2
10001082	260610400	1	2
10001082	184299215	1	3
10001082	184299215	1	3
10001082	184299215	1	3
10001082	278017344	1	1
10001082	200101228	1	1
10001082	45258196	1	4
10001082	45258196	1	4
10001082	45258196	1	4
10001082	45258196	1	4
10001082	133020432	1	1
10001082	65240306	1	1
10001082	326973863	1	3
10001082	326973863	1	3
10001082	326973863	1	3
10001082	125083630	1	1
10001082	97441652	1	1
10001082	350227769	1	1
10001082	360052979	1	3
10001082	360052979	1	3
10001082	360052979	1	3
10001082	288179656	1	1
10001082	302705570	1	3
10001082	302705570	1	3
10001082	302705570	1	3
10001082	53616768	1	6
10001082	53616768	4	6
10001082	53616768	1	6
10001082	53616768	1	6
10001082	53616768	1	6
10001082	53616768	1	6
10001082	9947871	1	1
10001082	582649	1	1
10001082	32104252	1	3
10001082	32104252	1	3
10001082	32104252	1	3
10001082	151466952	1	3
10001082	151466952	1	3
10001082	151466952	1	3
10001082	232845457	1	2
10001082	232845457	1	2
10001082	148776642	1	2
10001082	148776642	1	2
10001082	377161387	1	2
10001082	377161387	1	2
10001082	115464321	1	3
10001082	115464321	1	3
10001082	115464321	1	3
10001082	399970059	1	1
