100167622	29972344	1	2
100167622	29972344	1	2
100167622	255851564	1	2
100167622	255851564	1	2
100167622	96863113	1	2
100167622	96863113	1	2
100167622	110430634	1	3
100167622	110430634	1	3
100167622	110430634	1	3
100167622	15729293	1	2
100167622	15729293	1	2
100167622	183061119	1	2
100167622	183061119	1	2
100167622	60195704	1	6
100167622	60195704	1	6
100167622	60195704	1	6
100167622	60195704	1	6
100167622	60195704	1	6
100167622	60195704	2	6
100167622	77386364	1	2
100167622	77386364	1	2
100167622	335074931	1	2
100167622	335074931	1	2
100167622	306245507	1	2
100167622	306245507	1	2
100167622	331654199	1	2
100167622	331654199	1	2
100167622	83702905	1	2
100167622	83702905	1	2
100167622	298428238	1	3
100167622	298428238	1	3
100167622	298428238	1	3
100167622	56337537	1	2
100167622	56337537	1	2
100167622	221848746	1	2
100167622	221848746	1	2
100167622	253556780	1	3
100167622	253556780	1	3
100167622	253556780	1	3
100167622	355465310	1	3
100167622	355465310	1	3
100167622	355465310	1	3
100167622	266723056	1	2
100167622	266723056	1	2
100167622	10565809	1	2
100167622	10565809	1	2
100167622	84785758	1	1
100167622	59677447	1	2
100167622	59677447	1	2
100167622	33812853	1	2
100167622	33812853	1	2
100167622	65420209	1	1
100167622	54243076	1	1
100167622	1614408	1	2
100167622	1614408	1	2
100167622	329505407	1	2
100167622	329505407	1	2
100167622	67389471	1	2
100167622	67389471	1	2
100167622	209472548	1	1
100167622	132021636	1	2
100167622	132021636	1	2
100167622	135893574	1	2
100167622	135893574	1	2
100167622	193135072	1	1
100167622	286849962	1	1
100167622	41292135	1	2
100167622	41292135	1	2
100167622	210893059	1	5
100167622	210893059	1	5
100167622	210893059	1	5
100167622	210893059	1	5
100167622	210893059	1	5
100167622	65344725	1	2
100167622	65344725	1	2
100167622	253775724	1	2
100167622	253775724	1	2
100167622	392900190	1	2
100167622	392900190	1	2
100167622	97082846	1	2
100167622	97082846	1	2
100167622	125451852	1	1
100167622	139958570	1	2
100167622	139958570	1	2
100167622	15093995	1	2
100167622	15093995	1	2
100167622	97383754	1	2
100167622	97383754	1	2
100167622	17849950	1	1
100167622	134170146	1	1
100167622	184835542	1	3
100167622	184835542	1	3
100167622	184835542	1	3
100167622	202562748	1	15
100167622	202562748	1	15
100167622	202562748	1	15
100167622	202562748	1	15
100167622	202562748	1	15
100167622	202562748	1	15
100167622	202562748	1	15
100167622	202562748	1	15
100167622	202562748	1	15
100167622	202562748	1	15
100167622	202562748	1	15
100167622	202562748	1	15
100167622	202562748	1	15
100167622	202562748	1	15
100167622	202562748	1	15
100167622	99894705	1	2
100167622	99894705	1	2
100167622	244857831	1	3
100167622	244857831	1	3
100167622	244857831	1	3
100167622	40794501	1	2
100167622	40794501	1	2
100167622	363355240	1	2
100167622	363355240	1	2
100167622	112446710	1	3
100167622	112446710	1	3
100167622	112446710	1	3
100167622	75614164	1	2
100167622	75614164	1	2
100167622	308172431	1	2
100167622	308172431	1	2
100167622	222169247	1	2
100167622	222169247	1	2
100167622	316157149	1	2
100167622	316157149	1	2
100167622	100786015	1	1
100167622	355938162	1	2
100167622	355938162	1	2
100167622	265456072	1	2
100167622	265456072	1	2
100167622	310191971	1	3
100167622	310191971	1	3
100167622	310191971	1	3
100167622	65212865	1	2
100167622	65212865	1	2
100167622	370836098	1	2
100167622	370836098	1	2
100167622	79809985	1	2
100167622	79809985	1	2
100167622	382978763	1	2
100167622	382978763	1	2
100167622	241819709	1	2
100167622	241819709	1	2
100167622	251310775	1	2
100167622	251310775	1	2
100167622	129550959	1	2
100167622	129550959	1	2
100167622	82655670	1	5
100167622	82655670	1	5
100167622	82655670	1	5
100167622	82655670	2	5
100167622	82655670	1	5
100167622	5337451	1	2
100167622	5337451	1	2
100167622	50808784	1	3
100167622	50808784	1	3
100167622	50808784	1	3
100167622	284383592	1	3
100167622	284383592	2	3
100167622	284383592	1	3
100167622	106087404	1	2
100167622	106087404	1	2
100167622	330435936	1	2
100167622	330435936	1	2
100167622	32113422	1	5
100167622	32113422	1	5
100167622	32113422	1	5
100167622	32113422	2	5
100167622	32113422	1	5
100167622	272301192	1	2
100167622	272301192	1	2
100167622	2465946	1	6
100167622	2465946	1	6
100167622	2465946	1	6
100167622	2465946	1	6
100167622	2465946	1	6
100167622	2465946	1	6
100167622	267537866	1	1
100167622	157324364	1	3
100167622	157324364	1	3
100167622	157324364	1	3
100167622	66171016	1	1
100167622	230911608	1	1
100167622	325364399	1	3
100167622	325364399	1	3
100167622	325364399	1	3
100167622	276857399	1	2
100167622	276857399	1	2
100167622	35525693	1	2
100167622	35525693	1	2
100167622	25229592	1	3
100167622	25229592	1	3
100167622	25229592	1	3
100167622	339713226	1	2
100167622	339713226	1	2
100167622	129737002	1	2
100167622	129737002	1	2
100167622	143342407	1	3
100167622	143342407	1	3
100167622	143342407	1	3
100167622	75681830	1	3
100167622	75681830	1	3
100167622	75681830	1	3
100167622	100936729	1	2
100167622	100936729	1	2
100167622	233576218	2	3
100167622	233576218	1	3
100167622	233576218	1	3
100167622	371321038	1	2
100167622	371321038	1	2
100167622	293927341	1	2
100167622	293927341	1	2
100167622	115067778	4	4
100167622	115067778	1	4
100167622	115067778	1	4
100167622	115067778	1	4
100167622	331588182	1	3
100167622	331588182	1	3
100167622	331588182	1	3
100167622	288953010	1	3
100167622	288953010	1	3
100167622	288953010	1	3
100167622	198800255	1	2
100167622	198800255	1	2
100167622	129013517	1	2
100167622	129013517	1	2
100167622	86479733	1	2
100167622	86479733	1	2
100167622	320067721	1	2
100167622	320067721	1	2
100167622	244618657	1	2
100167622	244618657	1	2
100167622	257582580	1	1
100167622	187986476	1	2
100167622	187986476	1	2
100167622	220791785	1	2
100167622	220791785	1	2
100167622	239030529	1	2
100167622	239030529	1	2
100167622	365771300	1	2
100167622	365771300	1	2
100167622	240449568	1	2
100167622	240449568	1	2
100167622	324170625	1	2
100167622	324170625	1	2
100167622	245803232	1	4
100167622	245803232	1	4
100167622	245803232	1	4
100167622	245803232	1	4
100167622	192471404	1	2
100167622	192471404	1	2
100167622	119374779	1	3
100167622	119374779	1	3
100167622	119374779	1	3
100167622	3607683	1	2
100167622	3607683	1	2
100167622	287215735	1	3
100167622	287215735	1	3
100167622	287215735	1	3
100167622	86874807	1	2
100167622	86874807	1	2
100167622	195716379	1	4
100167622	195716379	1	4
100167622	195716379	1	4
100167622	195716379	1	4
100167622	355571570	1	1
100167622	317124864	1	2
100167622	317124864	1	2
100167622	171457817	1	3
100167622	171457817	1	3
100167622	171457817	1	3
100167622	80016447	1	2
100167622	80016447	1	2
100167622	48123306	1	2
100167622	48123306	1	2
100167622	94638588	1	3
100167622	94638588	1	3
100167622	94638588	1	3
100167622	283249152	1	3
100167622	283249152	1	3
100167622	283249152	1	3
100167622	187972664	1	1
100167622	161158333	1	2
100167622	161158333	1	2
100167622	276352164	1	1
100167622	118508318	1	1
100167622	123146093	1	2
100167622	123146093	1	2
100167622	149148925	1	4
100167622	149148925	1	4
100167622	149148925	1	4
100167622	149148925	1	4
100167622	45231625	1	2
100167622	45231625	1	2
100167622	321809149	1	2
100167622	321809149	1	2
100167622	80645498	1	3
100167622	80645498	1	3
100167622	80645498	1	3
100167622	162270968	1	3
100167622	162270968	1	3
100167622	162270968	1	3
100167622	362127600	1	6
100167622	362127600	1	6
100167622	362127600	1	6
100167622	362127600	1	6
100167622	362127600	1	6
100167622	362127600	1	6
100167622	83830053	1	6
100167622	83830053	1	6
100167622	83830053	1	6
100167622	83830053	1	6
100167622	83830053	1	6
100167622	83830053	1	6
100167622	327169909	1	4
100167622	327169909	1	4
100167622	327169909	1	4
100167622	327169909	1	4
100167622	237574709	1	3
100167622	237574709	1	3
100167622	237574709	1	3
100167622	194574857	1	2
100167622	194574857	1	2
100167622	18983120	1	1
100167622	257945770	1	2
100167622	257945770	1	2
100167622	324707868	1	3
100167622	324707868	1	3
100167622	324707868	1	3
100167622	46519904	1	2
100167622	46519904	1	2
100167622	287784601	1	3
100167622	287784601	1	3
100167622	287784601	1	3
100167622	132927465	1	4
100167622	132927465	1	4
100167622	132927465	1	4
100167622	132927465	1	4
100167622	377740216	1	2
100167622	377740216	1	2
100167622	178013756	1	2
100167622	178013756	1	2
100167622	167036589	1	1
100167622	147590846	1	2
100167622	147590846	1	2
100167622	54271006	1	2
100167622	54271006	1	2
100167622	244090811	1	1
100167622	131540198	1	3
100167622	131540198	1	3
100167622	131540198	1	3
100167622	328991730	1	2
100167622	328991730	1	2
100167622	3532366	1	2
100167622	3532366	1	2
100167622	333028913	1	1
100167622	46685934	1	1
100167622	356079980	4	5
100167622	356079980	1	5
100167622	356079980	1	5
100167622	356079980	1	5
100167622	356079980	1	5
100167622	347082820	1	2
100167622	347082820	1	2
100167622	21624658	1	3
100167622	21624658	1	3
100167622	21624658	1	3
100167622	283988480	1	2
100167622	283988480	1	2
100167622	226371780	1	1
100167622	167806985	1	2
100167622	167806985	1	2
100167622	139296457	1	2
100167622	139296457	1	2
100167622	327305913	1	2
100167622	327305913	1	2
100167622	318110340	1	2
100167622	318110340	1	2
100167622	398700621	1	2
100167622	398700621	1	2
100167622	78423131	1	1
100167622	222425730	1	1
100167622	55500935	1	1
100167622	159595074	1	1
100167622	343133698	1	3
100167622	343133698	1	3
100167622	343133698	1	3
100167622	38889038	1	2
100167622	38889038	1	2
100167622	364807975	1	3
100167622	364807975	1	3
100167622	364807975	1	3
100167622	300280699	1	2
100167622	300280699	1	2
100167622	224806454	1	1
100167622	285375136	1	2
100167622	285375136	1	2
100167622	45066187	1	2
100167622	45066187	1	2
100167622	334952043	1	2
100167622	334952043	1	2
100167622	48445960	1	2
100167622	48445960	1	2
100167622	272126070	1	3
100167622	272126070	1	3
100167622	272126070	1	3
100167622	113924170	1	1
100167622	177874377	1	1
100167622	310996433	1	3
100167622	310996433	1	3
100167622	310996433	1	3
100167622	69641467	1	6
100167622	69641467	1	6
100167622	69641467	1	6
100167622	69641467	1	6
100167622	69641467	1	6
100167622	69641467	1	6
100167622	162433446	1	2
100167622	162433446	1	2
100167622	186118375	1	3
100167622	186118375	1	3
100167622	186118375	1	3
100167622	365525086	1	2
100167622	365525086	1	2
100167622	230847623	1	1
100167622	376159216	1	3
100167622	376159216	1	3
100167622	376159216	1	3
100167622	207298216	1	3
100167622	207298216	1	3
100167622	207298216	1	3
100167622	20992983	1	4
100167622	20992983	2	4
100167622	20992983	1	4
100167622	20992983	1	4
100167622	223094755	1	2
100167622	223094755	1	2
100167622	191473324	1	3
100167622	191473324	1	3
100167622	191473324	1	3
100167622	76358265	1	14
100167622	76358265	1	14
100167622	76358265	1	14
100167622	76358265	1	14
100167622	76358265	1	14
100167622	76358265	1	14
100167622	76358265	1	14
100167622	76358265	1	14
100167622	76358265	1	14
100167622	76358265	1	14
100167622	76358265	1	14
100167622	76358265	1	14
100167622	76358265	1	14
100167622	76358265	1	14
100167622	385618334	1	3
100167622	385618334	1	3
100167622	385618334	1	3
100167622	33929342	1	2
100167622	33929342	1	2
100167622	139005256	1	3
100167622	139005256	1	3
100167622	139005256	1	3
100167622	235123982	1	1
100167622	402390284	1	3
100167622	402390284	1	3
100167622	402390284	1	3
100167622	125666923	1	1
100167622	82530787	1	3
100167622	82530787	1	3
100167622	82530787	1	3
100167622	151578932	1	2
100167622	151578932	1	2
100167622	93253523	1	2
100167622	93253523	1	2
100167622	217042321	1	2
100167622	217042321	1	2
100167622	70162832	1	2
100167622	70162832	1	2
100167622	46851773	1	3
100167622	46851773	1	3
100167622	46851773	1	3
100167622	93013372	1	2
100167622	93013372	1	2
100167622	188154872	1	2
100167622	188154872	1	2
100167622	390625792	1	2
100167622	390625792	1	2
100167622	396938506	1	2
100167622	396938506	1	2
100167622	225112569	1	3
100167622	225112569	1	3
100167622	225112569	1	3
100167622	87152923	1	2
100167622	87152923	1	2
100167622	277423728	1	2
100167622	277423728	1	2
100167622	102340377	1	2
100167622	102340377	1	2
100167622	376030264	1	2
100167622	376030264	1	2
100167622	230811573	1	3
100167622	230811573	1	3
100167622	230811573	1	3
100167622	325587133	1	4
100167622	325587133	1	4
100167622	325587133	1	4
100167622	325587133	1	4
100167622	325287658	1	1
100167622	7901694	4	1
100167622	351883647	1	2
100167622	351883647	1	2
100167622	111611510	1	2
100167622	111611510	1	2
100167622	368411934	1	2
100167622	368411934	1	2
