10009860	77877729	2	2
10009860	77877729	1	2
10009860	9855881	1	2
10009860	9855881	1	2
10009860	56507984	1	2
10009860	56507984	1	2
10009860	44339026	1	2
10009860	44339026	1	2
10009860	33161127	1	1
10009860	59725341	1	2
10009860	59725341	1	2
10009860	176352419	1	2
10009860	176352419	1	2
10009860	339605524	1	2
10009860	339605524	1	2
10009860	193369253	1	2
10009860	193369253	1	2
10009860	112186838	1	2
10009860	112186838	1	2
10009860	310411889	1	3
10009860	310411889	1	3
10009860	310411889	1	3
10009860	341755735	1	1
10009860	125780543	1	1
10009860	112699830	1	2
10009860	112699830	1	2
10009860	228483896	1	2
10009860	228483896	1	2
10009860	274724917	1	1
10009860	39978734	1	2
10009860	39978734	1	2
10009860	377833651	1	1
10009860	171275858	1	7
10009860	171275858	1	7
10009860	171275858	2	7
10009860	171275858	1	7
10009860	171275858	1	7
10009860	171275858	1	7
10009860	171275858	1	7
10009860	9598349	1	2
10009860	9598349	1	2
10009860	140776649	1	2
10009860	140776649	1	2
10009860	239255816	1	1
10009860	215836213	1	2
10009860	215836213	1	2
10009860	17932807	1	2
10009860	17932807	1	2
10009860	352942991	1	1
10009860	117349602	1	23
10009860	117349602	4	23
10009860	117349602	1	23
10009860	117349602	1	23
10009860	117349602	1	23
10009860	117349602	2	23
10009860	117349602	1	23
10009860	117349602	1	23
10009860	117349602	1	23
10009860	117349602	1	23
10009860	117349602	1	23
10009860	117349602	1	23
10009860	117349602	1	23
10009860	117349602	1	23
10009860	117349602	1	23
10009860	117349602	1	23
10009860	117349602	1	23
10009860	117349602	1	23
10009860	117349602	1	23
10009860	117349602	1	23
10009860	117349602	1	23
10009860	117349602	1	23
10009860	117349602	1	23
10009860	346385259	1	1
10009860	83944943	1	2
10009860	83944943	1	2
10009860	98527518	1	5
10009860	98527518	1	5
10009860	98527518	1	5
10009860	98527518	2	5
10009860	98527518	1	5
10009860	220080991	1	4
10009860	220080991	1	4
10009860	220080991	1	4
10009860	220080991	1	4
10009860	230998906	1	2
10009860	230998906	1	2
10009860	386897945	1	2
10009860	386897945	1	2
10009860	161100769	1	2
10009860	161100769	1	2
10009860	186784097	1	2
10009860	186784097	1	2
10009860	267865451	1	1
10009860	59125595	1	1
10009860	178748309	1	2
10009860	178748309	1	2
10009860	74216765	1	2
10009860	74216765	1	2
10009860	313362274	1	2
10009860	313362274	1	2
10009860	204839859	1	2
10009860	204839859	1	2
10009860	294754994	1	3
10009860	294754994	1	3
10009860	294754994	1	3
10009860	185970287	2	2
10009860	185970287	1	2
10009860	26693081	1	3
10009860	26693081	2	3
10009860	26693081	1	3
10009860	288977419	1	1
10009860	235052399	1	1
10009860	32602812	1	2
10009860	32602812	1	2
10009860	364391658	1	2
10009860	364391658	1	2
10009860	180035699	1	2
10009860	180035699	1	2
10009860	77433368	1	2
10009860	77433368	1	2
10009860	394221134	1	1
10009860	270763596	1	2
10009860	270763596	1	2
10009860	134162632	1	1
10009860	106178827	1	2
10009860	106178827	1	2
10009860	105031918	1	1
10009860	331075175	1	2
10009860	331075175	1	2
10009860	159673722	1	2
10009860	159673722	1	2
10009860	8234333	1	1
10009860	374282561	1	2
10009860	374282561	1	2
10009860	306587014	1	1
10009860	47863510	1	1
10009860	356063094	1	2
10009860	356063094	1	2
10009860	315308600	1	2
10009860	315308600	1	2
10009860	351715879	1	2
10009860	351715879	1	2
10009860	389061858	1	3
10009860	389061858	1	3
10009860	389061858	1	3
10009860	158034357	1	2
10009860	158034357	1	2
10009860	374816181	1	2
10009860	374816181	1	2
10009860	307298468	1	2
10009860	307298468	1	2
10009860	142642905	1	2
10009860	142642905	1	2
10009860	40936182	1	2
10009860	40936182	1	2
10009860	353987216	1	2
10009860	353987216	1	2
10009860	70686833	1	2
10009860	70686833	1	2
10009860	312739804	1	2
10009860	312739804	1	2
10009860	331630597	1	1
10009860	261088360	1	6
10009860	261088360	1	6
10009860	261088360	1	6
10009860	261088360	1	6
10009860	261088360	1	6
10009860	261088360	1	6
10009860	270051703	1	2
10009860	270051703	1	2
10009860	94878876	1	6
10009860	94878876	1	6
10009860	94878876	1	6
10009860	94878876	1	6
10009860	94878876	2	6
10009860	94878876	1	6
10009860	293860602	1	2
10009860	293860602	1	2
10009860	201506051	1	2
10009860	201506051	1	2
10009860	104695282	1	1
10009860	219547327	1	2
10009860	219547327	1	2
10009860	315642635	1	2
10009860	315642635	1	2
10009860	382010096	1	1
10009860	117644481	1	2
10009860	117644481	1	2
10009860	342233428	1	2
10009860	342233428	1	2
10009860	296971290	1	1
10009860	120372210	1	2
10009860	120372210	1	2
10009860	149981393	1	2
10009860	149981393	1	2
10009860	200022798	1	2
10009860	200022798	1	2
10009860	165448640	1	2
10009860	165448640	1	2
10009860	239353587	1	2
10009860	239353587	1	2
10009860	202026462	2	28
10009860	202026462	1	28
10009860	202026462	1	28
10009860	202026462	1	28
10009860	202026462	1	28
10009860	202026462	1	28
10009860	202026462	1	28
10009860	202026462	1	28
10009860	202026462	1	28
10009860	202026462	1	28
10009860	202026462	1	28
10009860	202026462	1	28
10009860	202026462	1	28
10009860	202026462	1	28
10009860	202026462	1	28
10009860	202026462	1	28
10009860	202026462	1	28
10009860	202026462	1	28
10009860	202026462	4	28
10009860	202026462	1	28
10009860	202026462	1	28
10009860	202026462	1	28
10009860	202026462	1	28
10009860	202026462	1	28
10009860	202026462	1	28
10009860	202026462	1	28
10009860	202026462	1	28
10009860	202026462	1	28
10009860	232022124	1	2
10009860	232022124	1	2
10009860	46208042	1	10
10009860	46208042	4	10
10009860	46208042	1	10
10009860	46208042	1	10
10009860	46208042	1	10
10009860	46208042	1	10
10009860	46208042	1	10
10009860	46208042	1	10
10009860	46208042	1	10
10009860	46208042	1	10
10009860	116100184	1	2
10009860	116100184	1	2
10009860	126964843	1	6
10009860	126964843	2	6
10009860	126964843	1	6
10009860	126964843	1	6
10009860	126964843	1	6
10009860	126964843	1	6
10009860	310991884	1	2
10009860	310991884	1	2
10009860	387969672	1	2
10009860	387969672	1	2
10009860	48881781	1	22
10009860	48881781	1	22
10009860	48881781	1	22
10009860	48881781	1	22
10009860	48881781	1	22
10009860	48881781	1	22
10009860	48881781	1	22
10009860	48881781	1	22
10009860	48881781	1	22
10009860	48881781	1	22
10009860	48881781	1	22
10009860	48881781	1	22
10009860	48881781	3	22
10009860	48881781	2	22
10009860	48881781	4	22
10009860	48881781	4	22
10009860	48881781	4	22
10009860	48881781	1	22
10009860	48881781	1	22
10009860	48881781	1	22
10009860	48881781	1	22
10009860	48881781	1	22
10009860	346304060	1	1
10009860	120269905	1	2
10009860	120269905	1	2
10009860	14542362	1	1
