100112527	345925461	1	2
100112527	345925461	1	2
100112527	269963800	1	2
100112527	269963800	1	2
100112527	39468607	1	2
100112527	39468607	1	2
100112527	290702413	1	1
100112527	44093282	1	2
100112527	44093282	1	2
100112527	241756522	1	2
100112527	241756522	1	2
100112527	16541930	1	2
100112527	16541930	1	2
100112527	291913419	1	2
100112527	291913419	1	2
100112527	101179661	1	2
100112527	101179661	1	2
100112527	173079721	1	3
100112527	173079721	1	3
100112527	173079721	1	3
100112527	135404001	1	2
100112527	135404001	1	2
100112527	256875188	1	2
100112527	256875188	1	2
100112527	228598475	1	4
100112527	228598475	1	4
100112527	228598475	1	4
100112527	228598475	1	4
100112527	281870551	2	11
100112527	281870551	1	11
100112527	281870551	1	11
100112527	281870551	1	11
100112527	281870551	1	11
100112527	281870551	1	11
100112527	281870551	1	11
100112527	281870551	1	11
100112527	281870551	1	11
100112527	281870551	1	11
100112527	281870551	1	11
100112527	391583476	1	1
100112527	177384628	1	2
100112527	177384628	1	2
100112527	6755366	1	2
100112527	6755366	1	2
100112527	126177943	1	1
100112527	345672396	1	1
100112527	190781856	1	2
100112527	190781856	1	2
100112527	105097853	1	2
100112527	105097853	1	2
100112527	394957923	1	2
100112527	394957923	1	2
100112527	167922563	1	2
100112527	167922563	1	2
100112527	197285772	1	2
100112527	197285772	1	2
100112527	221839344	1	2
100112527	221839344	1	2
100112527	157215683	1	2
100112527	157215683	1	2
100112527	318850912	1	2
100112527	318850912	1	2
100112527	221886455	1	2
100112527	221886455	1	2
100112527	199820442	1	2
100112527	199820442	1	2
100112527	373770126	1	2
100112527	373770126	1	2
100112527	197675758	1	2
100112527	197675758	1	2
100112527	166278520	1	1
100112527	185290326	1	2
100112527	185290326	1	2
100112527	157617756	1	7
100112527	157617756	1	7
100112527	157617756	1	7
100112527	157617756	1	7
100112527	157617756	1	7
100112527	157617756	1	7
100112527	157617756	1	7
100112527	202875884	1	2
100112527	202875884	1	2
100112527	294217997	1	1
100112527	212743365	1	3
100112527	212743365	1	3
100112527	212743365	2	3
100112527	128916436	1	2
100112527	128916436	1	2
100112527	162635213	1	2
100112527	162635213	1	2
100112527	10463339	1	2
100112527	10463339	1	2
100112527	391950344	1	4
100112527	391950344	1	4
100112527	391950344	1	4
100112527	391950344	1	4
100112527	366319647	1	4
100112527	366319647	1	4
100112527	366319647	1	4
100112527	366319647	1	4
100112527	148977025	1	2
100112527	148977025	1	2
100112527	175910794	1	2
100112527	175910794	1	2
100112527	118938270	1	2
100112527	118938270	1	2
100112527	47305507	1	2
100112527	47305507	1	2
100112527	34892824	1	2
100112527	34892824	1	2
100112527	297618335	1	2
100112527	297618335	1	2
100112527	227709500	1	1
100112527	301971092	1	2
100112527	301971092	1	2
100112527	216867100	1	3
100112527	216867100	1	3
100112527	216867100	1	3
100112527	77821385	1	2
100112527	77821385	1	2
100112527	57798834	1	3
100112527	57798834	1	3
100112527	57798834	1	3
100112527	262406156	1	2
100112527	262406156	1	2
100112527	316743386	1	2
100112527	316743386	1	2
100112527	19761811	1	3
100112527	19761811	1	3
100112527	19761811	1	3
100112527	377190075	1	2
100112527	377190075	1	2
100112527	152590157	1	1
100112527	222803829	1	2
100112527	222803829	1	2
100112527	123175703	1	2
100112527	123175703	1	2
100112527	312534979	1	2
100112527	312534979	1	2
100112527	29916983	1	3
100112527	29916983	1	3
100112527	29916983	1	3
100112527	231177728	1	2
100112527	231177728	1	2
100112527	66236675	1	2
100112527	66236675	1	2
100112527	144311906	1	3
100112527	144311906	1	3
100112527	144311906	1	3
100112527	308202072	1	2
100112527	308202072	1	2
100112527	91738189	1	1
100112527	362039916	1	2
100112527	362039916	1	2
100112527	61780916	1	4
100112527	61780916	1	4
100112527	61780916	1	4
100112527	61780916	1	4
100112527	174126101	1	2
100112527	174126101	1	2
100112527	306797617	1	2
100112527	306797617	1	2
100112527	278229540	1	3
100112527	278229540	1	3
100112527	278229540	1	3
100112527	290176851	1	2
100112527	290176851	1	2
100112527	396286330	1	2
100112527	396286330	1	2
100112527	70684032	1	2
100112527	70684032	1	2
100112527	244215147	1	1
100112527	291168425	1	2
100112527	291168425	1	2
100112527	188634583	1	2
100112527	188634583	1	2
100112527	236395876	1	2
100112527	236395876	1	2
100112527	231826562	1	1
100112527	270068700	1	5
100112527	270068700	1	5
100112527	270068700	1	5
100112527	270068700	1	5
100112527	270068700	1	5
100112527	33873892	1	2
100112527	33873892	1	2
100112527	372114736	1	2
100112527	372114736	1	2
100112527	283089572	1	4
100112527	283089572	1	4
100112527	283089572	1	4
100112527	283089572	1	4
100112527	195094652	1	5
100112527	195094652	1	5
100112527	195094652	1	5
100112527	195094652	1	5
100112527	195094652	1	5
100112527	232750150	1	1
100112527	401749155	1	2
100112527	401749155	1	2
100112527	298421527	1	2
100112527	298421527	1	2
100112527	181478670	1	3
100112527	181478670	1	3
100112527	181478670	1	3
100112527	90342949	1	3
100112527	90342949	1	3
100112527	90342949	1	3
100112527	330539107	1	2
100112527	330539107	1	2
100112527	83760958	1	1
100112527	209851210	1	2
100112527	209851210	1	2
100112527	143952136	1	2
100112527	143952136	1	2
100112527	244217671	1	2
100112527	244217671	1	2
100112527	77065687	1	2
100112527	77065687	1	2
100112527	287909453	1	2
100112527	287909453	1	2
100112527	124851379	1	1
100112527	332798117	1	2
100112527	332798117	1	2
100112527	87487672	1	1
100112527	188946711	1	2
100112527	188946711	1	2
100112527	149484859	1	2
100112527	149484859	1	2
100112527	185299219	1	2
100112527	185299219	1	2
100112527	364674397	1	1
100112527	318779431	1	4
100112527	318779431	1	4
100112527	318779431	1	4
100112527	318779431	1	4
100112527	361386244	1	1
100112527	31210003	1	1
100112527	62142841	1	2
100112527	62142841	1	2
100112527	359551568	1	2
100112527	359551568	1	2
100112527	104620624	1	2
100112527	104620624	1	2
100112527	8270036	1	2
100112527	8270036	1	2
100112527	46199642	1	2
100112527	46199642	1	2
100112527	345238262	1	4
100112527	345238262	1	4
100112527	345238262	1	4
100112527	345238262	1	4
100112527	86045101	1	2
100112527	86045101	1	2
100112527	313871662	1	2
100112527	313871662	1	2
100112527	357119347	1	2
100112527	357119347	1	2
100112527	10463015	1	2
100112527	10463015	1	2
100112527	220428701	1	2
100112527	220428701	1	2
100112527	131089140	1	5
100112527	131089140	1	5
100112527	131089140	1	5
100112527	131089140	1	5
100112527	131089140	1	5
100112527	303765596	1	2
100112527	303765596	1	2
100112527	16276304	1	3
100112527	16276304	1	3
100112527	16276304	1	3
100112527	107541890	1	2
100112527	107541890	1	2
100112527	10257512	1	2
100112527	10257512	1	2
100112527	315566451	1	2
100112527	315566451	1	2
100112527	338359868	1	4
100112527	338359868	1	4
100112527	338359868	1	4
100112527	338359868	1	4
100112527	326518901	1	2
100112527	326518901	1	2
100112527	335714800	1	2
100112527	335714800	1	2
100112527	17263148	2	3
100112527	17263148	1	3
100112527	17263148	1	3
100112527	26255040	1	1
100112527	237305678	1	2
100112527	237305678	1	2
100112527	362945936	1	1
100112527	271987580	1	2
100112527	271987580	1	2
100112527	384006771	1	2
100112527	384006771	1	2
100112527	320712252	1	1
100112527	201006075	1	2
100112527	201006075	1	2
100112527	360964354	1	2
100112527	360964354	1	2
100112527	69636379	1	2
100112527	69636379	1	2
100112527	174824456	1	2
100112527	174824456	1	2
100112527	28402494	1	2
100112527	28402494	1	2
100112527	312116197	1	1
100112527	85751695	1	1
100112527	227753347	1	2
100112527	227753347	1	2
100112527	301913289	1	2
100112527	301913289	1	2
100112527	66569648	1	2
100112527	66569648	1	2
100112527	273769608	1	2
100112527	273769608	1	2
100112527	111709125	1	2
100112527	111709125	1	2
100112527	280261657	1	2
100112527	280261657	1	2
100112527	73655468	1	2
100112527	73655468	1	2
100112527	393446645	1	2
100112527	393446645	1	2
100112527	377864838	1	2
100112527	377864838	1	2
100112527	148004406	1	2
100112527	148004406	1	2
100112527	399931489	1	2
100112527	399931489	1	2
100112527	54862105	1	1
100112527	122112943	1	4
100112527	122112943	1	4
100112527	122112943	1	4
100112527	122112943	1	4
100112527	326973863	1	2
100112527	326973863	1	2
100112527	284388159	1	2
100112527	284388159	1	2
100112527	310407798	1	3
100112527	310407798	1	3
100112527	310407798	1	3
100112527	38966512	1	1
100112527	206242869	1	1
100112527	304932416	1	1
100112527	55976033	1	1
100112527	82448497	1	1
100112527	6886623	1	2
100112527	6886623	1	2
100112527	253348643	1	2
100112527	253348643	1	2
100112527	213554542	1	2
100112527	213554542	1	2
100112527	113814108	1	2
100112527	113814108	1	2
100112527	215859135	1	1
100112527	159748249	1	2
100112527	159748249	1	2
100112527	141633102	1	2
100112527	141633102	1	2
100112527	229412516	1	2
100112527	229412516	1	2
100112527	367044585	1	2
100112527	367044585	1	2
100112527	42063729	1	3
100112527	42063729	1	3
100112527	42063729	1	3
100112527	260818603	1	12
100112527	260818603	1	12
100112527	260818603	1	12
100112527	260818603	1	12
100112527	260818603	1	12
100112527	260818603	1	12
100112527	260818603	1	12
100112527	260818603	1	12
100112527	260818603	1	12
100112527	260818603	1	12
100112527	260818603	1	12
100112527	260818603	2	12
100112527	72287432	1	2
100112527	72287432	1	2
100112527	38857926	1	2
100112527	38857926	1	2
100112527	379359926	1	2
100112527	379359926	1	2
100112527	90338489	1	1
100112527	9441572	1	2
100112527	9441572	1	2
100112527	41752949	1	2
100112527	41752949	1	2
100112527	288668707	1	2
100112527	288668707	1	2
100112527	129363659	1	3
100112527	129363659	1	3
100112527	129363659	1	3
100112527	83296876	1	2
100112527	83296876	1	2
100112527	235049152	1	1
100112527	148193406	1	2
100112527	148193406	1	2
100112527	291926205	1	2
100112527	291926205	1	2
100112527	353059639	1	2
100112527	353059639	1	2
100112527	35680539	1	4
100112527	35680539	1	4
100112527	35680539	1	4
100112527	35680539	1	4
100112527	59086082	1	2
100112527	59086082	1	2
100112527	400906705	1	2
100112527	400906705	1	2
100112527	226867569	1	2
100112527	226867569	1	2
100112527	334632289	1	2
100112527	334632289	1	2
100112527	393497828	1	2
100112527	393497828	1	2
100112527	5912709	1	1
100112527	99082717	1	3
100112527	99082717	1	3
100112527	99082717	1	3
100112527	250666519	1	2
100112527	250666519	1	2
100112527	171626773	1	2
100112527	171626773	1	2
100112527	301088186	1	2
100112527	301088186	1	2
100112527	345155216	1	4
100112527	345155216	1	4
100112527	345155216	1	4
100112527	345155216	1	4
100112527	44527108	1	2
100112527	44527108	1	2
100112527	298925789	1	1
100112527	319205225	1	2
100112527	319205225	1	2
100112527	392241805	1	3
100112527	392241805	1	3
100112527	392241805	1	3
100112527	162063298	1	1
100112527	141897203	1	2
100112527	141897203	1	2
100112527	126115189	1	2
100112527	126115189	1	2
100112527	370965241	1	2
100112527	370965241	1	2
100112527	310330414	1	2
100112527	310330414	1	2
100112527	89010182	1	2
100112527	89010182	1	2
100112527	275076638	1	2
100112527	275076638	1	2
100112527	106087031	1	2
100112527	106087031	1	2
100112527	352325163	1	4
100112527	352325163	1	4
100112527	352325163	1	4
100112527	352325163	1	4
100112527	127522919	1	1
100112527	231795798	1	2
100112527	231795798	1	2
100112527	160536924	1	1
100112527	65680238	1	2
100112527	65680238	1	2
100112527	298901562	1	2
100112527	298901562	1	2
100112527	179222099	1	2
100112527	179222099	1	2
100112527	151221024	1	2
100112527	151221024	1	2
100112527	171610031	1	2
100112527	171610031	1	2
100112527	161173944	1	2
100112527	161173944	1	2
100112527	2595746	1	1
100112527	365058219	1	2
100112527	365058219	1	2
100112527	42061439	1	2
100112527	42061439	1	2
100112527	81274419	1	1
100112527	286006108	1	2
100112527	286006108	1	2
100112527	367643743	1	2
100112527	367643743	1	2
100112527	62849446	1	2
100112527	62849446	1	2
100112527	2802100	1	3
100112527	2802100	1	3
100112527	2802100	1	3
100112527	124864458	1	3
100112527	124864458	1	3
100112527	124864458	1	3
100112527	13552125	1	2
100112527	13552125	1	2
100112527	261988746	1	2
100112527	261988746	1	2
100112527	108810466	1	2
100112527	108810466	1	2
100112527	324223612	1	2
100112527	324223612	1	2
100112527	97689993	1	1
100112527	24706508	1	2
100112527	24706508	1	2
100112527	200593656	1	2
100112527	200593656	1	2
100112527	309976016	1	2
100112527	309976016	1	2
100112527	103043431	1	2
100112527	103043431	1	2
100112527	121143071	1	3
100112527	121143071	1	3
100112527	121143071	1	3
100112527	69960308	1	2
100112527	69960308	1	2
100112527	334854075	1	2
100112527	334854075	1	2
100112527	259087270	1	2
100112527	259087270	1	2
100112527	333325957	1	2
100112527	333325957	1	2
100112527	192130447	1	1
100112527	367043053	1	2
100112527	367043053	1	2
100112527	65284110	1	1
100112527	54099105	1	1
100112527	100860677	1	3
100112527	100860677	1	3
100112527	100860677	1	3
100112527	147561957	1	2
100112527	147561957	1	2
100112527	197297056	1	2
100112527	197297056	1	2
100112527	7167044	1	1
100112527	260561819	1	3
100112527	260561819	1	3
100112527	260561819	1	3
100112527	111707128	1	2
100112527	111707128	1	2
100112527	396296870	1	2
100112527	396296870	1	2
100112527	276603881	1	2
100112527	276603881	1	2
100112527	164850847	1	2
100112527	164850847	1	2
100112527	76554422	1	2
100112527	76554422	1	2
100112527	303878841	1	2
100112527	303878841	1	2
100112527	400783490	1	2
100112527	400783490	1	2
100112527	269612592	1	2
100112527	269612592	1	2
100112527	79925325	1	2
100112527	79925325	1	2
100112527	111827934	1	2
100112527	111827934	1	2
100112527	166051470	1	4
100112527	166051470	1	4
100112527	166051470	1	4
100112527	166051470	1	4
100112527	273256943	1	4
100112527	273256943	1	4
100112527	273256943	1	4
100112527	273256943	1	4
100112527	309732398	1	2
100112527	309732398	1	2
100112527	395199373	1	4
100112527	395199373	1	4
100112527	395199373	1	4
100112527	395199373	1	4
100112527	171321126	1	2
100112527	171321126	1	2
100112527	329206214	1	1
100112527	343054927	1	2
100112527	343054927	1	2
100112527	107189029	1	3
100112527	107189029	1	3
100112527	107189029	1	3
100112527	376284015	1	1
100112527	13040191	1	2
100112527	13040191	1	2
100112527	214601167	1	2
100112527	214601167	1	2
100112527	323917584	1	2
100112527	323917584	1	2
100112527	365368061	1	4
100112527	365368061	1	4
100112527	365368061	1	4
100112527	365368061	1	4
100112527	375701730	1	2
100112527	375701730	1	2
100112527	381639978	1	2
100112527	381639978	1	2
100112527	13753592	1	4
100112527	13753592	1	4
100112527	13753592	1	4
100112527	13753592	1	4
100112527	319906201	1	2
100112527	319906201	1	2
100112527	62534459	1	2
100112527	62534459	1	2
100112527	396166303	1	2
100112527	396166303	1	2
100112527	61887912	1	2
100112527	61887912	1	2
100112527	395984637	1	1
100112527	35291332	1	2
100112527	35291332	1	2
100112527	293852144	1	2
100112527	293852144	1	2
100112527	103684524	1	2
100112527	103684524	1	2
100112527	163716170	1	1
100112527	305662049	1	1
100112527	109704174	1	2
100112527	109704174	1	2
100112527	204126362	1	2
100112527	204126362	1	2
100112527	175268043	1	2
100112527	175268043	1	2
100112527	276416527	1	2
100112527	276416527	1	2
100112527	172814949	1	2
100112527	172814949	1	2
100112527	56893580	1	1
100112527	403641184	1	2
100112527	403641184	1	2
100112527	65102316	1	1
100112527	228825922	1	2
100112527	228825922	1	2
100112527	155846018	1	2
100112527	155846018	1	2
100112527	90726793	1	2
100112527	90726793	1	2
100112527	133223144	1	2
100112527	133223144	1	2
100112527	19479039	1	2
100112527	19479039	1	2
100112527	354483803	1	3
100112527	354483803	1	3
100112527	354483803	1	3
100112527	87832640	1	3
100112527	87832640	1	3
100112527	87832640	1	3
100112527	231448333	1	2
100112527	231448333	1	2
100112527	381163820	1	3
100112527	381163820	1	3
100112527	381163820	1	3
100112527	76263969	1	3
100112527	76263969	1	3
100112527	76263969	1	3
100112527	64475857	1	2
100112527	64475857	1	2
100112527	362626075	1	2
100112527	362626075	1	2
100112527	395122208	1	1
100112527	157178171	1	2
100112527	157178171	1	2
100112527	369089326	1	2
100112527	369089326	1	2
100112527	283961546	1	2
100112527	283961546	1	2
100112527	152709356	1	2
100112527	152709356	1	2
100112527	359921214	1	2
100112527	359921214	1	2
100112527	31869822	1	2
100112527	31869822	1	2
100112527	221865074	1	4
100112527	221865074	1	4
100112527	221865074	1	4
100112527	221865074	1	4
100112527	69467199	1	1
100112527	277043747	1	1
100112527	73189010	1	2
100112527	73189010	1	2
100112527	99894336	1	4
100112527	99894336	1	4
100112527	99894336	1	4
100112527	99894336	1	4
100112527	208701846	1	1
100112527	121114859	1	2
100112527	121114859	1	2
100112527	80404531	1	1
100112527	315731141	1	2
100112527	315731141	1	2
100112527	301339484	2	3
100112527	301339484	1	3
100112527	301339484	1	3
100112527	63686709	1	2
100112527	63686709	1	2
100112527	371432883	1	3
100112527	371432883	1	3
100112527	371432883	1	3
100112527	277887398	1	2
100112527	277887398	1	2
100112527	66835431	1	3
100112527	66835431	1	3
100112527	66835431	1	3
100112527	44674207	1	2
100112527	44674207	1	2
100112527	346303166	1	3
100112527	346303166	1	3
100112527	346303166	1	3
100112527	60617727	1	3
100112527	60617727	1	3
100112527	60617727	1	3
100112527	220512954	1	1
100112527	123599363	1	2
100112527	123599363	1	2
100112527	169311822	1	2
100112527	169311822	1	2
100112527	119381771	1	1
100112527	71846790	1	3
100112527	71846790	1	3
100112527	71846790	1	3
100112527	138784849	1	2
100112527	138784849	1	2
100112527	138735562	1	1
100112527	389471666	1	2
100112527	389471666	1	2
100112527	9179018	1	2
100112527	9179018	1	2
100112527	25749176	1	2
100112527	25749176	1	2
100112527	141812380	1	2
100112527	141812380	1	2
100112527	8393245	1	2
100112527	8393245	1	2
100112527	142111833	1	2
100112527	142111833	1	2
100112527	186542634	1	2
100112527	186542634	1	2
100112527	288229146	1	1
100112527	112759798	1	2
100112527	112759798	1	2
100112527	73648353	1	2
100112527	73648353	1	2
100112527	333549630	1	1
100112527	358531302	1	2
100112527	358531302	1	2
100112527	57779633	1	4
100112527	57779633	1	4
100112527	57779633	1	4
100112527	57779633	1	4
100112527	294957990	1	2
100112527	294957990	1	2
100112527	221639564	1	2
100112527	221639564	1	2
100112527	269415768	1	2
100112527	269415768	1	2
100112527	236968017	1	2
100112527	236968017	1	2
100112527	210397588	1	3
100112527	210397588	1	3
100112527	210397588	1	3
100112527	111378737	1	4
100112527	111378737	1	4
100112527	111378737	1	4
100112527	111378737	1	4
100112527	162732234	1	2
100112527	162732234	1	2
100112527	267750763	1	2
100112527	267750763	1	2
100112527	366219206	1	2
100112527	366219206	1	2
100112527	25866229	1	2
100112527	25866229	1	2
100112527	54511682	1	1
100112527	339291984	1	2
100112527	339291984	1	2
100112527	309447885	1	3
100112527	309447885	1	3
100112527	309447885	1	3
100112527	204455663	1	1
100112527	87904499	1	1
100112527	154659907	1	1
100112527	298409015	1	2
100112527	298409015	1	2
100112527	303682476	1	3
100112527	303682476	1	3
100112527	303682476	1	3
100112527	342794736	1	2
100112527	342794736	1	2
100112527	84547325	1	2
100112527	84547325	1	2
100112527	267226815	1	2
100112527	267226815	1	2
100112527	205170124	1	2
100112527	205170124	1	2
100112527	403710538	1	2
100112527	403710538	1	2
100112527	232459886	1	4
100112527	232459886	1	4
100112527	232459886	1	4
100112527	232459886	1	4
100112527	190487516	1	1
100112527	381993320	1	2
100112527	381993320	1	2
100112527	126659688	1	2
100112527	126659688	1	2
100112527	369634220	1	2
100112527	369634220	1	2
100112527	245894592	1	2
100112527	245894592	1	2
100112527	222466949	1	3
100112527	222466949	1	3
100112527	222466949	1	3
100112527	171567415	1	2
100112527	171567415	1	2
100112527	12245064	1	2
100112527	12245064	1	2
100112527	400121336	1	1
100112527	232813126	1	2
100112527	232813126	1	2
100112527	6611468	1	3
100112527	6611468	1	3
100112527	6611468	1	3
100112527	382988991	1	4
100112527	382988991	1	4
100112527	382988991	1	4
100112527	382988991	1	4
100112527	292794084	1	1
100112527	104957946	1	2
100112527	104957946	1	2
100112527	119231306	1	2
100112527	119231306	1	2
100112527	172647065	1	2
100112527	172647065	1	2
100112527	371652585	1	2
100112527	371652585	1	2
100112527	393469272	1	2
100112527	393469272	1	2
100112527	87105658	1	2
100112527	87105658	1	2
100112527	206940192	1	1
100112527	13241248	1	2
100112527	13241248	1	2
100112527	332162299	1	1
100112527	39852974	1	3
100112527	39852974	1	3
100112527	39852974	1	3
100112527	2790593	1	2
100112527	2790593	1	2
100112527	280955824	1	2
100112527	280955824	1	2
100112527	205297472	1	1
100112527	354351136	1	2
100112527	354351136	1	2
100112527	260465872	1	2
100112527	260465872	1	2
100112527	248645572	1	4
100112527	248645572	1	4
100112527	248645572	1	4
100112527	248645572	1	4
100112527	135241631	1	1
100112527	403969021	1	2
100112527	403969021	1	2
100112527	159359517	1	2
100112527	159359517	1	2
100112527	189165540	1	3
100112527	189165540	1	3
100112527	189165540	1	3
100112527	374680447	1	4
100112527	374680447	1	4
100112527	374680447	1	4
100112527	374680447	1	4
100112527	19245110	1	1
100112527	27880658	1	2
100112527	27880658	1	2
100112527	261616787	1	2
100112527	261616787	1	2
100112527	371480552	1	3
100112527	371480552	1	3
100112527	371480552	1	3
100112527	196541618	1	3
100112527	196541618	1	3
100112527	196541618	1	3
100112527	109992421	1	1
100112527	274307009	1	2
100112527	274307009	1	2
100112527	55824412	1	1
100112527	84728237	1	1
100112527	174268574	1	2
100112527	174268574	1	2
100112527	268374294	1	2
100112527	268374294	1	2
100112527	188332992	1	2
100112527	188332992	1	2
100112527	160555744	1	2
100112527	160555744	1	2
100112527	102672831	1	2
100112527	102672831	1	2
100112527	17790735	1	3
100112527	17790735	1	3
100112527	17790735	1	3
100112527	146749744	1	2
100112527	146749744	1	2
100112527	383836924	1	2
100112527	383836924	1	2
100112527	107239723	1	2
100112527	107239723	1	2
100112527	357661120	1	10
100112527	357661120	1	10
100112527	357661120	1	10
100112527	357661120	1	10
100112527	357661120	1	10
100112527	357661120	1	10
100112527	357661120	1	10
100112527	357661120	1	10
100112527	357661120	1	10
100112527	357661120	1	10
100112527	199036342	1	2
100112527	199036342	1	2
100112527	50228869	1	3
100112527	50228869	1	3
100112527	50228869	1	3
100112527	319661134	1	2
100112527	319661134	1	2
100112527	314491310	1	1
100112527	177118905	1	2
100112527	177118905	1	2
100112527	384663436	1	1
100112527	300257552	1	2
100112527	300257552	1	2
100112527	223167797	1	2
100112527	223167797	1	2
100112527	126329605	1	2
100112527	126329605	1	2
100112527	225652954	1	2
100112527	225652954	1	2
100112527	5863439	1	1
100112527	308659121	1	2
100112527	308659121	1	2
100112527	141781858	3	4
100112527	141781858	1	4
100112527	141781858	1	4
100112527	141781858	1	4
100112527	124421003	1	1
100112527	122883753	1	1
100112527	109096865	1	1
100112527	391284845	1	7
100112527	391284845	1	7
100112527	391284845	1	7
100112527	391284845	1	7
100112527	391284845	1	7
100112527	391284845	1	7
100112527	391284845	1	7
100112527	194707391	1	3
100112527	194707391	1	3
100112527	194707391	1	3
100112527	102000280	1	1
100112527	70165275	1	2
100112527	70165275	1	2
100112527	123005743	1	2
100112527	123005743	1	2
100112527	171621457	1	2
100112527	171621457	1	2
100112527	50326082	1	2
100112527	50326082	1	2
100112527	319781734	1	2
100112527	319781734	1	2
100112527	371949009	1	2
100112527	371949009	1	2
100112527	382395877	1	1
100112527	30639619	1	3
100112527	30639619	1	3
100112527	30639619	1	3
100112527	331379852	1	2
100112527	331379852	1	2
100112527	332041875	1	1
100112527	13105321	1	7
100112527	13105321	1	7
100112527	13105321	1	7
100112527	13105321	1	7
100112527	13105321	1	7
100112527	13105321	1	7
100112527	13105321	1	7
100112527	126775652	1	2
100112527	126775652	1	2
100112527	286161395	1	2
100112527	286161395	1	2
100112527	391784991	1	1
100112527	57005159	1	3
100112527	57005159	1	3
100112527	57005159	1	3
100112527	308874248	1	2
100112527	308874248	1	2
100112527	265956415	1	2
100112527	265956415	1	2
100112527	388195863	1	2
100112527	388195863	1	2
100112527	398115270	1	2
100112527	398115270	1	2
100112527	327190779	1	7
100112527	327190779	1	7
100112527	327190779	1	7
100112527	327190779	1	7
100112527	327190779	1	7
100112527	327190779	1	7
100112527	327190779	1	7
100112527	313048583	1	2
100112527	313048583	1	2
100112527	17290846	1	2
100112527	17290846	1	2
100112527	90562716	1	1
100112527	259795137	1	2
100112527	259795137	1	2
100112527	232226079	1	1
100112527	16740502	1	4
100112527	16740502	1	4
100112527	16740502	1	4
100112527	16740502	1	4
100112527	394235569	1	2
100112527	394235569	1	2
100112527	121616781	1	3
100112527	121616781	1	3
100112527	121616781	1	3
100112527	48363783	1	1
100112527	106246737	1	1
100112527	360046898	1	1
100112527	202808442	1	3
100112527	202808442	1	3
100112527	202808442	1	3
100112527	242346733	1	3
100112527	242346733	1	3
100112527	242346733	1	3
100112527	220819497	1	3
100112527	220819497	1	3
100112527	220819497	1	3
100112527	309857531	1	2
100112527	309857531	1	2
100112527	536049	1	1
100112527	135448229	1	3
100112527	135448229	1	3
100112527	135448229	1	3
100112527	271245315	1	2
100112527	271245315	1	2
100112527	79289939	1	2
100112527	79289939	1	2
100112527	27539822	1	2
100112527	27539822	1	2
100112527	140419841	1	3
100112527	140419841	1	3
100112527	140419841	1	3
100112527	401866818	1	2
100112527	401866818	1	2
100112527	167898530	1	5
100112527	167898530	1	5
100112527	167898530	1	5
100112527	167898530	1	5
100112527	167898530	1	5
100112527	264840226	1	2
100112527	264840226	1	2
100112527	255939323	1	2
100112527	255939323	1	2
100112527	393408504	1	2
100112527	393408504	1	2
100112527	203365112	1	2
100112527	203365112	1	2
100112527	341587395	1	2
100112527	341587395	1	2
100112527	5929719	1	1
100112527	4875351	1	1
100112527	153772585	1	1
100112527	347900758	1	2
100112527	347900758	1	2
100112527	63518778	1	2
100112527	63518778	1	2
100112527	198205553	1	3
100112527	198205553	1	3
100112527	198205553	1	3
100112527	401789995	1	1
100112527	239658264	1	2
100112527	239658264	1	2
100112527	365336820	1	2
100112527	365336820	1	2
100112527	42347410	1	2
100112527	42347410	1	2
100112527	263089716	1	1
100112527	323619364	1	2
100112527	323619364	1	2
100112527	127352911	1	2
100112527	127352911	1	2
100112527	378473294	1	1
100112527	3496501	1	2
100112527	3496501	1	2
100112527	155211396	1	1
100112527	119311393	1	2
100112527	119311393	1	2
100112527	253605731	1	6
100112527	253605731	1	6
100112527	253605731	1	6
100112527	253605731	1	6
100112527	253605731	1	6
100112527	253605731	1	6
100112527	15075718	1	2
100112527	15075718	1	2
100112527	217187318	1	3
100112527	217187318	1	3
100112527	217187318	1	3
100112527	391457747	1	1
100112527	201945919	1	2
100112527	201945919	1	2
100112527	204613878	1	2
100112527	204613878	1	2
100112527	12619545	1	2
100112527	12619545	1	2
100112527	123712793	1	2
100112527	123712793	1	2
100112527	135262778	1	2
100112527	135262778	1	2
100112527	340487316	1	2
100112527	340487316	1	2
100112527	396582780	1	2
100112527	396582780	1	2
100112527	93315860	1	2
100112527	93315860	1	2
100112527	309570904	1	3
100112527	309570904	1	3
100112527	309570904	1	3
100112527	26212659	1	2
100112527	26212659	1	2
100112527	359810021	1	2
100112527	359810021	1	2
100112527	232422889	1	1
100112527	50915262	1	5
100112527	50915262	1	5
100112527	50915262	1	5
100112527	50915262	1	5
100112527	50915262	1	5
100112527	132256901	1	1
100112527	235330808	1	2
100112527	235330808	1	2
100112527	374414705	1	2
100112527	374414705	1	2
100112527	193882644	1	4
100112527	193882644	1	4
100112527	193882644	1	4
100112527	193882644	1	4
100112527	283908273	1	3
100112527	283908273	1	3
100112527	283908273	1	3
100112527	274913545	1	2
100112527	274913545	1	2
100112527	288926266	1	2
100112527	288926266	1	2
100112527	245975604	1	2
100112527	245975604	1	2
100112527	244097568	1	3
100112527	244097568	1	3
100112527	244097568	1	3
100112527	46346805	1	2
100112527	46346805	1	2
100112527	206039127	1	1
100112527	7822647	1	2
100112527	7822647	1	2
100112527	121036215	1	2
100112527	121036215	1	2
100112527	47564482	1	2
100112527	47564482	1	2
100112527	372548259	1	2
100112527	372548259	1	2
100112527	19019281	1	2
100112527	19019281	1	2
100112527	394980754	1	2
100112527	394980754	1	2
100112527	97251342	1	2
100112527	97251342	1	2
100112527	281605087	1	2
100112527	281605087	1	2
100112527	103617048	1	1
100112527	134585159	1	2
100112527	134585159	1	2
100112527	72434681	1	3
100112527	72434681	1	3
100112527	72434681	1	3
100112527	109493941	1	1
100112527	225628443	1	4
100112527	225628443	1	4
100112527	225628443	1	4
100112527	225628443	1	4
100112527	78778470	1	2
100112527	78778470	1	2
100112527	368077950	1	1
100112527	181281609	1	4
100112527	181281609	1	4
100112527	181281609	1	4
100112527	181281609	1	4
100112527	217830744	1	2
100112527	217830744	1	2
100112527	108731297	1	3
100112527	108731297	1	3
100112527	108731297	1	3
100112527	170050534	1	2
100112527	170050534	1	2
100112527	280027539	1	1
100112527	197232701	1	2
100112527	197232701	1	2
100112527	297272465	1	2
100112527	297272465	1	2
100112527	363083022	1	2
100112527	363083022	1	2
100112527	10284971	1	6
100112527	10284971	1	6
100112527	10284971	1	6
100112527	10284971	1	6
100112527	10284971	1	6
100112527	10284971	1	6
100112527	161783889	1	2
100112527	161783889	1	2
100112527	145961794	1	3
100112527	145961794	1	3
100112527	145961794	1	3
100112527	207249660	1	2
100112527	207249660	1	2
100112527	381776916	1	2
100112527	381776916	1	2
100112527	74790581	1	2
100112527	74790581	1	2
100112527	294895937	1	2
100112527	294895937	1	2
100112527	237222745	1	4
100112527	237222745	1	4
100112527	237222745	1	4
100112527	237222745	1	4
100112527	298226003	1	1
100112527	263565845	1	2
100112527	263565845	1	2
100112527	181826220	1	2
100112527	181826220	1	2
100112527	396269804	1	2
100112527	396269804	1	2
100112527	266095504	1	2
100112527	266095504	1	2
100112527	171757357	1	1
100112527	71117024	1	2
100112527	71117024	1	2
100112527	388753278	1	3
100112527	388753278	1	3
100112527	388753278	1	3
100112527	169340620	1	1
100112527	243280819	1	2
100112527	243280819	1	2
100112527	403546331	1	2
100112527	403546331	1	2
100112527	134910833	1	2
100112527	134910833	1	2
100112527	165408005	1	2
100112527	165408005	1	2
100112527	173032278	1	3
100112527	173032278	1	3
100112527	173032278	1	3
100112527	289487626	1	1
100112527	25592312	1	2
100112527	25592312	1	2
100112527	119816782	1	2
100112527	119816782	1	2
100112527	201234906	1	2
100112527	201234906	1	2
100112527	74808864	1	1
100112527	360481028	1	2
100112527	360481028	1	2
100112527	149444161	1	1
100112527	72539722	1	2
100112527	72539722	1	2
100112527	49070398	1	1
100112527	233870272	1	2
100112527	233870272	1	2
100112527	388780793	1	1
100112527	178009135	1	2
100112527	178009135	1	2
100112527	16245461	1	2
100112527	16245461	1	2
100112527	224486243	1	2
100112527	224486243	1	2
100112527	128416011	1	2
100112527	128416011	1	2
100112527	56771560	1	2
100112527	56771560	1	2
100112527	246346861	1	2
100112527	246346861	1	2
100112527	180289639	1	1
100112527	232385868	1	1
100112527	172562851	1	1
100112527	177697610	1	2
100112527	177697610	1	2
100112527	137190223	1	3
100112527	137190223	1	3
100112527	137190223	1	3
100112527	351351805	1	2
100112527	351351805	1	2
100112527	169284096	1	2
100112527	169284096	1	2
100112527	362301633	1	1
100112527	253154067	1	1
100112527	137879434	1	1
100112527	157317686	1	1
100112527	53122221	1	2
100112527	53122221	1	2
100112527	92891480	1	3
100112527	92891480	1	3
100112527	92891480	1	3
100112527	86534556	1	1
100112527	307341273	1	2
100112527	307341273	1	2
100112527	238192481	1	2
100112527	238192481	1	2
100112527	151792052	1	2
100112527	151792052	1	2
100112527	163409258	1	2
100112527	163409258	1	2
100112527	152125711	1	2
100112527	152125711	1	2
100112527	8699546	1	1
100112527	37524823	1	3
100112527	37524823	1	3
100112527	37524823	1	3
100112527	2931906	1	2
100112527	2931906	1	2
100112527	360730212	1	1
100112527	140459130	1	3
100112527	140459130	1	3
100112527	140459130	1	3
100112527	126824244	1	1
100112527	30862638	1	2
100112527	30862638	1	2
100112527	305459351	1	2
100112527	305459351	1	2
100112527	29834395	1	2
100112527	29834395	1	2
100112527	340478751	1	2
100112527	340478751	1	2
100112527	218638187	1	2
100112527	218638187	1	2
100112527	73254154	1	2
100112527	73254154	1	2
100112527	57707822	1	1
100112527	134622081	1	2
100112527	134622081	1	2
100112527	339764158	1	1
100112527	368877423	1	2
100112527	368877423	1	2
100112527	109185453	1	1
