100029775	165927164	1	2
100029775	165927164	1	2
100029775	21968905	1	3
100029775	21968905	1	3
100029775	21968905	1	3
100029775	201267064	1	2
100029775	201267064	1	2
100029775	332750651	1	2
100029775	332750651	1	2
100029775	274868112	1	7
100029775	274868112	1	7
100029775	274868112	1	7
100029775	274868112	1	7
100029775	274868112	2	7
100029775	274868112	1	7
100029775	274868112	1	7
100029775	244339393	1	2
100029775	244339393	1	2
100029775	348454140	1	2
100029775	348454140	1	2
100029775	339327091	1	2
100029775	339327091	1	2
100029775	255125223	1	2
100029775	255125223	1	2
100029775	381631006	1	7
100029775	381631006	2	7
100029775	381631006	1	7
100029775	381631006	1	7
100029775	381631006	1	7
100029775	381631006	1	7
100029775	381631006	1	7
100029775	169956891	1	2
100029775	169956891	1	2
100029775	211663560	1	2
100029775	211663560	1	2
100029775	30464936	1	2
100029775	30464936	1	2
100029775	402678392	1	2
100029775	402678392	1	2
100029775	243466972	1	9
100029775	243466972	1	9
100029775	243466972	1	9
100029775	243466972	2	9
100029775	243466972	1	9
100029775	243466972	1	9
100029775	243466972	1	9
100029775	243466972	1	9
100029775	243466972	1	9
100029775	252286076	1	8
100029775	252286076	1	8
100029775	252286076	1	8
100029775	252286076	2	8
100029775	252286076	1	8
100029775	252286076	1	8
100029775	252286076	1	8
100029775	252286076	1	8
100029775	270821337	1	1
100029775	322517411	1	2
100029775	322517411	1	2
100029775	50365355	1	4
100029775	50365355	1	4
100029775	50365355	1	4
100029775	50365355	1	4
100029775	20016043	1	4
100029775	20016043	1	4
100029775	20016043	1	4
100029775	20016043	1	4
100029775	118033464	1	2
100029775	118033464	1	2
100029775	195394110	1	2
100029775	195394110	1	2
100029775	311703684	1	2
100029775	311703684	1	2
100029775	299499510	1	2
100029775	299499510	1	2
100029775	261875973	1	2
100029775	261875973	1	2
100029775	274695037	1	2
100029775	274695037	1	2
100029775	402741154	1	4
100029775	402741154	1	4
100029775	402741154	1	4
100029775	402741154	1	4
100029775	154764599	1	4
100029775	154764599	1	4
100029775	154764599	1	4
100029775	154764599	1	4
100029775	80155387	1	5
100029775	80155387	1	5
100029775	80155387	1	5
100029775	80155387	1	5
100029775	80155387	1	5
100029775	106222285	1	2
100029775	106222285	1	2
100029775	137621297	1	1
100029775	346277745	1	3
100029775	346277745	1	3
100029775	346277745	2	3
100029775	8021729	2	3
100029775	8021729	1	3
100029775	8021729	1	3
100029775	132193956	1	3
100029775	132193956	1	3
100029775	132193956	1	3
100029775	67429074	1	2
100029775	67429074	1	2
100029775	61251128	1	2
100029775	61251128	1	2
100029775	218022085	1	5
100029775	218022085	1	5
100029775	218022085	1	5
100029775	218022085	1	5
100029775	218022085	1	5
100029775	304235745	1	2
100029775	304235745	1	2
100029775	199125599	1	2
100029775	199125599	1	2
100029775	297443044	1	2
100029775	297443044	1	2
100029775	263129708	1	4
100029775	263129708	1	4
100029775	263129708	1	4
100029775	263129708	1	4
100029775	155889263	1	2
100029775	155889263	1	2
100029775	70394849	1	5
100029775	70394849	1	5
100029775	70394849	1	5
100029775	70394849	1	5
100029775	70394849	1	5
100029775	283564938	1	6
100029775	283564938	1	6
100029775	283564938	1	6
100029775	283564938	1	6
100029775	283564938	1	6
100029775	283564938	2	6
100029775	205052614	1	3
100029775	205052614	2	3
100029775	205052614	1	3
100029775	347082951	1	2
100029775	347082951	1	2
100029775	246012058	1	1
100029775	369442037	1	2
100029775	369442037	1	2
100029775	378347665	1	4
100029775	378347665	1	4
100029775	378347665	1	4
100029775	378347665	1	4
100029775	238681741	1	11
100029775	238681741	1	11
100029775	238681741	1	11
100029775	238681741	1	11
100029775	238681741	1	11
100029775	238681741	1	11
100029775	238681741	1	11
100029775	238681741	1	11
100029775	238681741	1	11
100029775	238681741	4	11
100029775	238681741	1	11
100029775	237966754	1	2
100029775	237966754	1	2
100029775	45616906	1	2
100029775	45616906	1	2
100029775	49063582	1	4
100029775	49063582	1	4
100029775	49063582	1	4
100029775	49063582	1	4
100029775	25884323	1	2
100029775	25884323	1	2
100029775	80033468	1	2
100029775	80033468	1	2
100029775	297779603	1	4
100029775	297779603	1	4
100029775	297779603	1	4
100029775	297779603	1	4
100029775	130639998	1	4
100029775	130639998	1	4
100029775	130639998	1	4
100029775	130639998	1	4
100029775	287413918	4	29
100029775	287413918	1	29
100029775	287413918	1	29
100029775	287413918	1	29
100029775	287413918	1	29
100029775	287413918	1	29
100029775	287413918	1	29
100029775	287413918	1	29
100029775	287413918	1	29
100029775	287413918	1	29
100029775	287413918	1	29
100029775	287413918	1	29
100029775	287413918	1	29
100029775	287413918	1	29
100029775	287413918	1	29
100029775	287413918	1	29
100029775	287413918	1	29
100029775	287413918	1	29
100029775	287413918	1	29
100029775	287413918	1	29
100029775	287413918	1	29
100029775	287413918	1	29
100029775	287413918	1	29
100029775	287413918	1	29
100029775	287413918	1	29
100029775	287413918	1	29
100029775	287413918	1	29
100029775	287413918	1	29
100029775	287413918	2	29
100029775	247380548	1	3
100029775	247380548	2	3
100029775	247380548	1	3
100029775	153973127	1	3
100029775	153973127	1	3
100029775	153973127	1	3
100029775	211143155	1	9
100029775	211143155	2	9
100029775	211143155	1	9
100029775	211143155	1	9
100029775	211143155	1	9
100029775	211143155	1	9
100029775	211143155	1	9
100029775	211143155	2	9
100029775	211143155	1	9
100029775	373763090	2	3
100029775	373763090	1	3
100029775	373763090	1	3
100029775	138489215	1	1
100029775	350942199	1	2
100029775	350942199	1	2
100029775	75616466	2	3
100029775	75616466	1	3
100029775	75616466	1	3
100029775	8361174	1	2
100029775	8361174	1	2
100029775	354103995	1	2
100029775	354103995	1	2
100029775	214252945	1	13
100029775	214252945	1	13
100029775	214252945	1	13
100029775	214252945	1	13
100029775	214252945	1	13
100029775	214252945	1	13
100029775	214252945	1	13
100029775	214252945	1	13
100029775	214252945	1	13
100029775	214252945	1	13
100029775	214252945	1	13
100029775	214252945	1	13
100029775	214252945	1	13
100029775	365505232	1	2
100029775	365505232	1	2
100029775	402253684	1	4
100029775	402253684	1	4
100029775	402253684	1	4
100029775	402253684	1	4
100029775	294025724	1	3
100029775	294025724	1	3
100029775	294025724	1	3
100029775	372383844	1	2
100029775	372383844	1	2
100029775	365811867	1	2
100029775	365811867	1	2
100029775	235787727	1	2
100029775	235787727	1	2
100029775	87557153	1	3
100029775	87557153	2	3
100029775	87557153	1	3
100029775	296528289	1	3
100029775	296528289	1	3
100029775	296528289	1	3
100029775	282470272	1	2
100029775	282470272	1	2
100029775	17988661	1	12
100029775	17988661	1	12
100029775	17988661	1	12
100029775	17988661	1	12
100029775	17988661	1	12
100029775	17988661	1	12
100029775	17988661	1	12
100029775	17988661	2	12
100029775	17988661	1	12
100029775	17988661	1	12
100029775	17988661	1	12
100029775	17988661	1	12
100029775	159109394	1	4
100029775	159109394	1	4
100029775	159109394	1	4
100029775	159109394	1	4
100029775	216532638	1	7
100029775	216532638	1	7
100029775	216532638	1	7
100029775	216532638	1	7
100029775	216532638	1	7
100029775	216532638	4	7
100029775	216532638	1	7
100029775	46228183	1	5
100029775	46228183	1	5
100029775	46228183	1	5
100029775	46228183	1	5
100029775	46228183	2	5
100029775	200641128	1	2
100029775	200641128	1	2
100029775	128989040	1	3
100029775	128989040	1	3
100029775	128989040	2	3
100029775	11803344	1	3
100029775	11803344	1	3
100029775	11803344	1	3
100029775	210028911	1	3
100029775	210028911	1	3
100029775	210028911	1	3
100029775	36591792	1	9
100029775	36591792	1	9
100029775	36591792	1	9
100029775	36591792	1	9
100029775	36591792	1	9
100029775	36591792	1	9
100029775	36591792	1	9
100029775	36591792	2	9
100029775	36591792	1	9
100029775	296717135	1	2
100029775	296717135	1	2
100029775	8679034	1	2
100029775	8679034	1	2
100029775	198524629	1	2
100029775	198524629	1	2
100029775	395485891	1	2
100029775	395485891	1	2
100029775	8652879	1	3
100029775	8652879	1	3
100029775	8652879	2	3
100029775	79140857	1	2
100029775	79140857	1	2
100029775	29438683	1	3
100029775	29438683	1	3
100029775	29438683	1	3
100029775	14212887	1	2
100029775	14212887	1	2
100029775	123133114	1	2
100029775	123133114	1	2
100029775	121572843	1	2
100029775	121572843	1	2
100029775	165528313	1	2
100029775	165528313	1	2
100029775	48896808	1	2
100029775	48896808	1	2
100029775	67085340	1	10
100029775	67085340	1	10
100029775	67085340	1	10
100029775	67085340	2	10
100029775	67085340	1	10
100029775	67085340	1	10
100029775	67085340	1	10
100029775	67085340	1	10
100029775	67085340	1	10
100029775	67085340	1	10
100029775	313616193	1	3
100029775	313616193	1	3
100029775	313616193	1	3
100029775	150563006	1	1
100029775	32720344	1	2
100029775	32720344	1	2
100029775	223294204	1	2
100029775	223294204	1	2
100029775	367777162	1	2
100029775	367777162	1	2
100029775	80940727	1	2
100029775	80940727	1	2
100029775	404506492	1	2
100029775	404506492	1	2
100029775	54049624	1	2
100029775	54049624	1	2
100029775	268913076	1	2
100029775	268913076	1	2
100029775	400780241	1	2
100029775	400780241	1	2
100029775	97350436	1	2
100029775	97350436	1	2
100029775	187177856	1	2
100029775	187177856	1	2
100029775	330345353	1	2
100029775	330345353	1	2
100029775	181239230	1	2
100029775	181239230	1	2
100029775	104599592	1	2
100029775	104599592	1	2
100029775	326201591	1	4
100029775	326201591	1	4
100029775	326201591	1	4
100029775	326201591	4	4
100029775	239362693	1	2
100029775	239362693	1	2
100029775	167854422	1	2
100029775	167854422	1	2
100029775	99115400	1	4
100029775	99115400	1	4
100029775	99115400	1	4
100029775	99115400	1	4
100029775	200480861	1	3
100029775	200480861	2	3
100029775	200480861	1	3
100029775	222229697	1	12
100029775	222229697	3	12
100029775	222229697	1	12
100029775	222229697	1	12
100029775	222229697	1	12
100029775	222229697	1	12
100029775	222229697	4	12
100029775	222229697	1	12
100029775	222229697	1	12
100029775	222229697	1	12
100029775	222229697	1	12
100029775	222229697	1	12
100029775	103488152	1	2
100029775	103488152	1	2
100029775	263097356	1	2
100029775	263097356	1	2
100029775	169159280	1	2
100029775	169159280	1	2
100029775	169916818	1	2
100029775	169916818	1	2
100029775	96582824	1	1
100029775	185631584	1	2
100029775	185631584	1	2
100029775	230835230	1	2
100029775	230835230	1	2
100029775	384465405	1	3
100029775	384465405	1	3
100029775	384465405	1	3
100029775	227487208	1	4
100029775	227487208	1	4
100029775	227487208	1	4
100029775	227487208	1	4
100029775	317407270	1	2
100029775	317407270	1	2
100029775	63698519	1	3
100029775	63698519	2	3
100029775	63698519	1	3
100029775	177870759	1	2
100029775	177870759	1	2
100029775	9160080	1	3
100029775	9160080	1	3
100029775	9160080	1	3
100029775	391300822	1	2
100029775	391300822	1	2
100029775	228754898	1	2
100029775	228754898	1	2
100029775	255555053	1	2
100029775	255555053	1	2
100029775	191599505	1	4
100029775	191599505	1	4
100029775	191599505	1	4
100029775	191599505	1	4
100029775	237240936	1	2
100029775	237240936	1	2
100029775	182952513	1	2
100029775	182952513	1	2
100029775	135293475	1	5
100029775	135293475	2	5
100029775	135293475	1	5
100029775	135293475	1	5
100029775	135293475	1	5
100029775	279864700	1	3
100029775	279864700	2	3
100029775	279864700	1	3
100029775	334897404	1	6
100029775	334897404	1	6
100029775	334897404	1	6
100029775	334897404	1	6
100029775	334897404	1	6
100029775	334897404	2	6
100029775	205264014	1	2
100029775	205264014	1	2
100029775	210807832	1	2
100029775	210807832	1	2
100029775	56574541	1	5
100029775	56574541	1	5
100029775	56574541	1	5
100029775	56574541	1	5
100029775	56574541	1	5
100029775	14815609	1	2
100029775	14815609	1	2
100029775	107389904	1	2
100029775	107389904	1	2
100029775	261470843	1	4
100029775	261470843	1	4
100029775	261470843	1	4
100029775	261470843	1	4
