100087810	129132465	1	2
100087810	129132465	1	2
100087810	206927390	1	2
100087810	206927390	1	2
100087810	314229480	1	2
100087810	314229480	1	2
100087810	45826995	1	3
100087810	45826995	1	3
100087810	45826995	1	3
100087810	308640036	1	2
100087810	308640036	1	2
100087810	389513384	1	3
100087810	389513384	1	3
100087810	389513384	1	3
100087810	160971828	1	1
100087810	249248564	1	1
100087810	176237138	1	2
100087810	176237138	1	2
100087810	74800159	1	1
100087810	172732741	1	1
100087810	326692373	1	1
100087810	237905299	1	2
100087810	237905299	1	2
100087810	126902916	1	1
100087810	133408825	1	1
100087810	394849739	1	2
100087810	394849739	1	2
100087810	93751638	1	1
100087810	126167067	1	1
100087810	202761239	1	1
100087810	112080564	1	3
100087810	112080564	1	3
100087810	112080564	1	3
100087810	224251261	1	1
100087810	143864325	1	1
100087810	372925085	1	2
100087810	372925085	1	2
100087810	72598080	1	1
100087810	66903742	1	4
100087810	66903742	1	4
100087810	66903742	3	4
100087810	66903742	1	4
100087810	163393990	1	1
100087810	217712429	1	1
100087810	55697367	1	1
100087810	211199041	1	1
100087810	357397166	1	1
100087810	88063324	1	2
100087810	88063324	1	2
100087810	284098527	1	3
100087810	284098527	1	3
100087810	284098527	1	3
100087810	9997465	1	3
100087810	9997465	1	3
100087810	9997465	1	3
100087810	110902802	1	4
100087810	110902802	1	4
100087810	110902802	1	4
100087810	110902802	1	4
100087810	180315766	1	1
100087810	194185957	1	3
100087810	194185957	1	3
100087810	194185957	1	3
100087810	44587072	1	1
100087810	293032766	1	3
100087810	293032766	1	3
100087810	293032766	1	3
100087810	350848545	1	2
100087810	350848545	1	2
100087810	321809149	1	1
100087810	258283916	1	1
100087810	46878789	1	1
100087810	64751730	1	2
100087810	64751730	1	2
100087810	279142590	1	1
100087810	326351546	1	1
100087810	243241555	1	1
100087810	271440899	1	3
100087810	271440899	1	3
100087810	271440899	1	3
100087810	291702400	1	3
100087810	291702400	1	3
100087810	291702400	1	3
100087810	56501180	1	8
100087810	56501180	1	8
100087810	56501180	1	8
100087810	56501180	1	8
100087810	56501180	1	8
100087810	56501180	1	8
100087810	56501180	1	8
100087810	56501180	1	8
100087810	307863847	1	1
100087810	154561175	1	3
100087810	154561175	1	3
100087810	154561175	1	3
100087810	58044854	1	3
100087810	58044854	1	3
100087810	58044854	1	3
100087810	265447211	1	1
100087810	398025587	1	3
100087810	398025587	1	3
100087810	398025587	1	3
100087810	320496712	1	3
100087810	320496712	1	3
100087810	320496712	1	3
100087810	272178785	1	4
100087810	272178785	1	4
100087810	272178785	1	4
100087810	272178785	1	4
100087810	454710	1	1
100087810	294413202	1	1
100087810	340053587	1	1
100087810	263510504	1	1
100087810	209265585	1	2
100087810	209265585	1	2
100087810	216271153	1	1
100087810	324319612	1	2
100087810	324319612	1	2
100087810	90929144	1	1
100087810	242890882	1	2
100087810	242890882	1	2
100087810	119250207	1	4
100087810	119250207	1	4
100087810	119250207	1	4
100087810	119250207	1	4
100087810	350215063	1	1
100087810	381649990	1	2
100087810	381649990	1	2
100087810	173970332	1	3
100087810	173970332	1	3
100087810	173970332	1	3
100087810	230421992	1	1
100087810	260023655	1	1
100087810	313439490	1	1
100087810	2661960	1	3
100087810	2661960	1	3
100087810	2661960	1	3
100087810	69405798	1	1
100087810	294743359	1	1
100087810	232129608	1	5
100087810	232129608	1	5
100087810	232129608	1	5
100087810	232129608	1	5
100087810	232129608	1	5
100087810	27205399	1	1
100087810	111556926	1	1
100087810	207926595	1	1
100087810	74098818	1	1
100087810	114004323	1	1
100087810	198970422	1	1
100087810	175495413	1	1
100087810	212925240	1	2
100087810	212925240	1	2
100087810	149798879	1	2
100087810	149798879	1	2
100087810	120276949	1	1
100087810	158521222	1	3
100087810	158521222	1	3
100087810	158521222	1	3
100087810	151346396	1	1
100087810	143543195	1	2
100087810	143543195	1	2
100087810	234237282	1	9
100087810	234237282	1	9
100087810	234237282	1	9
100087810	234237282	1	9
100087810	234237282	1	9
100087810	234237282	1	9
100087810	234237282	1	9
100087810	234237282	1	9
100087810	234237282	1	9
100087810	316435925	1	1
100087810	8466225	1	1
100087810	5638046	1	1
100087810	34866482	1	2
100087810	34866482	1	2
100087810	39051589	1	1
100087810	168856516	1	4
100087810	168856516	1	4
100087810	168856516	1	4
100087810	168856516	1	4
100087810	20134618	1	1
100087810	278508443	1	3
100087810	278508443	1	3
100087810	278508443	1	3
100087810	321653079	1	1
100087810	60968590	1	1
100087810	152985000	1	3
100087810	152985000	1	3
100087810	152985000	1	3
100087810	229116094	1	3
100087810	229116094	1	3
100087810	229116094	1	3
100087810	40357359	1	1
100087810	385816131	1	3
100087810	385816131	1	3
100087810	385816131	1	3
100087810	163965100	1	1
100087810	40001665	1	1
100087810	140674164	1	2
100087810	140674164	1	2
100087810	259995780	1	2
100087810	259995780	1	2
100087810	91364958	1	1
100087810	54580903	1	3
100087810	54580903	1	3
100087810	54580903	1	3
100087810	330236602	1	5
100087810	330236602	1	5
100087810	330236602	1	5
100087810	330236602	1	5
100087810	330236602	3	5
100087810	103551493	1	2
100087810	103551493	1	2
100087810	246989442	1	1
100087810	377740443	1	2
100087810	377740443	1	2
100087810	393477792	1	2
100087810	393477792	1	2
100087810	302864050	1	2
100087810	302864050	1	2
100087810	63378995	1	1
100087810	368480231	1	1
100087810	373825214	1	2
100087810	373825214	1	2
100087810	328923774	1	1
100087810	366079976	1	1
100087810	110807748	1	1
100087810	122604288	1	2
100087810	122604288	1	2
100087810	47975013	1	3
100087810	47975013	1	3
100087810	47975013	1	3
100087810	170060488	1	1
100087810	256702620	1	2
100087810	256702620	1	2
100087810	367522890	1	2
100087810	367522890	1	2
100087810	245420091	1	1
100087810	826843	1	4
100087810	826843	1	4
100087810	826843	1	4
100087810	826843	1	4
100087810	60657481	1	3
100087810	60657481	1	3
100087810	60657481	1	3
100087810	356231572	1	1
100087810	50169708	1	2
100087810	50169708	1	2
100087810	159871980	1	1
100087810	362740916	1	3
100087810	362740916	1	3
100087810	362740916	1	3
100087810	242001622	1	1
100087810	335313728	1	3
100087810	335313728	1	3
100087810	335313728	1	3
100087810	298151004	1	1
100087810	259721965	1	1
100087810	387117960	1	1
100087810	142057641	1	1
100087810	133639997	1	1
100087810	17186814	1	3
100087810	17186814	1	3
100087810	17186814	1	3
100087810	65190701	1	1
100087810	270151978	1	3
100087810	270151978	1	3
100087810	270151978	1	3
100087810	41674679	1	1
100087810	190207214	1	3
100087810	190207214	1	3
100087810	190207214	1	3
100087810	347715037	1	1
100087810	79187755	1	3
100087810	79187755	1	3
100087810	79187755	1	3
100087810	390012929	1	4
100087810	390012929	1	4
100087810	390012929	1	4
100087810	390012929	1	4
100087810	69140601	1	2
100087810	69140601	1	2
100087810	90699471	1	1
