100068031	1500617	1	5
100068031	1500617	1	5
100068031	1500617	1	5
100068031	1500617	1	5
100068031	1500617	1	5
100068031	286429789	1	1
100068031	55633951	1	8
100068031	55633951	1	8
100068031	55633951	1	8
100068031	55633951	1	8
100068031	55633951	1	8
100068031	55633951	1	8
100068031	55633951	1	8
100068031	55633951	1	8
100068031	98517695	1	1
100068031	146219781	1	2
100068031	146219781	1	2
100068031	226812456	1	1
100068031	251434153	1	1
100068031	333799695	1	1
100068031	277547183	1	1
100068031	331368501	1	1
100068031	396971175	1	3
100068031	396971175	1	3
100068031	396971175	1	3
100068031	20157319	1	1
100068031	209383858	1	3
100068031	209383858	1	3
100068031	209383858	1	3
100068031	24405642	1	2
100068031	24405642	1	2
100068031	394327226	1	3
100068031	394327226	1	3
100068031	394327226	1	3
100068031	175477880	1	3
100068031	175477880	1	3
100068031	175477880	1	3
100068031	17625952	1	3
100068031	17625952	1	3
100068031	17625952	1	3
100068031	6439804	1	1
100068031	171197008	1	1
100068031	203452706	1	3
100068031	203452706	1	3
100068031	203452706	1	3
100068031	119084073	1	1
100068031	340626017	1	2
100068031	340626017	1	2
100068031	239537665	1	5
100068031	239537665	1	5
100068031	239537665	1	5
100068031	239537665	1	5
100068031	239537665	1	5
100068031	164719579	1	2
100068031	164719579	1	2
100068031	70207999	1	1
100068031	79239252	1	2
100068031	79239252	1	2
100068031	196044593	1	1
100068031	372269188	1	1
100068031	174737964	1	1
100068031	247817092	1	3
100068031	247817092	1	3
100068031	247817092	1	3
100068031	107632974	1	1
100068031	400721104	1	2
100068031	400721104	1	2
100068031	158741678	1	2
100068031	158741678	1	2
100068031	264183009	1	3
100068031	264183009	1	3
100068031	264183009	1	3
100068031	330679021	1	3
100068031	330679021	1	3
100068031	330679021	1	3
100068031	375239920	1	1
100068031	291916398	1	1
100068031	53199958	1	3
100068031	53199958	1	3
100068031	53199958	1	3
100068031	361535221	1	1
100068031	190075296	1	2
100068031	190075296	1	2
100068031	5812063	1	2
100068031	5812063	1	2
100068031	1391883	1	2
100068031	1391883	1	2
100068031	375891856	1	1
100068031	176277477	1	2
100068031	176277477	1	2
100068031	250636264	3	11
100068031	250636264	3	11
100068031	250636264	4	11
100068031	250636264	1	11
100068031	250636264	1	11
100068031	250636264	1	11
100068031	250636264	1	11
100068031	250636264	1	11
100068031	250636264	1	11
100068031	250636264	1	11
100068031	250636264	1	11
100068031	225130052	1	1
100068031	85682727	1	1
100068031	315068224	1	3
100068031	315068224	1	3
100068031	315068224	1	3
100068031	62199915	1	1
100068031	41070556	1	3
100068031	41070556	1	3
100068031	41070556	1	3
100068031	1977352	1	1
100068031	298622907	1	2
100068031	298622907	1	2
100068031	150442941	1	6
100068031	150442941	1	6
100068031	150442941	1	6
100068031	150442941	1	6
100068031	150442941	3	6
100068031	150442941	1	6
100068031	237813276	1	3
100068031	237813276	1	3
100068031	237813276	1	3
100068031	365895002	2	1
100068031	7881032	1	1
100068031	371145374	1	1
100068031	158620708	1	3
100068031	158620708	1	3
100068031	158620708	1	3
100068031	109121769	1	4
100068031	109121769	1	4
100068031	109121769	1	4
100068031	109121769	1	4
100068031	326958270	1	1
100068031	317874691	1	3
100068031	317874691	1	3
100068031	317874691	1	3
100068031	37252707	1	5
100068031	37252707	1	5
100068031	37252707	1	5
100068031	37252707	1	5
100068031	37252707	1	5
100068031	193025176	1	2
100068031	193025176	1	2
100068031	24613493	1	1
100068031	387629503	1	1
100068031	318079347	1	2
100068031	318079347	1	2
100068031	50961935	1	2
100068031	50961935	1	2
100068031	134749334	1	4
100068031	134749334	1	4
100068031	134749334	1	4
100068031	134749334	1	4
100068031	332427144	1	1
100068031	41539905	1	2
100068031	41539905	1	2
100068031	36153140	1	3
100068031	36153140	1	3
100068031	36153140	1	3
100068031	348308339	1	3
100068031	348308339	1	3
100068031	348308339	1	3
100068031	168463559	1	2
100068031	168463559	1	2
100068031	56534263	1	3
100068031	56534263	1	3
100068031	56534263	1	3
100068031	73946922	1	3
100068031	73946922	1	3
100068031	73946922	1	3
100068031	236312871	1	1
100068031	36343325	1	3
100068031	36343325	1	3
100068031	36343325	1	3
100068031	402626093	1	2
100068031	402626093	1	2
100068031	78955340	1	1
100068031	72451347	1	2
100068031	72451347	1	2
100068031	192788245	1	1
100068031	81681251	1	1
100068031	358223498	1	1
100068031	66637813	1	1
100068031	398876711	1	3
100068031	398876711	1	3
100068031	398876711	1	3
100068031	140503870	1	3
100068031	140503870	1	3
100068031	140503870	1	3
100068031	255364532	1	3
100068031	255364532	1	3
100068031	255364532	1	3
100068031	64269285	1	1
100068031	134223512	1	1
100068031	67834973	1	1
100068031	184108501	1	2
100068031	184108501	1	2
100068031	309193663	1	2
100068031	309193663	1	2
100068031	285473304	1	2
100068031	285473304	1	2
100068031	363675158	1	1
100068031	286141563	1	1
100068031	29461090	1	3
100068031	29461090	1	3
100068031	29461090	1	3
100068031	254127882	1	13
100068031	254127882	1	13
100068031	254127882	1	13
100068031	254127882	1	13
100068031	254127882	1	13
100068031	254127882	1	13
100068031	254127882	1	13
100068031	254127882	1	13
100068031	254127882	1	13
100068031	254127882	1	13
100068031	254127882	4	13
100068031	254127882	1	13
100068031	254127882	1	13
100068031	353948465	1	1
100068031	396381058	1	3
100068031	396381058	1	3
100068031	396381058	1	3
100068031	112284760	1	4
100068031	112284760	1	4
100068031	112284760	1	4
100068031	112284760	1	4
100068031	371754526	1	1
100068031	33837183	1	1
100068031	82673334	1	3
100068031	82673334	1	3
100068031	82673334	1	3
100068031	258127920	1	3
100068031	258127920	4	3
100068031	258127920	1	3
100068031	102448108	1	5
100068031	102448108	1	5
100068031	102448108	1	5
100068031	102448108	1	5
100068031	102448108	3	5
100068031	217620949	1	12
100068031	217620949	1	12
100068031	217620949	1	12
100068031	217620949	1	12
100068031	217620949	1	12
100068031	217620949	1	12
100068031	217620949	1	12
100068031	217620949	4	12
100068031	217620949	1	12
100068031	217620949	1	12
100068031	217620949	1	12
100068031	217620949	1	12
100068031	391834640	1	4
100068031	391834640	1	4
100068031	391834640	1	4
100068031	391834640	1	4
100068031	377056172	1	1
100068031	219802482	1	2
100068031	219802482	1	2
100068031	377060433	1	2
100068031	377060433	1	2
100068031	165127749	1	1
100068031	66654062	1	1
100068031	308148888	1	1
100068031	36925766	1	6
100068031	36925766	1	6
100068031	36925766	4	6
100068031	36925766	1	6
100068031	36925766	1	6
100068031	36925766	1	6
100068031	40841338	1	3
100068031	40841338	1	3
100068031	40841338	1	3
100068031	103662408	1	1
100068031	318618469	1	2
100068031	318618469	1	2
100068031	23465458	1	3
100068031	23465458	1	3
100068031	23465458	1	3
100068031	99082717	1	2
100068031	99082717	1	2
100068031	326985468	1	2
100068031	326985468	1	2
100068031	351617502	1	1
100068031	222558510	1	2
100068031	222558510	1	2
100068031	35891330	1	5
100068031	35891330	1	5
100068031	35891330	1	5
100068031	35891330	1	5
100068031	35891330	1	5
100068031	303580397	1	7
100068031	303580397	1	7
100068031	303580397	1	7
100068031	303580397	1	7
100068031	303580397	1	7
100068031	303580397	1	7
100068031	303580397	1	7
100068031	395786032	1	3
100068031	395786032	1	3
100068031	395786032	1	3
100068031	59426911	1	1
100068031	244612308	1	2
100068031	244612308	1	2
100068031	222220729	1	3
100068031	222220729	1	3
100068031	222220729	1	3
100068031	300038384	1	1
100068031	296527651	3	5
100068031	296527651	1	5
100068031	296527651	1	5
100068031	296527651	1	5
100068031	296527651	1	5
100068031	225356158	1	1
100068031	77022368	1	4
100068031	77022368	1	4
100068031	77022368	1	4
100068031	77022368	4	4
100068031	152618790	1	1
100068031	372335629	1	3
100068031	372335629	1	3
100068031	372335629	1	3
100068031	28675066	1	1
100068031	331212270	1	1
100068031	249200519	1	1
100068031	34948431	1	3
100068031	34948431	1	3
100068031	34948431	1	3
100068031	354519206	1	1
100068031	235862645	1	3
100068031	235862645	1	3
100068031	235862645	1	3
100068031	260830386	1	2
100068031	260830386	1	2
100068031	309397585	1	2
100068031	309397585	1	2
100068031	273494141	1	1
100068031	38080682	1	1
100068031	134638217	1	1
100068031	265554505	1	1
100068031	18513498	1	1
100068031	332024681	1	2
100068031	332024681	1	2
100068031	173381299	1	3
100068031	173381299	1	3
100068031	173381299	1	3
100068031	12489944	1	3
100068031	12489944	1	3
100068031	12489944	1	3
100068031	367054865	1	1
100068031	104859227	1	1
100068031	265154400	1	1
100068031	342342248	1	2
100068031	342342248	1	2
100068031	225206999	1	1
100068031	353083781	1	1
100068031	280436962	1	3
100068031	280436962	1	3
100068031	280436962	1	3
100068031	829050	1	1
100068031	18403355	1	3
100068031	18403355	1	3
100068031	18403355	1	3
100068031	236970302	1	1
100068031	388230080	1	3
100068031	388230080	1	3
100068031	388230080	1	3
100068031	141287533	1	3
100068031	141287533	1	3
100068031	141287533	1	3
100068031	147915671	1	3
100068031	147915671	1	3
100068031	147915671	1	3
100068031	380847306	1	3
100068031	380847306	1	3
100068031	380847306	1	3
100068031	102155101	1	3
100068031	102155101	1	3
100068031	102155101	1	3
100068031	41225200	1	1
100068031	83285155	1	1
100068031	226736287	1	3
100068031	226736287	1	3
100068031	226736287	1	3
100068031	223069566	1	2
100068031	223069566	1	2
100068031	309724894	1	2
100068031	309724894	1	2
100068031	45395880	1	2
100068031	45395880	1	2
100068031	83962986	1	1
100068031	293744081	1	1
100068031	315643365	1	5
100068031	315643365	1	5
100068031	315643365	1	5
100068031	315643365	1	5
100068031	315643365	1	5
100068031	296963569	1	1
100068031	35386640	1	1
100068031	321301391	1	2
100068031	321301391	1	2
100068031	391183922	1	2
100068031	391183922	1	2
100068031	144421765	1	4
100068031	144421765	1	4
100068031	144421765	1	4
100068031	144421765	1	4
100068031	36747439	1	2
100068031	36747439	1	2
100068031	29057984	1	4
100068031	29057984	1	4
100068031	29057984	1	4
100068031	29057984	1	4
100068031	131609926	1	1
100068031	370448794	1	1
100068031	404365544	1	1
100068031	368555026	1	3
100068031	368555026	1	3
100068031	368555026	1	3
100068031	359160282	1	1
100068031	873745	1	3
100068031	873745	1	3
100068031	873745	1	3
100068031	303005982	1	1
100068031	323813905	1	3
100068031	323813905	1	3
100068031	323813905	1	3
100068031	292335356	1	1
100068031	7689526	4	1
100068031	97781635	1	11
100068031	97781635	1	11
100068031	97781635	1	11
100068031	97781635	1	11
100068031	97781635	1	11
100068031	97781635	1	11
100068031	97781635	1	11
100068031	97781635	4	11
100068031	97781635	1	11
100068031	97781635	1	11
100068031	97781635	1	11
100068031	27067792	1	3
100068031	27067792	1	3
100068031	27067792	1	3
100068031	180053509	1	1
100068031	80207620	1	1
100068031	191645973	1	1
100068031	187577314	1	7
100068031	187577314	1	7
100068031	187577314	1	7
100068031	187577314	3	7
100068031	187577314	1	7
100068031	187577314	1	7
100068031	187577314	1	7
100068031	283187728	1	3
100068031	283187728	1	3
100068031	283187728	1	3
100068031	99678126	1	1
100068031	382450582	1	1
100068031	115077614	1	1
100068031	215355147	1	1
100068031	193039837	1	1
