100097524	382633191	1	1
100097524	337080551	1	2
100097524	337080551	1	2
100097524	188899566	1	2
100097524	188899566	1	2
100097524	7936951	1	1
100097524	44897103	1	2
100097524	44897103	1	2
100097524	385339146	1	1
100097524	32433775	1	1
100097524	110976958	1	2
100097524	110976958	1	2
100097524	183616908	1	3
100097524	183616908	1	3
100097524	183616908	1	3
100097524	223024580	1	1
100097524	143145959	1	4
100097524	143145959	1	4
100097524	143145959	1	4
100097524	143145959	1	4
100097524	394147180	1	2
100097524	394147180	1	2
100097524	38586225	1	6
100097524	38586225	1	6
100097524	38586225	1	6
100097524	38586225	1	6
100097524	38586225	1	6
100097524	38586225	1	6
100097524	14679726	1	2
100097524	14679726	1	2
100097524	195378561	1	2
100097524	195378561	1	2
100097524	237912417	1	2
100097524	237912417	1	2
100097524	290262095	1	2
100097524	290262095	1	2
100097524	175609046	1	3
100097524	175609046	1	3
100097524	175609046	1	3
100097524	278289744	1	1
100097524	150489161	1	1
100097524	368524758	1	3
100097524	368524758	1	3
100097524	368524758	1	3
100097524	331659991	1	2
100097524	331659991	1	2
100097524	54332361	1	2
100097524	54332361	1	2
100097524	301944962	1	2
100097524	301944962	1	2
100097524	39657185	1	2
100097524	39657185	1	2
100097524	380182790	4	12
100097524	380182790	1	12
100097524	380182790	1	12
100097524	380182790	1	12
100097524	380182790	1	12
100097524	380182790	1	12
100097524	380182790	1	12
100097524	380182790	1	12
100097524	380182790	1	12
100097524	380182790	1	12
100097524	380182790	1	12
100097524	380182790	1	12
100097524	13615656	1	2
100097524	13615656	1	2
100097524	106760071	1	2
100097524	106760071	1	2
100097524	91777562	1	2
100097524	91777562	1	2
100097524	154499670	1	2
100097524	154499670	1	2
100097524	75489283	1	2
100097524	75489283	1	2
100097524	283444442	1	2
100097524	283444442	1	2
100097524	253901946	1	5
100097524	253901946	1	5
100097524	253901946	1	5
100097524	253901946	1	5
100097524	253901946	1	5
100097524	364903449	1	2
100097524	364903449	1	2
100097524	393726184	1	2
100097524	393726184	1	2
100097524	373873491	1	2
100097524	373873491	1	2
100097524	237968133	1	2
100097524	237968133	1	2
100097524	118210409	1	3
100097524	118210409	1	3
100097524	118210409	1	3
100097524	109664510	1	2
100097524	109664510	1	2
100097524	251898026	1	2
100097524	251898026	1	2
100097524	1304062	1	2
100097524	1304062	1	2
100097524	29183568	1	2
100097524	29183568	1	2
100097524	160646012	1	3
100097524	160646012	1	3
100097524	160646012	1	3
100097524	127215850	1	1
100097524	334847935	1	2
100097524	334847935	1	2
100097524	103521736	1	2
100097524	103521736	1	2
100097524	294249387	1	2
100097524	294249387	1	2
100097524	61386644	1	1
100097524	172092077	1	2
100097524	172092077	1	2
100097524	243973720	1	2
100097524	243973720	1	2
100097524	235926441	1	3
100097524	235926441	1	3
100097524	235926441	1	3
100097524	182872563	1	2
100097524	182872563	1	2
100097524	8361174	1	2
100097524	8361174	1	2
100097524	37550851	1	2
100097524	37550851	1	2
100097524	30951407	1	2
100097524	30951407	1	2
100097524	38989421	1	3
100097524	38989421	1	3
100097524	38989421	1	3
100097524	302743972	1	2
100097524	302743972	1	2
100097524	240769194	1	2
100097524	240769194	1	2
100097524	9997042	1	2
100097524	9997042	1	2
100097524	122656156	1	5
100097524	122656156	1	5
100097524	122656156	1	5
100097524	122656156	1	5
100097524	122656156	1	5
100097524	198076923	1	2
100097524	198076923	1	2
100097524	306436043	1	3
100097524	306436043	1	3
100097524	306436043	1	3
100097524	316275886	1	6
100097524	316275886	1	6
100097524	316275886	1	6
100097524	316275886	1	6
100097524	316275886	1	6
100097524	316275886	4	6
100097524	368617613	1	2
100097524	368617613	1	2
100097524	49371373	1	3
100097524	49371373	1	3
100097524	49371373	1	3
100097524	247844731	1	2
100097524	247844731	1	2
100097524	89755913	1	2
100097524	89755913	1	2
100097524	324199820	1	2
100097524	324199820	1	2
100097524	41256515	1	2
100097524	41256515	1	2
100097524	241830063	1	2
100097524	241830063	1	2
100097524	162167330	1	1
100097524	213505026	1	2
100097524	213505026	1	2
100097524	61528069	1	3
100097524	61528069	1	3
100097524	61528069	1	3
100097524	84567833	1	2
100097524	84567833	1	2
100097524	372600182	1	9
100097524	372600182	1	9
100097524	372600182	4	9
100097524	372600182	1	9
100097524	372600182	1	9
100097524	372600182	1	9
100097524	372600182	1	9
100097524	372600182	1	9
100097524	372600182	1	9
100097524	31440614	1	2
100097524	31440614	1	2
100097524	358640982	1	2
100097524	358640982	1	2
100097524	253484490	1	2
100097524	253484490	1	2
100097524	10003788	1	2
100097524	10003788	1	2
100097524	363416588	1	2
100097524	363416588	1	2
100097524	31694668	1	2
100097524	31694668	1	2
100097524	173090660	1	2
100097524	173090660	1	2
100097524	127487126	1	3
100097524	127487126	1	3
100097524	127487126	1	3
100097524	62790567	1	1
100097524	21235390	1	2
100097524	21235390	1	2
100097524	88554720	1	2
100097524	88554720	1	2
100097524	308291807	1	2
100097524	308291807	1	2
100097524	298866561	1	2
100097524	298866561	1	2
100097524	62089250	1	3
100097524	62089250	1	3
100097524	62089250	1	3
100097524	1568058	1	2
100097524	1568058	1	2
100097524	194162057	1	1
100097524	156602430	1	2
100097524	156602430	1	2
100097524	303347806	1	2
100097524	303347806	1	2
100097524	105585354	1	2
100097524	105585354	1	2
100097524	79910489	1	3
100097524	79910489	1	3
100097524	79910489	1	3
100097524	152963640	1	2
100097524	152963640	1	2
100097524	383218848	1	3
100097524	383218848	1	3
100097524	383218848	1	3
100097524	370496439	1	2
100097524	370496439	1	2
100097524	265450517	1	2
100097524	265450517	1	2
100097524	3299974	1	1
100097524	52895166	1	2
100097524	52895166	1	2
100097524	51253311	1	2
100097524	51253311	1	2
100097524	144483926	1	2
100097524	144483926	1	2
100097524	74042003	1	2
100097524	74042003	1	2
100097524	101602101	1	4
100097524	101602101	1	4
100097524	101602101	1	4
100097524	101602101	1	4
100097524	259592228	1	2
100097524	259592228	1	2
100097524	174378350	1	2
100097524	174378350	1	2
100097524	302082170	1	10
100097524	302082170	1	10
100097524	302082170	1	10
100097524	302082170	4	10
100097524	302082170	1	10
100097524	302082170	1	10
100097524	302082170	1	10
100097524	302082170	1	10
100097524	302082170	1	10
100097524	302082170	1	10
100097524	359888635	1	3
100097524	359888635	1	3
100097524	359888635	1	3
100097524	333113037	1	2
100097524	333113037	1	2
100097524	117537359	1	2
100097524	117537359	1	2
100097524	321476245	1	4
100097524	321476245	1	4
100097524	321476245	1	4
100097524	321476245	1	4
100097524	78265173	1	2
100097524	78265173	1	2
100097524	167216853	1	2
100097524	167216853	1	2
100097524	90234314	1	2
100097524	90234314	1	2
100097524	325422955	1	2
100097524	325422955	1	2
100097524	369910854	1	1
100097524	294583173	1	2
100097524	294583173	1	2
100097524	319163845	1	2
100097524	319163845	1	2
100097524	149940229	1	2
100097524	149940229	1	2
100097524	241891419	1	2
100097524	241891419	1	2
100097524	179936120	1	2
100097524	179936120	1	2
100097524	68739380	1	2
100097524	68739380	1	2
100097524	123122310	1	2
100097524	123122310	1	2
100097524	9568660	1	2
100097524	9568660	1	2
100097524	315098189	1	2
100097524	315098189	1	2
100097524	255834386	1	1
100097524	192477750	1	4
100097524	192477750	1	4
100097524	192477750	1	4
100097524	192477750	1	4
100097524	346625659	1	2
100097524	346625659	1	2
100097524	135666341	1	2
100097524	135666341	1	2
100097524	136003982	1	1
100097524	174273441	1	2
100097524	174273441	1	2
100097524	168563698	1	2
100097524	168563698	1	2
100097524	250289034	1	2
100097524	250289034	1	2
100097524	60525577	1	2
100097524	60525577	1	2
100097524	393376169	1	2
100097524	393376169	1	2
100097524	326466614	1	3
100097524	326466614	1	3
100097524	326466614	1	3
100097524	97378918	1	2
100097524	97378918	1	2
100097524	333414062	1	1
100097524	232914204	1	2
100097524	232914204	1	2
100097524	171812127	1	2
100097524	171812127	1	2
100097524	342248134	1	1
100097524	252149052	1	2
100097524	252149052	1	2
100097524	380787520	1	2
100097524	380787520	1	2
100097524	313115671	1	1
100097524	264888081	1	2
100097524	264888081	1	2
100097524	190452294	1	1
100097524	302759007	1	2
100097524	302759007	1	2
100097524	97298125	1	2
100097524	97298125	1	2
100097524	129026751	1	2
100097524	129026751	1	2
100097524	346814073	1	2
100097524	346814073	1	2
100097524	381929875	1	2
100097524	381929875	1	2
100097524	67427222	1	3
100097524	67427222	1	3
100097524	67427222	1	3
100097524	68281138	1	2
100097524	68281138	1	2
100097524	154504504	1	1
100097524	150652623	1	2
100097524	150652623	1	2
100097524	84995752	1	2
100097524	84995752	1	2
100097524	306832628	1	2
100097524	306832628	1	2
100097524	88419136	1	2
100097524	88419136	1	2
100097524	136139571	1	1
100097524	68247139	1	5
100097524	68247139	1	5
100097524	68247139	1	5
100097524	68247139	1	5
100097524	68247139	1	5
100097524	114448385	1	1
100097524	112216575	1	2
100097524	112216575	1	2
100097524	128396380	1	2
100097524	128396380	1	2
100097524	138206063	1	2
100097524	138206063	1	2
100097524	310141760	1	2
100097524	310141760	1	2
100097524	275406306	1	2
100097524	275406306	1	2
100097524	260068880	1	2
100097524	260068880	1	2
100097524	219102863	1	2
100097524	219102863	1	2
100097524	240752920	1	3
100097524	240752920	1	3
100097524	240752920	1	3
100097524	58000325	1	2
100097524	58000325	1	2
100097524	190258365	1	2
100097524	190258365	1	2
100097524	315883753	1	2
100097524	315883753	1	2
100097524	8330174	1	2
100097524	8330174	1	2
100097524	115851077	1	2
100097524	115851077	1	2
100097524	328483229	1	2
100097524	328483229	1	2
100097524	404179958	1	2
100097524	404179958	1	2
100097524	368974271	1	2
100097524	368974271	1	2
100097524	178058165	1	3
100097524	178058165	1	3
100097524	178058165	1	3
100097524	264104597	1	2
100097524	264104597	1	2
100097524	247443465	1	2
100097524	247443465	1	2
100097524	309874873	1	2
100097524	309874873	1	2
100097524	398420052	1	1
100097524	346904891	1	1
100097524	222227050	1	2
100097524	222227050	1	2
100097524	226808147	1	2
100097524	226808147	1	2
100097524	86783669	1	2
100097524	86783669	1	2
100097524	152734205	1	1
100097524	319649309	1	2
100097524	319649309	1	2
100097524	190862596	1	4
100097524	190862596	1	4
100097524	190862596	1	4
100097524	190862596	1	4
100097524	1327436	1	2
100097524	1327436	1	2
100097524	287446582	1	2
100097524	287446582	1	2
100097524	37831412	1	2
100097524	37831412	1	2
100097524	346135736	1	12
100097524	346135736	1	12
100097524	346135736	1	12
100097524	346135736	1	12
100097524	346135736	1	12
100097524	346135736	1	12
100097524	346135736	1	12
100097524	346135736	1	12
100097524	346135736	1	12
100097524	346135736	1	12
100097524	346135736	4	12
100097524	346135736	3	12
100097524	111171680	1	1
100097524	323036846	1	2
100097524	323036846	1	2
100097524	201943137	1	1
100097524	124654004	1	2
100097524	124654004	1	2
100097524	299584995	1	2
100097524	299584995	1	2
100097524	135777057	1	4
100097524	135777057	1	4
100097524	135777057	1	4
100097524	135777057	4	4
100097524	309447907	1	2
100097524	309447907	1	2
100097524	369859343	1	2
100097524	369859343	1	2
100097524	75042780	1	2
100097524	75042780	1	2
100097524	53923827	1	2
100097524	53923827	1	2
100097524	296676113	1	2
100097524	296676113	1	2
100097524	4287116	1	2
100097524	4287116	1	2
100097524	396774403	1	2
100097524	396774403	1	2
100097524	210208228	1	2
100097524	210208228	1	2
100097524	36747439	1	3
100097524	36747439	1	3
100097524	36747439	1	3
100097524	181076604	1	2
100097524	181076604	1	2
100097524	74017355	1	2
100097524	74017355	1	2
100097524	287098607	1	2
100097524	287098607	1	2
100097524	260099295	1	2
100097524	260099295	1	2
100097524	304584410	1	2
100097524	304584410	1	2
100097524	387095157	1	1
100097524	216393955	1	3
100097524	216393955	1	3
100097524	216393955	1	3
100097524	138805218	1	2
100097524	138805218	1	2
100097524	3037833	1	2
100097524	3037833	1	2
100097524	371819829	1	1
100097524	212072908	1	2
100097524	212072908	1	2
100097524	306664308	1	2
100097524	306664308	1	2
100097524	382822381	1	1
100097524	286996706	1	2
100097524	286996706	1	2
100097524	131363237	1	2
100097524	131363237	1	2
100097524	1791412	1	2
100097524	1791412	1	2
100097524	361205912	1	2
100097524	361205912	1	2
100097524	96336272	1	2
100097524	96336272	1	2
100097524	303122842	1	3
100097524	303122842	1	3
100097524	303122842	1	3
100097524	48232217	1	2
100097524	48232217	1	2
100097524	306789371	1	2
100097524	306789371	1	2
100097524	308893138	1	2
100097524	308893138	1	2
100097524	354723021	1	2
100097524	354723021	1	2
100097524	142131572	1	2
100097524	142131572	1	2
100097524	150119427	1	2
100097524	150119427	1	2
100097524	90901288	1	2
100097524	90901288	1	2
100097524	91185152	1	2
100097524	91185152	1	2
100097524	71263893	1	1
100097524	181848330	1	2
100097524	181848330	1	2
100097524	356852494	1	2
100097524	356852494	1	2
100097524	38354989	1	2
100097524	38354989	1	2
100097524	107623367	1	2
100097524	107623367	1	2
100097524	127583269	1	2
100097524	127583269	1	2
100097524	277439953	1	2
100097524	277439953	1	2
100097524	321792003	1	2
100097524	321792003	1	2
100097524	223889599	1	3
100097524	223889599	1	3
100097524	223889599	1	3
100097524	308522687	1	2
100097524	308522687	1	2
100097524	176529248	1	1
100097524	71030383	1	10
100097524	71030383	1	10
100097524	71030383	1	10
100097524	71030383	4	10
100097524	71030383	1	10
100097524	71030383	1	10
100097524	71030383	1	10
100097524	71030383	1	10
100097524	71030383	1	10
100097524	71030383	1	10
100097524	153946105	1	2
100097524	153946105	1	2
100097524	103230605	1	2
100097524	103230605	1	2
100097524	106838305	1	2
100097524	106838305	1	2
100097524	157038884	1	1
100097524	352845339	1	2
100097524	352845339	1	2
100097524	366576334	1	2
100097524	366576334	1	2
100097524	11305920	1	1
100097524	287246086	1	2
100097524	287246086	1	2
100097524	21681704	1	2
100097524	21681704	1	2
100097524	153985953	1	2
100097524	153985953	1	2
100097524	204819569	1	2
100097524	204819569	1	2
100097524	101185531	1	5
100097524	101185531	1	5
100097524	101185531	1	5
100097524	101185531	4	5
100097524	101185531	1	5
100097524	359522147	1	2
100097524	359522147	1	2
100097524	135720696	1	4
100097524	135720696	1	4
100097524	135720696	1	4
100097524	135720696	1	4
100097524	191499032	1	2
100097524	191499032	1	2
100097524	54476232	1	10
100097524	54476232	4	10
100097524	54476232	1	10
100097524	54476232	1	10
100097524	54476232	1	10
100097524	54476232	1	10
100097524	54476232	1	10
100097524	54476232	1	10
100097524	54476232	1	10
100097524	54476232	1	10
100097524	356593714	1	9
100097524	356593714	1	9
100097524	356593714	1	9
100097524	356593714	1	9
100097524	356593714	1	9
100097524	356593714	1	9
100097524	356593714	1	9
100097524	356593714	3	9
100097524	356593714	1	9
100097524	293930998	1	3
100097524	293930998	1	3
100097524	293930998	1	3
100097524	234548663	1	2
100097524	234548663	1	2
100097524	167035761	1	2
100097524	167035761	1	2
100097524	110116253	1	1
100097524	332731915	1	1
100097524	369821966	1	2
100097524	369821966	1	2
100097524	203788198	1	2
100097524	203788198	1	2
100097524	388306403	3	3
100097524	388306403	1	3
100097524	388306403	1	3
100097524	234318310	1	3
100097524	234318310	1	3
100097524	234318310	1	3
100097524	352167279	1	2
100097524	352167279	1	2
100097524	104830650	1	2
100097524	104830650	1	2
100097524	54257493	1	4
100097524	54257493	1	4
100097524	54257493	1	4
100097524	54257493	1	4
100097524	211311779	1	2
100097524	211311779	1	2
100097524	15653884	1	2
100097524	15653884	1	2
100097524	362887494	1	2
100097524	362887494	1	2
100097524	299889306	1	2
100097524	299889306	1	2
100097524	334540474	4	6
100097524	334540474	1	6
100097524	334540474	1	6
100097524	334540474	1	6
100097524	334540474	1	6
100097524	334540474	1	6
100097524	63418056	1	1
100097524	283242469	1	1
100097524	157626804	1	2
100097524	157626804	1	2
100097524	292534522	1	2
100097524	292534522	1	2
100097524	53932513	1	2
100097524	53932513	1	2
100097524	337403595	1	2
100097524	337403595	1	2
100097524	304886837	1	1
100097524	164401925	2	7
100097524	164401925	1	7
100097524	164401925	1	7
100097524	164401925	1	7
100097524	164401925	1	7
100097524	164401925	1	7
100097524	164401925	1	7
100097524	234964999	4	9
100097524	234964999	3	9
100097524	234964999	1	9
100097524	234964999	1	9
100097524	234964999	1	9
100097524	234964999	1	9
100097524	234964999	1	9
100097524	234964999	1	9
100097524	234964999	1	9
100097524	243963290	1	2
100097524	243963290	1	2
100097524	222746058	1	2
100097524	222746058	1	2
100097524	335680099	1	2
100097524	335680099	1	2
100097524	328793336	1	2
100097524	328793336	1	2
100097524	217836711	1	2
100097524	217836711	1	2
100097524	281981427	1	2
100097524	281981427	1	2
100097524	307485307	1	2
100097524	307485307	1	2
100097524	342941515	1	3
100097524	342941515	1	3
100097524	342941515	1	3
100097524	385825377	1	7
100097524	385825377	1	7
100097524	385825377	1	7
100097524	385825377	1	7
100097524	385825377	1	7
100097524	385825377	1	7
100097524	385825377	1	7
100097524	193738592	1	3
100097524	193738592	1	3
100097524	193738592	2	3
100097524	39161443	1	2
100097524	39161443	1	2
100097524	174596096	1	2
100097524	174596096	1	2
100097524	38008611	1	1
100097524	133229040	1	3
100097524	133229040	1	3
100097524	133229040	1	3
100097524	25018287	1	2
100097524	25018287	1	2
100097524	247333753	1	2
100097524	247333753	1	2
100097524	324977100	1	2
100097524	324977100	1	2
100097524	154079584	1	3
100097524	154079584	1	3
100097524	154079584	1	3
100097524	175942888	1	2
100097524	175942888	1	2
100097524	115652830	1	2
100097524	115652830	1	2
100097524	392240475	1	2
100097524	392240475	1	2
100097524	389264646	1	5
100097524	389264646	1	5
100097524	389264646	1	5
100097524	389264646	1	5
100097524	389264646	1	5
100097524	250078560	1	2
100097524	250078560	1	2
100097524	111112634	1	2
100097524	111112634	1	2
100097524	50491541	1	2
100097524	50491541	1	2
100097524	74456002	1	2
100097524	74456002	1	2
100097524	239635091	1	2
100097524	239635091	1	2
100097524	343283972	1	2
100097524	343283972	1	2
100097524	111905505	1	2
100097524	111905505	1	2
100097524	14985811	1	2
100097524	14985811	1	2
100097524	118020324	1	3
100097524	118020324	1	3
100097524	118020324	1	3
100097524	392022432	1	2
100097524	392022432	1	2
100097524	298139897	1	2
100097524	298139897	1	2
100097524	143958455	1	2
100097524	143958455	1	2
100097524	292212423	1	2
100097524	292212423	1	2
100097524	324131744	1	3
100097524	324131744	1	3
100097524	324131744	2	3
100097524	232696281	1	2
100097524	232696281	1	2
100097524	395710297	1	2
100097524	395710297	1	2
100097524	97245045	1	2
100097524	97245045	1	2
100097524	306250752	1	2
100097524	306250752	1	2
100097524	97766658	1	2
100097524	97766658	1	2
100097524	2136689	1	2
100097524	2136689	1	2
100097524	385293694	1	2
100097524	385293694	1	2
100097524	103585824	1	4
100097524	103585824	1	4
100097524	103585824	1	4
100097524	103585824	1	4
100097524	293939662	1	3
100097524	293939662	1	3
100097524	293939662	1	3
100097524	309630138	1	2
100097524	309630138	1	2
100097524	267371209	1	2
100097524	267371209	1	2
100097524	396798659	1	2
100097524	396798659	1	2
100097524	281155664	1	3
100097524	281155664	1	3
100097524	281155664	1	3
100097524	69615092	1	2
100097524	69615092	1	2
100097524	274486155	1	2
100097524	274486155	1	2
100097524	195161820	1	2
100097524	195161820	1	2
100097524	89457039	1	2
100097524	89457039	1	2
100097524	351266554	1	1
100097524	41639323	1	3
100097524	41639323	1	3
100097524	41639323	1	3
100097524	231927097	1	4
100097524	231927097	1	4
100097524	231927097	1	4
100097524	231927097	1	4
100097524	354501938	1	2
100097524	354501938	1	2
100097524	238973077	1	2
100097524	238973077	1	2
100097524	185987509	1	2
100097524	185987509	1	2
100097524	212149286	1	2
100097524	212149286	1	2
100097524	327503313	1	2
100097524	327503313	1	2
100097524	144878539	1	2
100097524	144878539	1	2
100097524	322319427	1	2
100097524	322319427	1	2
100097524	216043804	1	2
100097524	216043804	1	2
100097524	77517094	1	2
100097524	77517094	1	2
100097524	36065549	1	3
100097524	36065549	1	3
100097524	36065549	1	3
100097524	49687394	1	2
100097524	49687394	1	2
100097524	260526052	1	2
100097524	260526052	1	2
100097524	355264879	1	2
100097524	355264879	1	2
100097524	172461272	1	2
100097524	172461272	1	2
100097524	184626763	1	1
100097524	144014068	1	2
100097524	144014068	1	2
100097524	56189350	1	2
100097524	56189350	1	2
100097524	100207501	1	2
100097524	100207501	1	2
100097524	139952703	1	2
100097524	139952703	1	2
100097524	59460981	1	2
100097524	59460981	1	2
100097524	276468929	1	2
100097524	276468929	1	2
100097524	59025158	1	3
100097524	59025158	1	3
100097524	59025158	1	3
100097524	316678367	1	2
100097524	316678367	1	2
100097524	119567053	1	2
100097524	119567053	1	2
100097524	115303050	1	2
100097524	115303050	1	2
100097524	15059483	1	2
100097524	15059483	1	2
100097524	250490181	1	1
100097524	315073543	1	2
100097524	315073543	1	2
100097524	354754345	1	2
100097524	354754345	1	2
100097524	173078219	1	2
100097524	173078219	1	2
100097524	206175088	1	3
100097524	206175088	1	3
100097524	206175088	1	3
100097524	59424608	1	2
100097524	59424608	1	2
100097524	235614063	1	2
100097524	235614063	1	2
100097524	166005742	1	2
100097524	166005742	1	2
100097524	394402092	1	2
100097524	394402092	1	2
100097524	32056586	1	2
100097524	32056586	1	2
100097524	375216412	1	1
100097524	244692698	1	2
100097524	244692698	1	2
100097524	4424882	1	2
100097524	4424882	1	2
100097524	266436709	1	1
100097524	163032181	1	2
100097524	163032181	1	2
100097524	227032082	1	2
100097524	227032082	1	2
100097524	83013427	1	2
100097524	83013427	1	2
100097524	362258151	1	1
100097524	140681551	1	2
100097524	140681551	1	2
100097524	310657684	1	2
100097524	310657684	1	2
100097524	186730572	1	1
100097524	159198431	1	1
100097524	250708434	1	3
100097524	250708434	1	3
100097524	250708434	1	3
100097524	152822626	1	2
100097524	152822626	1	2
100097524	107966109	1	2
100097524	107966109	1	2
100097524	26939162	1	1
100097524	163036	1	2
100097524	163036	1	2
100097524	79637123	1	2
100097524	79637123	1	2
100097524	64278143	1	3
100097524	64278143	1	3
100097524	64278143	1	3
100097524	390012117	1	2
100097524	390012117	1	2
100097524	35414146	1	2
100097524	35414146	1	2
100097524	174643971	1	2
100097524	174643971	1	2
100097524	206565604	1	2
100097524	206565604	1	2
100097524	245028378	1	2
100097524	245028378	1	2
100097524	21051602	1	2
100097524	21051602	1	2
100097524	195946294	1	1
100097524	32697971	1	3
100097524	32697971	1	3
100097524	32697971	1	3
100097524	75806793	1	2
100097524	75806793	1	2
100097524	338826475	1	2
100097524	338826475	1	2
100097524	325353427	1	4
100097524	325353427	1	4
100097524	325353427	1	4
100097524	325353427	1	4
100097524	303843044	1	2
100097524	303843044	1	2
100097524	67023477	1	1
100097524	155087949	1	3
100097524	155087949	1	3
100097524	155087949	1	3
100097524	334561414	1	3
100097524	334561414	1	3
100097524	334561414	1	3
100097524	84211746	1	1
100097524	250055758	1	2
100097524	250055758	1	2
100097524	166222458	1	3
100097524	166222458	1	3
100097524	166222458	1	3
100097524	142377128	1	2
100097524	142377128	1	2
100097524	95870772	3	2
100097524	95870772	4	2
100097524	98688289	1	2
100097524	98688289	1	2
100097524	403974010	1	2
100097524	403974010	1	2
100097524	274724342	1	4
100097524	274724342	1	4
100097524	274724342	1	4
100097524	274724342	1	4
100097524	346752149	1	3
100097524	346752149	1	3
100097524	346752149	1	3
100097524	122974048	1	2
100097524	122974048	1	2
100097524	117604391	1	2
100097524	117604391	1	2
100097524	241461145	1	3
100097524	241461145	1	3
100097524	241461145	1	3
100097524	171129434	1	2
100097524	171129434	1	2
100097524	133054583	1	2
100097524	133054583	1	2
100097524	102980486	1	2
100097524	102980486	1	2
100097524	32232786	1	2
100097524	32232786	1	2
100097524	133485794	1	2
100097524	133485794	1	2
100097524	301755409	1	2
100097524	301755409	1	2
100097524	162875323	1	3
100097524	162875323	1	3
100097524	162875323	1	3
100097524	330654692	1	2
100097524	330654692	1	2
100097524	106388948	1	2
100097524	106388948	1	2
100097524	391271704	1	2
100097524	391271704	1	2
100097524	42960392	1	2
100097524	42960392	1	2
