100076491	226792876	1	2
100076491	226792876	1	2
100076491	299340962	1	1
100076491	854292	1	3
100076491	854292	1	3
100076491	854292	1	3
100076491	120382757	1	3
100076491	120382757	1	3
100076491	120382757	1	3
100076491	331563625	1	1
100076491	95129380	1	1
100076491	392956414	1	4
100076491	392956414	1	4
100076491	392956414	1	4
100076491	392956414	2	4
100076491	83165205	1	1
100076491	51366529	1	3
100076491	51366529	1	3
100076491	51366529	1	3
100076491	178937405	1	1
100076491	191979511	1	2
100076491	191979511	1	2
100076491	58611085	1	3
100076491	58611085	1	3
100076491	58611085	1	3
100076491	311433807	1	1
100076491	343648891	1	2
100076491	343648891	1	2
100076491	135271876	1	1
100076491	72577897	1	4
100076491	72577897	1	4
100076491	72577897	1	4
100076491	72577897	1	4
100076491	151348418	1	1
100076491	220680250	1	3
100076491	220680250	1	3
100076491	220680250	1	3
100076491	131786712	1	2
100076491	131786712	1	2
100076491	288969499	1	4
100076491	288969499	1	4
100076491	288969499	1	4
100076491	288969499	1	4
100076491	7983025	1	1
100076491	124741802	1	5
100076491	124741802	1	5
100076491	124741802	2	5
100076491	124741802	1	5
100076491	124741802	1	5
100076491	351995019	1	2
100076491	351995019	1	2
100076491	397171682	1	1
100076491	24564369	1	3
100076491	24564369	1	3
100076491	24564369	1	3
100076491	273845257	1	1
100076491	315239254	1	1
100076491	157749659	1	1
100076491	157149059	1	1
100076491	147289515	1	3
100076491	147289515	1	3
100076491	147289515	1	3
100076491	176771930	1	5
100076491	176771930	1	5
100076491	176771930	1	5
100076491	176771930	1	5
100076491	176771930	1	5
100076491	12865825	1	7
100076491	12865825	1	7
100076491	12865825	1	7
100076491	12865825	2	7
100076491	12865825	1	7
100076491	12865825	1	7
100076491	12865825	1	7
100076491	29792063	1	2
100076491	29792063	1	2
100076491	43898336	1	1
100076491	224967374	1	2
100076491	224967374	1	2
100076491	238924178	1	3
100076491	238924178	1	3
100076491	238924178	1	3
100076491	243187427	1	2
100076491	243187427	1	2
100076491	35797681	1	2
100076491	35797681	1	2
100076491	322123093	1	4
100076491	322123093	1	4
100076491	322123093	1	4
100076491	322123093	1	4
100076491	183442286	1	4
100076491	183442286	1	4
100076491	183442286	1	4
100076491	183442286	1	4
100076491	200311996	1	3
100076491	200311996	1	3
100076491	200311996	1	3
100076491	100224483	1	1
100076491	197103180	1	1
100076491	158750942	1	3
100076491	158750942	1	3
100076491	158750942	1	3
100076491	400147136	1	1
100076491	84745713	1	1
100076491	243412009	1	1
100076491	286297354	1	4
100076491	286297354	1	4
100076491	286297354	1	4
100076491	286297354	1	4
100076491	277583825	1	3
100076491	277583825	1	3
100076491	277583825	1	3
100076491	81820466	1	3
100076491	81820466	1	3
100076491	81820466	1	3
100076491	2355674	1	3
100076491	2355674	2	3
100076491	2355674	1	3
100076491	52504250	1	10
100076491	52504250	1	10
100076491	52504250	1	10
100076491	52504250	2	10
100076491	52504250	1	10
100076491	52504250	1	10
100076491	52504250	1	10
100076491	52504250	1	10
100076491	52504250	1	10
100076491	52504250	1	10
100076491	258423449	1	1
100076491	174106853	1	16
100076491	174106853	1	16
100076491	174106853	1	16
100076491	174106853	1	16
100076491	174106853	1	16
100076491	174106853	1	16
100076491	174106853	4	16
100076491	174106853	1	16
100076491	174106853	1	16
100076491	174106853	1	16
100076491	174106853	1	16
100076491	174106853	2	16
100076491	174106853	1	16
100076491	174106853	1	16
100076491	174106853	1	16
100076491	174106853	1	16
100076491	386545234	1	5
100076491	386545234	1	5
100076491	386545234	2	5
100076491	386545234	1	5
100076491	386545234	1	5
100076491	119876395	1	1
100076491	4882750	1	1
100076491	218340295	1	1
100076491	157654485	1	1
100076491	182387614	1	3
100076491	182387614	1	3
100076491	182387614	1	3
100076491	343058689	1	6
100076491	343058689	1	6
100076491	343058689	1	6
100076491	343058689	1	6
100076491	343058689	1	6
100076491	343058689	1	6
100076491	291519708	1	1
100076491	312609375	1	1
100076491	189364005	1	1
100076491	182988159	1	1
100076491	162397869	1	1
100076491	129094232	1	2
100076491	129094232	1	2
100076491	58855938	1	3
100076491	58855938	1	3
100076491	58855938	1	3
100076491	201747337	1	2
100076491	201747337	1	2
100076491	134701051	1	4
100076491	134701051	1	4
100076491	134701051	1	4
100076491	134701051	1	4
100076491	165466927	1	1
100076491	372588365	1	2
100076491	372588365	1	2
100076491	33880058	1	3
100076491	33880058	1	3
100076491	33880058	1	3
100076491	104871610	1	1
100076491	207955353	1	1
100076491	312577482	1	3
100076491	312577482	1	3
100076491	312577482	1	3
100076491	144138196	1	1
100076491	248273866	1	2
100076491	248273866	1	2
100076491	156353029	1	1
100076491	231945200	1	1
100076491	199325751	1	7
100076491	199325751	1	7
100076491	199325751	1	7
100076491	199325751	1	7
100076491	199325751	1	7
100076491	199325751	1	7
100076491	199325751	1	7
100076491	12830818	1	1
100076491	290274305	1	1
100076491	395913318	1	3
100076491	395913318	1	3
100076491	395913318	1	3
100076491	391393060	1	3
100076491	391393060	1	3
100076491	391393060	1	3
100076491	284175201	1	10
100076491	284175201	2	10
100076491	284175201	1	10
100076491	284175201	1	10
100076491	284175201	1	10
100076491	284175201	1	10
100076491	284175201	1	10
100076491	284175201	1	10
100076491	284175201	1	10
100076491	284175201	1	10
100076491	298135750	1	4
100076491	298135750	1	4
100076491	298135750	1	4
100076491	298135750	1	4
100076491	170958010	1	3
100076491	170958010	1	3
100076491	170958010	1	3
100076491	346506124	1	4
100076491	346506124	1	4
100076491	346506124	2	4
100076491	346506124	1	4
100076491	56571788	1	3
100076491	56571788	1	3
100076491	56571788	1	3
100076491	27509781	1	1
100076491	302207636	2	10
100076491	302207636	1	10
100076491	302207636	1	10
100076491	302207636	1	10
100076491	302207636	1	10
100076491	302207636	1	10
100076491	302207636	1	10
100076491	302207636	1	10
100076491	302207636	1	10
100076491	302207636	1	10
100076491	67580199	1	2
100076491	67580199	1	2
100076491	260248770	1	1
100076491	338469044	1	5
100076491	338469044	1	5
100076491	338469044	2	5
100076491	338469044	1	5
100076491	338469044	1	5
100076491	394058395	1	2
100076491	394058395	1	2
100076491	372771794	1	1
100076491	75205807	1	1
100076491	265023126	1	2
100076491	265023126	1	2
100076491	345094180	2	8
100076491	345094180	1	8
100076491	345094180	1	8
100076491	345094180	1	8
100076491	345094180	1	8
100076491	345094180	1	8
100076491	345094180	1	8
100076491	345094180	1	8
100076491	254502768	1	3
100076491	254502768	1	3
100076491	254502768	1	3
100076491	64477732	1	3
100076491	64477732	1	3
100076491	64477732	1	3
100076491	92971003	1	3
100076491	92971003	1	3
100076491	92971003	1	3
100076491	35736639	1	1
100076491	208256342	1	1
100076491	64463105	1	4
100076491	64463105	1	4
100076491	64463105	1	4
100076491	64463105	1	4
100076491	5539948	1	1
100076491	93734321	1	3
100076491	93734321	1	3
100076491	93734321	1	3
100076491	229222269	1	2
100076491	229222269	1	2
100076491	316252641	1	1
100076491	168348640	1	12
100076491	168348640	1	12
100076491	168348640	1	12
100076491	168348640	1	12
100076491	168348640	1	12
100076491	168348640	1	12
100076491	168348640	2	12
100076491	168348640	1	12
100076491	168348640	1	12
100076491	168348640	1	12
100076491	168348640	1	12
100076491	168348640	1	12
100076491	127964608	1	1
100076491	29324162	1	6
100076491	29324162	1	6
100076491	29324162	1	6
100076491	29324162	2	6
100076491	29324162	1	6
100076491	29324162	1	6
100076491	203815861	1	10
100076491	203815861	2	10
100076491	203815861	1	10
100076491	203815861	1	10
100076491	203815861	1	10
100076491	203815861	1	10
100076491	203815861	1	10
100076491	203815861	1	10
100076491	203815861	1	10
100076491	203815861	1	10
100076491	323344696	1	3
100076491	323344696	1	3
100076491	323344696	1	3
100076491	188921634	1	1
100076491	72245859	1	2
100076491	72245859	1	2
100076491	288776632	1	1
100076491	102485999	1	1
100076491	26198426	1	1
100076491	249908774	1	1
100076491	139951012	1	1
100076491	361722312	1	2
100076491	361722312	1	2
100076491	122935440	1	4
100076491	122935440	1	4
100076491	122935440	1	4
100076491	122935440	1	4
100076491	155003510	1	2
100076491	155003510	1	2
100076491	28462638	1	34
100076491	28462638	1	34
100076491	28462638	2	34
100076491	28462638	1	34
100076491	28462638	1	34
100076491	28462638	1	34
100076491	28462638	1	34
100076491	28462638	1	34
100076491	28462638	1	34
100076491	28462638	1	34
100076491	28462638	1	34
100076491	28462638	1	34
100076491	28462638	3	34
100076491	28462638	2	34
100076491	28462638	1	34
100076491	28462638	1	34
100076491	28462638	1	34
100076491	28462638	1	34
100076491	28462638	1	34
100076491	28462638	1	34
100076491	28462638	1	34
100076491	28462638	1	34
100076491	28462638	4	34
100076491	28462638	1	34
100076491	28462638	1	34
100076491	28462638	1	34
100076491	28462638	1	34
100076491	28462638	1	34
100076491	28462638	1	34
100076491	28462638	1	34
100076491	28462638	1	34
100076491	28462638	1	34
100076491	28462638	1	34
100076491	28462638	1	34
100076491	38887476	1	2
100076491	38887476	1	2
100076491	298185077	1	3
100076491	298185077	1	3
100076491	298185077	1	3
100076491	273770275	1	7
100076491	273770275	2	7
100076491	273770275	1	7
100076491	273770275	1	7
100076491	273770275	1	7
100076491	273770275	1	7
100076491	273770275	1	7
100076491	59843244	1	1
100076491	203962468	1	2
100076491	203962468	1	2
100076491	107911865	1	1
100076491	90031302	1	1
100076491	254983722	1	1
100076491	152325970	1	2
100076491	152325970	1	2
100076491	377620188	1	1
100076491	258098443	1	1
100076491	106793390	1	4
100076491	106793390	1	4
100076491	106793390	1	4
100076491	106793390	1	4
100076491	216335824	1	2
100076491	216335824	1	2
100076491	164474478	1	3
100076491	164474478	1	3
100076491	164474478	1	3
100076491	74896940	1	2
100076491	74896940	1	2
100076491	290604774	1	1
100076491	141278088	1	3
100076491	141278088	1	3
100076491	141278088	1	3
100076491	343501738	1	2
100076491	343501738	1	2
100076491	220922897	1	2
100076491	220922897	1	2
100076491	16179063	1	1
100076491	155029459	1	2
100076491	155029459	1	2
100076491	276883885	1	8
100076491	276883885	2	8
100076491	276883885	1	8
100076491	276883885	1	8
100076491	276883885	1	8
100076491	276883885	1	8
100076491	276883885	1	8
100076491	276883885	1	8
100076491	224764013	1	2
100076491	224764013	1	2
100076491	379828742	1	1
100076491	263983479	1	14
100076491	263983479	1	14
100076491	263983479	1	14
100076491	263983479	1	14
100076491	263983479	1	14
100076491	263983479	1	14
100076491	263983479	1	14
100076491	263983479	1	14
100076491	263983479	1	14
100076491	263983479	1	14
100076491	263983479	1	14
100076491	263983479	1	14
100076491	263983479	1	14
100076491	263983479	2	14
100076491	251564765	1	1
100076491	14808001	1	1
100076491	353892394	1	3
100076491	353892394	1	3
100076491	353892394	1	3
100076491	266654234	1	1
100076491	310405085	1	1
100076491	167541102	1	2
100076491	167541102	1	2
100076491	230979449	1	1
100076491	84897983	1	1
100076491	333589910	1	1
100076491	77238046	1	1
100076491	257334141	1	3
100076491	257334141	1	3
100076491	257334141	1	3
100076491	88098945	1	4
100076491	88098945	1	4
100076491	88098945	1	4
100076491	88098945	1	4
100076491	122960420	1	1
100076491	179993150	1	2
100076491	179993150	1	2
100076491	136562473	1	3
100076491	136562473	1	3
100076491	136562473	1	3
100076491	15828774	1	4
100076491	15828774	1	4
100076491	15828774	1	4
100076491	15828774	1	4
100076491	250321544	1	1
100076491	168986378	1	3
100076491	168986378	1	3
100076491	168986378	1	3
100076491	315154657	1	1
100076491	242865212	1	2
100076491	242865212	1	2
100076491	364414207	1	3
100076491	364414207	1	3
100076491	364414207	1	3
100076491	278071368	1	4
100076491	278071368	1	4
100076491	278071368	1	4
100076491	278071368	1	4
100076491	268995814	1	4
100076491	268995814	1	4
100076491	268995814	1	4
100076491	268995814	1	4
100076491	161821819	1	2
100076491	161821819	1	2
100076491	128527910	1	2
100076491	128527910	1	2
100076491	2595152	1	3
100076491	2595152	1	3
100076491	2595152	1	3
100076491	123358863	1	3
100076491	123358863	1	3
100076491	123358863	1	3
100076491	102539114	1	1
100076491	115997396	1	5
100076491	115997396	1	5
100076491	115997396	1	5
100076491	115997396	1	5
100076491	115997396	2	5
100076491	107190604	1	3
100076491	107190604	1	3
100076491	107190604	1	3
100076491	389290428	1	1
100076491	388673496	1	1
100076491	100705867	1	1
100076491	342630519	1	1
100076491	54631150	1	2
100076491	54631150	1	2
100076491	397200039	1	2
100076491	397200039	1	2
100076491	53658544	1	2
100076491	53658544	1	2
100076491	206473678	1	1
100076491	55426449	1	3
100076491	55426449	1	3
100076491	55426449	1	3
100076491	369170564	1	1
100076491	224390742	1	3
100076491	224390742	1	3
100076491	224390742	1	3
100076491	653806	1	1
100076491	377693935	1	2
100076491	377693935	1	2
100076491	240240075	1	2
100076491	240240075	1	2
100076491	337818926	1	3
100076491	337818926	1	3
100076491	337818926	1	3
100076491	287578278	1	1
100076491	182370650	1	6
100076491	182370650	1	6
100076491	182370650	1	6
100076491	182370650	1	6
100076491	182370650	2	6
100076491	182370650	1	6
100076491	26972444	1	1
100076491	264443924	1	2
100076491	264443924	1	2
100076491	136295437	1	1
100076491	185663379	1	1
100076491	31096184	1	3
100076491	31096184	1	3
100076491	31096184	1	3
100076491	68720655	1	1
100076491	189679176	1	8
100076491	189679176	1	8
100076491	189679176	1	8
100076491	189679176	1	8
100076491	189679176	1	8
100076491	189679176	1	8
100076491	189679176	1	8
100076491	189679176	2	8
100076491	131015043	1	3
100076491	131015043	1	3
100076491	131015043	1	3
100076491	212321701	1	12
100076491	212321701	1	12
100076491	212321701	1	12
100076491	212321701	1	12
100076491	212321701	1	12
100076491	212321701	1	12
100076491	212321701	1	12
100076491	212321701	1	12
100076491	212321701	1	12
100076491	212321701	1	12
100076491	212321701	4	12
100076491	212321701	1	12
100076491	154048442	1	2
100076491	154048442	1	2
100076491	235643062	1	3
100076491	235643062	1	3
100076491	235643062	1	3
100076491	104125499	1	2
100076491	104125499	1	2
100076491	8370660	1	3
100076491	8370660	1	3
100076491	8370660	1	3
100076491	296431880	1	1
100076491	345061887	1	1
100076491	263014471	1	1
100076491	216957516	1	4
100076491	216957516	1	4
100076491	216957516	1	4
100076491	216957516	1	4
100076491	81930227	1	1
100076491	229739627	1	1
100076491	366600707	1	3
100076491	366600707	2	3
100076491	366600707	1	3
100076491	259476032	1	1
100076491	11325602	1	1
100076491	305533685	1	3
100076491	305533685	1	3
100076491	305533685	1	3
100076491	348102319	1	1
100076491	204697581	1	5
100076491	204697581	1	5
100076491	204697581	1	5
100076491	204697581	2	5
100076491	204697581	1	5
100076491	288957420	1	3
100076491	288957420	1	3
100076491	288957420	1	3
100076491	55080968	1	1
100076491	245486418	1	1
100076491	204602170	1	1
100076491	154249205	1	2
100076491	154249205	1	2
100076491	66300920	1	1
100076491	115483107	1	2
100076491	115483107	1	2
100076491	96136602	1	3
100076491	96136602	1	3
100076491	96136602	1	3
100076491	26138648	1	1
100076491	263968698	1	1
100076491	390877180	1	3
100076491	390877180	1	3
100076491	390877180	1	3
100076491	154106661	1	3
100076491	154106661	1	3
100076491	154106661	1	3
100076491	281607934	1	1
100076491	256947363	1	3
100076491	256947363	1	3
100076491	256947363	1	3
100076491	186034728	1	2
100076491	186034728	1	2
100076491	319199203	1	1
100076491	169422646	1	6
100076491	169422646	1	6
100076491	169422646	1	6
100076491	169422646	1	6
100076491	169422646	1	6
100076491	169422646	1	6
100076491	321769816	1	4
100076491	321769816	1	4
100076491	321769816	1	4
100076491	321769816	1	4
100076491	44891432	1	1
100076491	403346397	1	1
100076491	395874824	1	3
100076491	395874824	1	3
100076491	395874824	1	3
100076491	179966938	1	1
100076491	344105586	1	3
100076491	344105586	1	3
100076491	344105586	1	3
100076491	49503062	1	1
100076491	376576486	1	3
100076491	376576486	1	3
100076491	376576486	1	3
100076491	46166846	1	4
100076491	46166846	1	4
100076491	46166846	1	4
100076491	46166846	2	4
100076491	161058358	1	3
100076491	161058358	1	3
100076491	161058358	1	3
100076491	242311607	1	9
100076491	242311607	1	9
100076491	242311607	1	9
100076491	242311607	1	9
100076491	242311607	1	9
100076491	242311607	1	9
100076491	242311607	1	9
100076491	242311607	1	9
100076491	242311607	1	9
100076491	186888967	1	1
100076491	186020203	1	2
100076491	186020203	1	2
100076491	319308537	1	1
100076491	266414086	1	1
100076491	95420279	1	3
100076491	95420279	1	3
100076491	95420279	1	3
100076491	399693388	1	10
100076491	399693388	1	10
100076491	399693388	1	10
100076491	399693388	1	10
100076491	399693388	1	10
100076491	399693388	1	10
100076491	399693388	1	10
100076491	399693388	1	10
100076491	399693388	1	10
100076491	399693388	1	10
100076491	123262542	1	2
100076491	123262542	1	2
100076491	355248967	1	1
100076491	111135372	1	2
100076491	111135372	1	2
100076491	218930533	1	1
100076491	381073428	1	1
100076491	137704380	1	1
100076491	191963647	1	12
100076491	191963647	1	12
100076491	191963647	1	12
100076491	191963647	1	12
100076491	191963647	1	12
100076491	191963647	4	12
100076491	191963647	1	12
100076491	191963647	1	12
100076491	191963647	1	12
100076491	191963647	1	12
100076491	191963647	1	12
100076491	191963647	1	12
100076491	114529951	1	2
100076491	114529951	1	2
100076491	32013837	1	1
100076491	295685630	1	3
100076491	295685630	1	3
100076491	295685630	1	3
100076491	45519672	1	1
100076491	218991306	1	1
100076491	302123723	1	1
100076491	246042666	1	1
100076491	60455503	1	1
100076491	343109466	2	4
100076491	343109466	1	4
100076491	343109466	1	4
100076491	343109466	1	4
100076491	345724143	1	1
100076491	193155025	1	1
100076491	60159142	1	2
100076491	60159142	1	2
100076491	111768478	1	3
100076491	111768478	1	3
100076491	111768478	1	3
100076491	26592872	1	3
100076491	26592872	1	3
100076491	26592872	1	3
100076491	63582150	1	6
100076491	63582150	1	6
100076491	63582150	1	6
100076491	63582150	2	6
100076491	63582150	1	6
100076491	63582150	1	6
100076491	175120932	1	1
100076491	14135465	1	1
100076491	341391066	1	2
100076491	341391066	1	2
100076491	162618138	1	1
100076491	169426789	1	1
100076491	177691992	1	1
100076491	336489649	1	1
100076491	313359110	1	2
100076491	313359110	1	2
100076491	173834761	1	1
100076491	35434203	1	1
100076491	186279228	1	3
100076491	186279228	1	3
100076491	186279228	1	3
100076491	146125036	1	9
100076491	146125036	1	9
100076491	146125036	1	9
100076491	146125036	1	9
100076491	146125036	2	9
100076491	146125036	1	9
100076491	146125036	1	9
100076491	146125036	1	9
100076491	146125036	1	9
100076491	155706506	1	2
100076491	155706506	1	2
100076491	357743048	1	3
100076491	357743048	1	3
100076491	357743048	1	3
100076491	360568167	1	1
100076491	23158765	1	1
100076491	339694011	1	2
100076491	339694011	1	2
100076491	203067131	1	3
100076491	203067131	1	3
100076491	203067131	1	3
100076491	66854985	1	2
100076491	66854985	1	2
100076491	235651410	1	3
100076491	235651410	1	3
100076491	235651410	1	3
100076491	258857965	1	3
100076491	258857965	1	3
100076491	258857965	1	3
100076491	133277615	1	2
100076491	133277615	1	2
100076491	257463910	1	1
100076491	85549240	1	2
100076491	85549240	1	2
100076491	92495463	1	3
100076491	92495463	1	3
100076491	92495463	1	3
100076491	341404094	1	2
100076491	341404094	1	2
100076491	77234990	1	4
100076491	77234990	1	4
100076491	77234990	1	4
100076491	77234990	1	4
100076491	269630909	1	1
100076491	119857969	1	5
100076491	119857969	1	5
100076491	119857969	1	5
100076491	119857969	1	5
100076491	119857969	1	5
100076491	26306149	1	2
100076491	26306149	1	2
100076491	325476153	1	1
100076491	67395204	1	1
100076491	354692488	1	1
100076491	367074098	1	1
100076491	292978966	1	3
100076491	292978966	1	3
100076491	292978966	1	3
100076491	105050773	1	1
100076491	239130903	2	10
100076491	239130903	1	10
100076491	239130903	1	10
100076491	239130903	1	10
100076491	239130903	1	10
100076491	239130903	1	10
100076491	239130903	1	10
100076491	239130903	1	10
100076491	239130903	1	10
100076491	239130903	1	10
100076491	303688301	1	2
100076491	303688301	1	2
100076491	326737096	1	1
100076491	114960000	1	3
100076491	114960000	1	3
100076491	114960000	2	3
100076491	35623620	1	2
100076491	35623620	1	2
100076491	399806259	1	2
100076491	399806259	1	2
