100135783	321187889	1	1
100135783	72116905	1	7
100135783	72116905	1	7
100135783	72116905	1	7
100135783	72116905	1	7
100135783	72116905	1	7
100135783	72116905	1	7
100135783	72116905	1	7
100135783	33309916	1	1
100135783	137819039	1	1
100135783	384085217	1	2
100135783	384085217	1	2
100135783	273365478	1	1
100135783	256525501	1	1
100135783	378142782	1	1
100135783	347541669	1	1
100135783	12164545	1	1
100135783	16957077	1	2
100135783	16957077	1	2
100135783	219752854	1	3
100135783	219752854	1	3
100135783	219752854	1	3
100135783	300034738	1	3
100135783	300034738	1	3
100135783	300034738	1	3
100135783	60464388	1	1
100135783	241186015	1	2
100135783	241186015	1	2
100135783	236638549	1	1
100135783	92590509	1	1
100135783	16236605	1	1
100135783	249687709	1	1
100135783	144384508	1	1
100135783	195885725	1	1
100135783	100372396	1	3
100135783	100372396	1	3
100135783	100372396	1	3
100135783	299396891	1	3
100135783	299396891	1	3
100135783	299396891	1	3
100135783	136637395	1	1
100135783	356715331	1	1
100135783	227346361	1	1
100135783	19349356	1	1
100135783	178373368	1	1
100135783	212224796	1	3
100135783	212224796	1	3
100135783	212224796	1	3
100135783	278359001	1	3
100135783	278359001	1	3
100135783	278359001	1	3
100135783	366091652	1	1
100135783	234060244	1	3
100135783	234060244	1	3
100135783	234060244	3	3
100135783	105753567	1	3
100135783	105753567	1	3
100135783	105753567	1	3
100135783	120072662	1	1
100135783	133377381	1	3
100135783	133377381	1	3
100135783	133377381	1	3
100135783	285204023	1	1
100135783	281327064	1	3
100135783	281327064	1	3
100135783	281327064	1	3
100135783	147611485	1	2
100135783	147611485	1	2
100135783	363677435	1	1
100135783	110038209	1	1
100135783	158275966	1	4
100135783	158275966	1	4
100135783	158275966	1	4
100135783	158275966	1	4
100135783	161875153	1	1
100135783	67317085	1	3
100135783	67317085	1	3
100135783	67317085	1	3
100135783	133219407	1	3
100135783	133219407	1	3
100135783	133219407	1	3
100135783	103213140	1	1
100135783	75915008	1	3
100135783	75915008	1	3
100135783	75915008	1	3
100135783	400041905	1	1
100135783	98516147	1	4
100135783	98516147	1	4
100135783	98516147	1	4
100135783	98516147	1	4
100135783	5831801	1	3
100135783	5831801	1	3
100135783	5831801	1	3
100135783	149626393	1	1
100135783	262824767	1	1
100135783	9348188	1	3
100135783	9348188	1	3
100135783	9348188	1	3
100135783	265096961	1	2
100135783	265096961	1	2
100135783	253515566	1	1
100135783	345367768	1	1
100135783	303350664	1	1
100135783	193164064	1	2
100135783	193164064	1	2
100135783	57336455	1	7
100135783	57336455	1	7
100135783	57336455	1	7
100135783	57336455	1	7
100135783	57336455	1	7
100135783	57336455	1	7
100135783	57336455	1	7
100135783	185265441	1	1
100135783	104111792	1	1
100135783	226776244	1	3
100135783	226776244	1	3
100135783	226776244	1	3
100135783	115570377	1	1
100135783	149983149	1	3
100135783	149983149	1	3
100135783	149983149	1	3
100135783	367329973	1	2
100135783	367329973	1	2
100135783	128168187	1	1
100135783	280761599	1	4
100135783	280761599	1	4
100135783	280761599	1	4
100135783	280761599	1	4
100135783	400300312	1	3
100135783	400300312	1	3
100135783	400300312	1	3
100135783	192391583	1	1
100135783	244980477	1	2
100135783	244980477	1	2
100135783	188752029	1	1
100135783	147886074	1	2
100135783	147886074	1	2
100135783	94176913	1	1
100135783	374311403	1	4
100135783	374311403	1	4
100135783	374311403	1	4
100135783	374311403	1	4
100135783	262838959	1	1
100135783	324125078	1	2
100135783	324125078	1	2
100135783	2317335	1	1
100135783	14679899	1	1
100135783	339613228	1	1
100135783	100231517	1	1
100135783	370164239	1	2
100135783	370164239	1	2
100135783	247194227	1	3
100135783	247194227	1	3
100135783	247194227	1	3
100135783	126198792	1	1
100135783	310340040	1	2
100135783	310340040	1	2
100135783	329035723	1	1
100135783	220994523	1	1
100135783	256597271	1	2
100135783	256597271	1	2
100135783	243385724	1	4
100135783	243385724	1	4
100135783	243385724	1	4
100135783	243385724	1	4
100135783	267703626	1	4
100135783	267703626	1	4
100135783	267703626	3	4
100135783	267703626	1	4
100135783	287996188	1	6
100135783	287996188	1	6
100135783	287996188	1	6
100135783	287996188	4	6
100135783	287996188	1	6
100135783	287996188	1	6
100135783	161187088	1	4
100135783	161187088	1	4
100135783	161187088	1	4
100135783	161187088	1	4
100135783	103342135	1	1
100135783	170141030	1	1
100135783	77754193	1	3
100135783	77754193	1	3
100135783	77754193	1	3
100135783	368476823	1	1
100135783	149643500	1	3
100135783	149643500	1	3
100135783	149643500	1	3
100135783	307042908	1	4
100135783	307042908	1	4
100135783	307042908	1	4
100135783	307042908	1	4
100135783	399909799	1	3
100135783	399909799	1	3
100135783	399909799	1	3
100135783	305473034	1	3
100135783	305473034	1	3
100135783	305473034	1	3
100135783	76504562	1	1
100135783	93759161	1	3
100135783	93759161	1	3
100135783	93759161	1	3
100135783	202139968	1	2
100135783	202139968	1	2
100135783	300982704	1	3
100135783	300982704	1	3
100135783	300982704	1	3
100135783	275602076	1	1
100135783	214789371	1	2
100135783	214789371	1	2
100135783	34010073	1	1
100135783	174317790	1	1
100135783	13776604	1	4
100135783	13776604	1	4
100135783	13776604	1	4
100135783	13776604	1	4
100135783	110322072	1	1
100135783	373160048	1	1
100135783	270445722	1	6
100135783	270445722	1	6
100135783	270445722	1	6
100135783	270445722	1	6
100135783	270445722	1	6
100135783	270445722	3	6
100135783	23667508	1	3
100135783	23667508	1	3
100135783	23667508	1	3
100135783	142129867	1	1
100135783	286418271	1	1
100135783	189210304	1	2
100135783	189210304	1	2
100135783	305059277	1	3
100135783	305059277	1	3
100135783	305059277	1	3
100135783	374768108	1	1
100135783	150025246	1	1
100135783	34985184	1	1
100135783	87530798	1	1
100135783	250284095	1	1
100135783	240533634	1	3
100135783	240533634	1	3
100135783	240533634	1	3
100135783	309035823	1	1
100135783	305256176	1	3
100135783	305256176	1	3
100135783	305256176	1	3
100135783	84858751	1	1
100135783	334220334	1	1
100135783	106900876	1	3
100135783	106900876	1	3
100135783	106900876	1	3
100135783	389747465	1	1
100135783	25674162	1	3
100135783	25674162	1	3
100135783	25674162	1	3
100135783	133866358	1	1
100135783	329139769	1	1
100135783	187495387	1	1
100135783	154193	1	1
100135783	380725067	1	1
100135783	50685763	1	1
100135783	186697772	1	3
100135783	186697772	1	3
100135783	186697772	1	3
100135783	66093835	1	1
100135783	382561968	1	3
100135783	382561968	1	3
100135783	382561968	1	3
100135783	306372290	1	1
100135783	104390410	1	1
100135783	231387193	1	3
100135783	231387193	1	3
100135783	231387193	1	3
100135783	135811897	1	1
100135783	204995241	1	1
100135783	310848441	1	1
100135783	15505000	1	1
100135783	257184395	1	1
100135783	59609046	1	2
100135783	59609046	1	2
100135783	32389451	1	1
100135783	15234979	1	1
100135783	211886416	1	1
100135783	385794564	1	3
100135783	385794564	1	3
100135783	385794564	1	3
100135783	5462627	1	1
100135783	78364176	1	2
100135783	78364176	1	2
100135783	10185208	1	2
100135783	10185208	1	2
100135783	317408246	1	3
100135783	317408246	1	3
100135783	317408246	1	3
100135783	90055728	1	4
100135783	90055728	1	4
100135783	90055728	1	4
100135783	90055728	1	4
100135783	332738573	1	4
100135783	332738573	1	4
100135783	332738573	1	4
100135783	332738573	1	4
100135783	341734720	1	3
100135783	341734720	1	3
100135783	341734720	1	3
100135783	33030851	1	2
100135783	33030851	1	2
100135783	139643273	1	3
100135783	139643273	1	3
100135783	139643273	1	3
100135783	81025484	1	3
100135783	81025484	1	3
100135783	81025484	1	3
100135783	164260648	1	2
100135783	164260648	1	2
100135783	217712930	1	3
100135783	217712930	1	3
100135783	217712930	1	3
100135783	274457152	1	1
100135783	31421869	1	3
100135783	31421869	1	3
100135783	31421869	1	3
100135783	182674415	1	2
100135783	182674415	1	2
100135783	349476145	1	4
100135783	349476145	1	4
100135783	349476145	1	4
100135783	349476145	1	4
100135783	188130075	1	3
100135783	188130075	1	3
100135783	188130075	1	3
100135783	202008727	1	1
100135783	16606019	1	3
100135783	16606019	1	3
100135783	16606019	1	3
100135783	200779942	1	7
100135783	200779942	1	7
100135783	200779942	1	7
100135783	200779942	1	7
100135783	200779942	3	7
100135783	200779942	1	7
100135783	200779942	1	7
100135783	250431072	1	3
100135783	250431072	1	3
100135783	250431072	1	3
100135783	78666198	3	4
100135783	78666198	1	4
100135783	78666198	1	4
100135783	78666198	1	4
100135783	118006513	1	3
100135783	118006513	1	3
100135783	118006513	1	3
100135783	55307765	1	3
100135783	55307765	1	3
100135783	55307765	1	3
100135783	217985892	1	1
100135783	44869270	1	1
100135783	318316309	1	3
100135783	318316309	1	3
100135783	318316309	1	3
100135783	272716835	1	1
100135783	29815897	1	3
100135783	29815897	1	3
100135783	29815897	1	3
100135783	329214679	1	3
100135783	329214679	1	3
100135783	329214679	1	3
100135783	306276667	1	3
100135783	306276667	1	3
100135783	306276667	1	3
100135783	72034559	1	1
100135783	161156950	1	1
100135783	242892968	1	3
100135783	242892968	1	3
100135783	242892968	1	3
100135783	68482152	1	1
100135783	290302695	1	2
100135783	290302695	1	2
100135783	70723562	1	3
100135783	70723562	1	3
100135783	70723562	1	3
100135783	213504025	1	3
100135783	213504025	1	3
100135783	213504025	1	3
100135783	138249700	1	2
100135783	138249700	1	2
100135783	146403258	1	1
100135783	390377771	1	1
100135783	148738141	1	3
100135783	148738141	1	3
100135783	148738141	1	3
100135783	285373715	1	2
100135783	285373715	1	2
100135783	261041915	1	4
100135783	261041915	1	4
100135783	261041915	1	4
100135783	261041915	3	4
100135783	265375578	1	1
100135783	196522586	1	1
100135783	284931923	1	1
100135783	401483806	1	3
100135783	401483806	1	3
100135783	401483806	1	3
100135783	353017322	1	3
100135783	353017322	1	3
100135783	353017322	1	3
100135783	402425325	1	4
100135783	402425325	1	4
100135783	402425325	1	4
100135783	402425325	1	4
100135783	110117185	1	15
100135783	110117185	1	15
100135783	110117185	1	15
100135783	110117185	1	15
100135783	110117185	1	15
100135783	110117185	1	15
100135783	110117185	1	15
100135783	110117185	3	15
100135783	110117185	1	15
100135783	110117185	1	15
100135783	110117185	1	15
100135783	110117185	1	15
100135783	110117185	1	15
100135783	110117185	1	15
100135783	110117185	1	15
100135783	161950634	1	1
100135783	368511846	1	2
100135783	368511846	1	2
100135783	255032253	1	3
100135783	255032253	1	3
100135783	255032253	1	3
100135783	142161009	1	1
100135783	287302005	1	3
100135783	287302005	1	3
100135783	287302005	1	3
100135783	126129911	1	4
100135783	126129911	1	4
100135783	126129911	1	4
100135783	126129911	1	4
100135783	386911210	1	1
100135783	18949016	1	1
100135783	105966906	1	6
100135783	105966906	1	6
100135783	105966906	1	6
100135783	105966906	1	6
100135783	105966906	1	6
100135783	105966906	1	6
100135783	36560280	1	1
100135783	376521263	1	3
100135783	376521263	1	3
100135783	376521263	1	3
100135783	55006593	1	1
100135783	62966400	1	1
100135783	361697021	1	1
100135783	81431482	1	1
100135783	61250548	1	2
100135783	61250548	1	2
100135783	129671254	1	1
100135783	30348759	1	3
100135783	30348759	1	3
100135783	30348759	1	3
100135783	181371107	1	1
100135783	71194015	1	3
100135783	71194015	1	3
100135783	71194015	1	3
100135783	292302418	1	3
100135783	292302418	1	3
100135783	292302418	1	3
100135783	11626417	1	1
100135783	321001979	1	3
100135783	321001979	1	3
100135783	321001979	1	3
100135783	210384667	1	1
100135783	184826446	1	1
100135783	327777707	1	3
100135783	327777707	1	3
100135783	327777707	1	3
100135783	134970163	1	1
100135783	316087475	1	3
100135783	316087475	1	3
100135783	316087475	1	3
100135783	180689274	1	3
100135783	180689274	1	3
100135783	180689274	1	3
100135783	235289712	1	1
100135783	314262549	1	1
100135783	400188221	1	1
100135783	375111286	1	1
100135783	45878676	1	2
100135783	45878676	3	2
100135783	283056144	1	1
100135783	332780262	1	2
100135783	332780262	1	2
100135783	240645456	1	2
100135783	240645456	1	2
100135783	295089897	1	3
100135783	295089897	1	3
100135783	295089897	1	3
100135783	301609580	1	1
100135783	291488536	1	4
100135783	291488536	1	4
100135783	291488536	1	4
100135783	291488536	1	4
100135783	263869944	1	3
100135783	263869944	1	3
100135783	263869944	1	3
100135783	286529220	3	6
100135783	286529220	1	6
100135783	286529220	1	6
100135783	286529220	1	6
100135783	286529220	1	6
100135783	286529220	1	6
100135783	183708806	1	2
100135783	183708806	3	2
100135783	86220213	1	4
100135783	86220213	1	4
100135783	86220213	1	4
100135783	86220213	1	4
100135783	235412136	1	1
100135783	19885284	1	1
100135783	350542871	1	2
100135783	350542871	1	2
100135783	234039455	1	1
100135783	106748887	1	1
100135783	217189025	1	1
100135783	346676117	1	3
100135783	346676117	1	3
100135783	346676117	1	3
100135783	155824258	1	4
100135783	155824258	1	4
100135783	155824258	3	4
100135783	155824258	1	4
100135783	198312297	1	1
100135783	140525700	1	2
100135783	140525700	1	2
100135783	223943030	1	1
100135783	335443460	1	3
100135783	335443460	1	3
100135783	335443460	1	3
100135783	217840249	1	1
100135783	193716849	1	3
100135783	193716849	1	3
100135783	193716849	1	3
100135783	338712674	1	2
100135783	338712674	1	2
100135783	169416751	1	1
100135783	393775857	1	1
100135783	128069839	1	1
100135783	245023378	1	4
100135783	245023378	1	4
100135783	245023378	1	4
100135783	245023378	1	4
100135783	64407180	1	1
100135783	36467429	1	1
100135783	75593632	1	1
100135783	144640	1	3
100135783	144640	1	3
100135783	144640	1	3
100135783	196910344	1	1
100135783	19560650	1	1
100135783	273011646	1	1
100135783	400602997	1	1
100135783	167250356	1	1
100135783	387573297	1	1
100135783	9152245	1	3
100135783	9152245	1	3
100135783	9152245	1	3
100135783	100682065	1	3
100135783	100682065	1	3
100135783	100682065	1	3
100135783	300909857	1	1
100135783	341105211	1	1
100135783	42945	1	1
100135783	176851972	1	1
100135783	264084447	1	2
100135783	264084447	1	2
100135783	212357811	1	1
100135783	337173335	1	2
100135783	337173335	1	2
100135783	262486221	1	2
100135783	262486221	1	2
100135783	149865571	1	2
100135783	149865571	1	2
100135783	231827460	1	1
100135783	307883587	1	1
100135783	170093099	1	1
100135783	317443621	1	1
100135783	199667346	1	1
100135783	213625255	1	1
100135783	380459722	1	2
100135783	380459722	1	2
100135783	42711947	1	1
100135783	19758632	1	3
100135783	19758632	1	3
100135783	19758632	1	3
100135783	301226191	1	1
100135783	240901487	1	4
100135783	240901487	4	4
100135783	240901487	3	4
100135783	240901487	1	4
100135783	345191843	1	1
100135783	117604391	1	1
100135783	13208646	1	5
100135783	13208646	1	5
100135783	13208646	1	5
100135783	13208646	3	5
100135783	13208646	1	5
100135783	207081833	1	1
100135783	370186751	1	1
100135783	278545011	1	3
100135783	278545011	1	3
100135783	278545011	1	3
100135783	208416930	3	2
100135783	208416930	1	2
100135783	32416154	1	1
100135783	287804778	1	1
100135783	136458392	1	1
100135783	101478025	1	2
100135783	101478025	1	2
100135783	208198114	1	3
100135783	208198114	1	3
100135783	208198114	1	3
100135783	74589296	1	1
100135783	132309981	1	3
100135783	132309981	1	3
100135783	132309981	1	3
100135783	127840028	1	1
100135783	209250294	1	2
100135783	209250294	1	2
100135783	141526324	1	1
100135783	72833488	1	2
100135783	72833488	1	2
100135783	203742976	1	2
100135783	203742976	1	2
100135783	326608103	1	2
100135783	326608103	1	2
100135783	353054211	1	1
