100029775	287413918	59.0
100029775	222229697	42.0
100029775	238681741	41.0
100029775	216532638	37.0
100029775	326201591	34.0
100029775	222229697	32.0
100029775	17988661	22.0
100029775	67085340	20.0
100029775	243466972	19.0
100029775	211143155	19.0
100029775	36591792	19.0
100029775	252286076	18.0
100029775	274868112	17.0
100029775	381631006	17.0
100029775	283564938	16.0
100029775	334897404	16.0
100029775	46228183	15.0
100029775	135293475	15.0
100029775	346277745	13.0
100029775	8021729	13.0
100029775	205052614	13.0
100029775	247380548	13.0
100029775	373763090	13.0
100029775	75616466	13.0
100029775	214252945	13.0
100029775	87557153	13.0
100029775	128989040	13.0
100029775	8652879	13.0
100029775	200480861	13.0
100029775	63698519	13.0
100029775	279864700	13.0
100029775	17988661	12.0
100029775	222229697	12.0
100029775	238681741	11.0
100029775	67085340	10.0
100029775	243466972	9.0
100029775	211143155	9.0
100029775	36591792	9.0
100029775	252286076	8.0
100029775	274868112	7.0
100029775	381631006	7.0
100029775	216532638	7.0
100029775	283564938	6.0
100029775	334897404	6.0
100029775	80155387	5.0
100029775	218022085	5.0
100029775	70394849	5.0
100029775	46228183	5.0
100029775	135293475	5.0
100029775	56574541	5.0
100029775	50365355	4.0
100029775	20016043	4.0
100029775	402741154	4.0
100029775	154764599	4.0
100029775	263129708	4.0
100029775	378347665	4.0
100029775	49063582	4.0
100029775	297779603	4.0
100029775	130639998	4.0
100029775	402253684	4.0
100029775	159109394	4.0
100029775	326201591	4.0
100029775	99115400	4.0
100029775	227487208	4.0
100029775	191599505	4.0
100029775	261470843	4.0
100029775	21968905	3.0
100029775	346277745	3.0
100029775	132193956	3.0
100029775	205052614	3.0
100029775	247380548	3.0
100029775	153973127	3.0
100029775	294025724	3.0
100029775	87557153	3.0
100029775	296528289	3.0
100029775	128989040	3.0
100029775	11803344	3.0
100029775	210028911	3.0
100029775	8652879	3.0
100029775	29438683	3.0
100029775	313616193	3.0
100029775	200480861	3.0
100029775	384465405	3.0
100029775	63698519	3.0
100029775	9160080	3.0
100029775	279864700	3.0
100029775	165927164	2.0
100029775	201267064	2.0
100029775	332750651	2.0
100029775	244339393	2.0
100029775	348454140	2.0
100029775	339327091	2.0
100029775	255125223	2.0
100029775	169956891	2.0
100029775	211663560	2.0
100029775	30464936	2.0
100029775	402678392	2.0
100029775	322517411	2.0
100029775	118033464	2.0
100029775	195394110	2.0
100029775	311703684	2.0
100029775	299499510	2.0
100029775	261875973	2.0
100029775	274695037	2.0
100029775	106222285	2.0
100029775	67429074	2.0
100029775	61251128	2.0
100029775	304235745	2.0
100029775	199125599	2.0
100029775	297443044	2.0
100029775	155889263	2.0
100029775	347082951	2.0
100029775	369442037	2.0
100029775	237966754	2.0
100029775	45616906	2.0
100029775	25884323	2.0
100029775	80033468	2.0
100029775	350942199	2.0
100029775	8361174	2.0
100029775	354103995	2.0
100029775	365505232	2.0
100029775	372383844	2.0
100029775	365811867	2.0
100029775	235787727	2.0
100029775	282470272	2.0
100029775	200641128	2.0
100029775	296717135	2.0
100029775	8679034	2.0
100029775	198524629	2.0
100029775	395485891	2.0
100029775	79140857	2.0
100029775	14212887	2.0
100029775	123133114	2.0
100029775	121572843	2.0
100029775	165528313	2.0
100029775	48896808	2.0
100029775	32720344	2.0
100029775	223294204	2.0
100029775	367777162	2.0
100029775	80940727	2.0
100029775	404506492	2.0
100029775	54049624	2.0
100029775	268913076	2.0
100029775	400780241	2.0
100029775	97350436	2.0
100029775	187177856	2.0
100029775	330345353	2.0
100029775	181239230	2.0
100029775	104599592	2.0
100029775	239362693	2.0
100029775	167854422	2.0
100029775	103488152	2.0
100029775	263097356	2.0
100029775	169159280	2.0
100029775	169916818	2.0
100029775	185631584	2.0
100029775	230835230	2.0
100029775	317407270	2.0
100029775	177870759	2.0
100029775	391300822	2.0
100029775	228754898	2.0
100029775	255555053	2.0
100029775	237240936	2.0
100029775	182952513	2.0
100029775	205264014	2.0
100029775	210807832	2.0
100029775	14815609	2.0
100029775	107389904	2.0
100029775	270821337	1.0
100029775	137621297	1.0
100029775	246012058	1.0
100029775	138489215	1.0
100029775	150563006	1.0
100029775	96582824	1.0
