100087810	330236602	25.0
100087810	66903742	24.0
100087810	234237282	9.0
100087810	56501180	8.0
100087810	232129608	5.0
100087810	330236602	5.0
100087810	66903742	4.0
100087810	110902802	4.0
100087810	272178785	4.0
100087810	119250207	4.0
100087810	168856516	4.0
100087810	826843	4.0
100087810	390012929	4.0
100087810	45826995	3.0
100087810	389513384	3.0
100087810	112080564	3.0
100087810	284098527	3.0
100087810	9997465	3.0
100087810	194185957	3.0
100087810	293032766	3.0
100087810	271440899	3.0
100087810	291702400	3.0
100087810	154561175	3.0
100087810	58044854	3.0
100087810	398025587	3.0
100087810	320496712	3.0
100087810	173970332	3.0
100087810	2661960	3.0
100087810	158521222	3.0
100087810	278508443	3.0
100087810	152985000	3.0
100087810	229116094	3.0
100087810	385816131	3.0
100087810	54580903	3.0
100087810	47975013	3.0
100087810	60657481	3.0
100087810	362740916	3.0
100087810	335313728	3.0
100087810	17186814	3.0
100087810	270151978	3.0
100087810	190207214	3.0
100087810	79187755	3.0
100087810	129132465	2.0
100087810	206927390	2.0
100087810	314229480	2.0
100087810	308640036	2.0
100087810	176237138	2.0
100087810	237905299	2.0
100087810	394849739	2.0
100087810	372925085	2.0
100087810	88063324	2.0
100087810	350848545	2.0
100087810	64751730	2.0
100087810	209265585	2.0
100087810	324319612	2.0
100087810	242890882	2.0
100087810	381649990	2.0
100087810	212925240	2.0
100087810	149798879	2.0
100087810	143543195	2.0
100087810	34866482	2.0
100087810	140674164	2.0
100087810	259995780	2.0
100087810	103551493	2.0
100087810	377740443	2.0
100087810	393477792	2.0
100087810	302864050	2.0
100087810	373825214	2.0
100087810	122604288	2.0
100087810	256702620	2.0
100087810	367522890	2.0
100087810	50169708	2.0
100087810	69140601	2.0
100087810	160971828	1.0
100087810	249248564	1.0
100087810	74800159	1.0
100087810	172732741	1.0
100087810	326692373	1.0
100087810	126902916	1.0
100087810	133408825	1.0
100087810	93751638	1.0
100087810	126167067	1.0
100087810	202761239	1.0
100087810	224251261	1.0
100087810	143864325	1.0
100087810	72598080	1.0
100087810	163393990	1.0
100087810	217712429	1.0
100087810	55697367	1.0
100087810	211199041	1.0
100087810	357397166	1.0
100087810	180315766	1.0
100087810	44587072	1.0
100087810	321809149	1.0
100087810	258283916	1.0
100087810	46878789	1.0
100087810	279142590	1.0
100087810	326351546	1.0
100087810	243241555	1.0
100087810	307863847	1.0
100087810	265447211	1.0
100087810	454710	1.0
100087810	294413202	1.0
100087810	340053587	1.0
100087810	263510504	1.0
100087810	216271153	1.0
100087810	90929144	1.0
100087810	350215063	1.0
100087810	230421992	1.0
100087810	260023655	1.0
100087810	313439490	1.0
100087810	69405798	1.0
100087810	294743359	1.0
100087810	27205399	1.0
100087810	111556926	1.0
100087810	207926595	1.0
100087810	74098818	1.0
100087810	114004323	1.0
100087810	198970422	1.0
100087810	175495413	1.0
100087810	120276949	1.0
100087810	151346396	1.0
100087810	316435925	1.0
100087810	8466225	1.0
100087810	5638046	1.0
100087810	39051589	1.0
100087810	20134618	1.0
100087810	321653079	1.0
100087810	60968590	1.0
100087810	40357359	1.0
100087810	163965100	1.0
100087810	40001665	1.0
100087810	91364958	1.0
100087810	246989442	1.0
100087810	63378995	1.0
100087810	368480231	1.0
100087810	328923774	1.0
100087810	366079976	1.0
100087810	110807748	1.0
100087810	170060488	1.0
100087810	245420091	1.0
100087810	356231572	1.0
100087810	159871980	1.0
100087810	242001622	1.0
100087810	298151004	1.0
100087810	259721965	1.0
100087810	387117960	1.0
100087810	142057641	1.0
100087810	133639997	1.0
100087810	65190701	1.0
100087810	41674679	1.0
100087810	347715037	1.0
100087810	90699471	1.0
