100097524	380182790	42.0
100097524	346135736	42.0
100097524	302082170	40.0
100097524	71030383	40.0
100097524	54476232	40.0
100097524	372600182	39.0
100097524	234964999	39.0
100097524	316275886	36.0
100097524	334540474	36.0
100097524	101185531	35.0
100097524	135777057	34.0
100097524	95870772	32.0
100097524	356593714	29.0
100097524	388306403	23.0
100097524	95870772	22.0
100097524	164401925	17.0
100097524	193738592	13.0
100097524	324131744	13.0
100097524	346135736	12.0
100097524	302082170	10.0
100097524	71030383	10.0
100097524	54476232	10.0
100097524	372600182	9.0
100097524	356593714	9.0
100097524	385825377	7.0
100097524	38586225	6.0
100097524	316275886	6.0
100097524	253901946	5.0
100097524	122656156	5.0
100097524	68247139	5.0
100097524	101185531	5.0
100097524	389264646	5.0
100097524	143145959	4.0
100097524	101602101	4.0
100097524	321476245	4.0
100097524	192477750	4.0
100097524	190862596	4.0
100097524	135777057	4.0
100097524	135720696	4.0
100097524	54257493	4.0
100097524	103585824	4.0
100097524	231927097	4.0
100097524	325353427	4.0
100097524	274724342	4.0
100097524	183616908	3.0
100097524	175609046	3.0
100097524	368524758	3.0
100097524	118210409	3.0
100097524	160646012	3.0
100097524	235926441	3.0
100097524	38989421	3.0
100097524	306436043	3.0
100097524	49371373	3.0
100097524	61528069	3.0
100097524	127487126	3.0
100097524	62089250	3.0
100097524	79910489	3.0
100097524	383218848	3.0
100097524	359888635	3.0
100097524	326466614	3.0
100097524	67427222	3.0
100097524	240752920	3.0
100097524	178058165	3.0
100097524	36747439	3.0
100097524	216393955	3.0
100097524	303122842	3.0
100097524	223889599	3.0
100097524	293930998	3.0
100097524	234318310	3.0
100097524	342941515	3.0
100097524	193738592	3.0
100097524	133229040	3.0
100097524	154079584	3.0
100097524	118020324	3.0
100097524	324131744	3.0
100097524	293939662	3.0
100097524	281155664	3.0
100097524	41639323	3.0
100097524	36065549	3.0
100097524	59025158	3.0
100097524	206175088	3.0
100097524	250708434	3.0
100097524	64278143	3.0
100097524	32697971	3.0
100097524	155087949	3.0
100097524	334561414	3.0
100097524	166222458	3.0
100097524	346752149	3.0
100097524	241461145	3.0
100097524	162875323	3.0
100097524	337080551	2.0
100097524	188899566	2.0
100097524	44897103	2.0
100097524	110976958	2.0
100097524	394147180	2.0
100097524	14679726	2.0
100097524	195378561	2.0
100097524	237912417	2.0
100097524	290262095	2.0
100097524	331659991	2.0
100097524	54332361	2.0
100097524	301944962	2.0
100097524	39657185	2.0
100097524	13615656	2.0
100097524	106760071	2.0
100097524	91777562	2.0
100097524	154499670	2.0
100097524	75489283	2.0
100097524	283444442	2.0
100097524	364903449	2.0
100097524	393726184	2.0
100097524	373873491	2.0
100097524	237968133	2.0
100097524	109664510	2.0
100097524	251898026	2.0
100097524	1304062	2.0
100097524	29183568	2.0
100097524	334847935	2.0
100097524	103521736	2.0
100097524	294249387	2.0
100097524	172092077	2.0
100097524	243973720	2.0
100097524	182872563	2.0
100097524	8361174	2.0
100097524	37550851	2.0
100097524	30951407	2.0
100097524	302743972	2.0
100097524	240769194	2.0
100097524	9997042	2.0
100097524	198076923	2.0
100097524	368617613	2.0
100097524	247844731	2.0
100097524	89755913	2.0
100097524	324199820	2.0
100097524	41256515	2.0
100097524	241830063	2.0
100097524	213505026	2.0
100097524	84567833	2.0
100097524	31440614	2.0
100097524	358640982	2.0
100097524	253484490	2.0
100097524	10003788	2.0
100097524	363416588	2.0
100097524	31694668	2.0
100097524	173090660	2.0
100097524	21235390	2.0
100097524	88554720	2.0
100097524	308291807	2.0
100097524	298866561	2.0
100097524	1568058	2.0
100097524	156602430	2.0
100097524	303347806	2.0
100097524	105585354	2.0
100097524	152963640	2.0
100097524	370496439	2.0
100097524	265450517	2.0
100097524	52895166	2.0
100097524	51253311	2.0
100097524	144483926	2.0
100097524	74042003	2.0
100097524	259592228	2.0
100097524	174378350	2.0
100097524	333113037	2.0
100097524	117537359	2.0
100097524	78265173	2.0
100097524	167216853	2.0
100097524	90234314	2.0
100097524	325422955	2.0
100097524	294583173	2.0
100097524	319163845	2.0
100097524	149940229	2.0
100097524	241891419	2.0
100097524	179936120	2.0
100097524	68739380	2.0
100097524	123122310	2.0
100097524	9568660	2.0
100097524	315098189	2.0
100097524	346625659	2.0
100097524	135666341	2.0
100097524	174273441	2.0
100097524	168563698	2.0
100097524	250289034	2.0
100097524	60525577	2.0
100097524	393376169	2.0
100097524	97378918	2.0
100097524	232914204	2.0
100097524	171812127	2.0
100097524	252149052	2.0
100097524	380787520	2.0
100097524	264888081	2.0
100097524	302759007	2.0
100097524	97298125	2.0
100097524	129026751	2.0
100097524	346814073	2.0
100097524	381929875	2.0
100097524	68281138	2.0
100097524	150652623	2.0
100097524	84995752	2.0
100097524	306832628	2.0
100097524	88419136	2.0
100097524	112216575	2.0
100097524	128396380	2.0
100097524	138206063	2.0
100097524	310141760	2.0
100097524	275406306	2.0
100097524	260068880	2.0
100097524	219102863	2.0
100097524	58000325	2.0
100097524	190258365	2.0
100097524	315883753	2.0
100097524	8330174	2.0
100097524	115851077	2.0
100097524	328483229	2.0
100097524	404179958	2.0
100097524	368974271	2.0
100097524	264104597	2.0
100097524	247443465	2.0
100097524	309874873	2.0
100097524	222227050	2.0
100097524	226808147	2.0
100097524	86783669	2.0
100097524	319649309	2.0
100097524	1327436	2.0
100097524	287446582	2.0
100097524	37831412	2.0
100097524	323036846	2.0
100097524	124654004	2.0
100097524	299584995	2.0
100097524	309447907	2.0
100097524	369859343	2.0
100097524	75042780	2.0
100097524	53923827	2.0
100097524	296676113	2.0
100097524	4287116	2.0
100097524	396774403	2.0
100097524	210208228	2.0
100097524	181076604	2.0
100097524	74017355	2.0
100097524	287098607	2.0
100097524	260099295	2.0
100097524	304584410	2.0
100097524	138805218	2.0
100097524	3037833	2.0
100097524	212072908	2.0
100097524	306664308	2.0
100097524	286996706	2.0
100097524	131363237	2.0
100097524	1791412	2.0
100097524	361205912	2.0
100097524	96336272	2.0
100097524	48232217	2.0
100097524	306789371	2.0
100097524	308893138	2.0
100097524	354723021	2.0
100097524	142131572	2.0
100097524	150119427	2.0
100097524	90901288	2.0
100097524	91185152	2.0
100097524	181848330	2.0
100097524	356852494	2.0
100097524	38354989	2.0
100097524	107623367	2.0
100097524	127583269	2.0
100097524	277439953	2.0
100097524	321792003	2.0
100097524	308522687	2.0
100097524	153946105	2.0
100097524	103230605	2.0
100097524	106838305	2.0
100097524	352845339	2.0
100097524	366576334	2.0
100097524	287246086	2.0
100097524	21681704	2.0
100097524	153985953	2.0
100097524	204819569	2.0
100097524	359522147	2.0
100097524	191499032	2.0
100097524	234548663	2.0
100097524	167035761	2.0
100097524	369821966	2.0
100097524	203788198	2.0
100097524	352167279	2.0
100097524	104830650	2.0
100097524	211311779	2.0
100097524	15653884	2.0
100097524	362887494	2.0
100097524	299889306	2.0
100097524	157626804	2.0
100097524	292534522	2.0
100097524	53932513	2.0
100097524	337403595	2.0
100097524	243963290	2.0
100097524	222746058	2.0
100097524	335680099	2.0
100097524	328793336	2.0
100097524	217836711	2.0
100097524	281981427	2.0
100097524	307485307	2.0
100097524	39161443	2.0
100097524	174596096	2.0
100097524	25018287	2.0
100097524	247333753	2.0
100097524	324977100	2.0
100097524	175942888	2.0
100097524	115652830	2.0
100097524	392240475	2.0
100097524	250078560	2.0
100097524	111112634	2.0
100097524	50491541	2.0
100097524	74456002	2.0
100097524	239635091	2.0
100097524	343283972	2.0
100097524	111905505	2.0
100097524	14985811	2.0
100097524	392022432	2.0
100097524	298139897	2.0
100097524	143958455	2.0
100097524	292212423	2.0
100097524	232696281	2.0
100097524	395710297	2.0
100097524	97245045	2.0
100097524	306250752	2.0
100097524	97766658	2.0
100097524	2136689	2.0
100097524	385293694	2.0
100097524	309630138	2.0
100097524	267371209	2.0
100097524	396798659	2.0
100097524	69615092	2.0
100097524	274486155	2.0
100097524	195161820	2.0
100097524	89457039	2.0
100097524	354501938	2.0
100097524	238973077	2.0
100097524	185987509	2.0
100097524	212149286	2.0
100097524	327503313	2.0
100097524	144878539	2.0
100097524	322319427	2.0
100097524	216043804	2.0
100097524	77517094	2.0
100097524	49687394	2.0
100097524	260526052	2.0
100097524	355264879	2.0
100097524	172461272	2.0
100097524	144014068	2.0
100097524	56189350	2.0
100097524	100207501	2.0
100097524	139952703	2.0
100097524	59460981	2.0
100097524	276468929	2.0
100097524	316678367	2.0
100097524	119567053	2.0
100097524	115303050	2.0
100097524	15059483	2.0
100097524	315073543	2.0
100097524	354754345	2.0
100097524	173078219	2.0
100097524	59424608	2.0
100097524	235614063	2.0
100097524	166005742	2.0
100097524	394402092	2.0
100097524	32056586	2.0
100097524	244692698	2.0
100097524	4424882	2.0
100097524	163032181	2.0
100097524	227032082	2.0
100097524	83013427	2.0
100097524	140681551	2.0
100097524	310657684	2.0
100097524	152822626	2.0
100097524	107966109	2.0
100097524	163036	2.0
100097524	79637123	2.0
100097524	390012117	2.0
100097524	35414146	2.0
100097524	174643971	2.0
100097524	206565604	2.0
100097524	245028378	2.0
100097524	21051602	2.0
100097524	75806793	2.0
100097524	338826475	2.0
100097524	303843044	2.0
100097524	250055758	2.0
100097524	142377128	2.0
100097524	98688289	2.0
100097524	403974010	2.0
100097524	122974048	2.0
100097524	117604391	2.0
100097524	171129434	2.0
100097524	133054583	2.0
100097524	102980486	2.0
100097524	32232786	2.0
100097524	133485794	2.0
100097524	301755409	2.0
100097524	330654692	2.0
100097524	106388948	2.0
100097524	391271704	2.0
100097524	42960392	2.0
100097524	382633191	1.0
100097524	7936951	1.0
100097524	385339146	1.0
100097524	32433775	1.0
100097524	223024580	1.0
100097524	278289744	1.0
100097524	150489161	1.0
100097524	127215850	1.0
100097524	61386644	1.0
100097524	162167330	1.0
100097524	62790567	1.0
100097524	194162057	1.0
100097524	3299974	1.0
100097524	369910854	1.0
100097524	255834386	1.0
100097524	136003982	1.0
100097524	333414062	1.0
100097524	342248134	1.0
100097524	313115671	1.0
100097524	190452294	1.0
100097524	154504504	1.0
100097524	136139571	1.0
100097524	114448385	1.0
100097524	398420052	1.0
100097524	346904891	1.0
100097524	152734205	1.0
100097524	111171680	1.0
100097524	201943137	1.0
100097524	387095157	1.0
100097524	371819829	1.0
100097524	382822381	1.0
100097524	71263893	1.0
100097524	176529248	1.0
100097524	157038884	1.0
100097524	11305920	1.0
100097524	110116253	1.0
100097524	332731915	1.0
100097524	63418056	1.0
100097524	283242469	1.0
100097524	304886837	1.0
100097524	38008611	1.0
100097524	351266554	1.0
100097524	184626763	1.0
100097524	250490181	1.0
100097524	375216412	1.0
100097524	266436709	1.0
100097524	362258151	1.0
100097524	186730572	1.0
100097524	159198431	1.0
100097524	26939162	1.0
100097524	195946294	1.0
100097524	67023477	1.0
100097524	84211746	1.0
