10009860	202026462	58.0
10009860	117349602	53.0
10009860	48881781	52.0
10009860	48881781	42.0
10009860	46208042	40.0
10009860	202026462	38.0
10009860	117349602	23.0
10009860	48881781	22.0
10009860	171275858	17.0
10009860	94878876	16.0
10009860	126964843	16.0
10009860	98527518	15.0
10009860	26693081	13.0
10009860	77877729	12.0
10009860	185970287	12.0
10009860	46208042	10.0
10009860	171275858	7.0
10009860	261088360	6.0
10009860	94878876	6.0
10009860	126964843	6.0
10009860	98527518	5.0
10009860	220080991	4.0
10009860	310411889	3.0
10009860	294754994	3.0
10009860	26693081	3.0
10009860	389061858	3.0
10009860	9855881	2.0
10009860	56507984	2.0
10009860	44339026	2.0
10009860	59725341	2.0
10009860	176352419	2.0
10009860	339605524	2.0
10009860	193369253	2.0
10009860	112186838	2.0
10009860	112699830	2.0
10009860	228483896	2.0
10009860	39978734	2.0
10009860	9598349	2.0
10009860	140776649	2.0
10009860	215836213	2.0
10009860	17932807	2.0
10009860	83944943	2.0
10009860	230998906	2.0
10009860	386897945	2.0
10009860	161100769	2.0
10009860	186784097	2.0
10009860	178748309	2.0
10009860	74216765	2.0
10009860	313362274	2.0
10009860	204839859	2.0
10009860	32602812	2.0
10009860	364391658	2.0
10009860	180035699	2.0
10009860	77433368	2.0
10009860	270763596	2.0
10009860	106178827	2.0
10009860	331075175	2.0
10009860	159673722	2.0
10009860	374282561	2.0
10009860	356063094	2.0
10009860	315308600	2.0
10009860	351715879	2.0
10009860	158034357	2.0
10009860	374816181	2.0
10009860	307298468	2.0
10009860	142642905	2.0
10009860	40936182	2.0
10009860	353987216	2.0
10009860	70686833	2.0
10009860	312739804	2.0
10009860	270051703	2.0
10009860	293860602	2.0
10009860	201506051	2.0
10009860	219547327	2.0
10009860	315642635	2.0
10009860	117644481	2.0
10009860	342233428	2.0
10009860	120372210	2.0
10009860	149981393	2.0
10009860	200022798	2.0
10009860	165448640	2.0
10009860	239353587	2.0
10009860	232022124	2.0
10009860	116100184	2.0
10009860	310991884	2.0
10009860	387969672	2.0
10009860	120269905	2.0
10009860	33161127	1.0
10009860	341755735	1.0
10009860	125780543	1.0
10009860	274724917	1.0
10009860	377833651	1.0
10009860	239255816	1.0
10009860	352942991	1.0
10009860	346385259	1.0
10009860	267865451	1.0
10009860	59125595	1.0
10009860	288977419	1.0
10009860	235052399	1.0
10009860	394221134	1.0
10009860	134162632	1.0
10009860	105031918	1.0
10009860	8234333	1.0
10009860	306587014	1.0
10009860	47863510	1.0
10009860	331630597	1.0
10009860	104695282	1.0
10009860	382010096	1.0
10009860	296971290	1.0
10009860	346304060	1.0
10009860	14542362	1.0
