100198255	181102033	33.0
100198255	371505655	32.0
100198255	294268972	32.0
100198255	399675905	32.0
100198255	300520024	32.0
100198255	90668614	31.0
100198255	210053793	31.0
100198255	329213556	25.0
100198255	298824265	23.0
100198255	6160499	22.0
100198255	306687394	21.0
100198255	328269169	11.0
100198255	208838756	11.0
100198255	329213556	5.0
100198255	80110520	4.0
100198255	113902214	4.0
100198255	64915297	3.0
100198255	217625311	3.0
100198255	283506569	3.0
100198255	5363127	3.0
100198255	181102033	3.0
100198255	239173074	2.0
100198255	182387038	2.0
100198255	6160499	2.0
100198255	388465906	2.0
100198255	22843062	2.0
100198255	138488006	2.0
100198255	225264649	2.0
100198255	216857668	2.0
100198255	38989421	2.0
100198255	120021816	2.0
100198255	42832317	2.0
100198255	83657705	2.0
100198255	62998729	2.0
100198255	357770362	2.0
100198255	301343111	2.0
100198255	129726484	2.0
100198255	243190329	2.0
100198255	44108808	2.0
100198255	57279703	2.0
100198255	358383147	2.0
100198255	386660546	2.0
100198255	383931432	2.0
100198255	318906786	2.0
100198255	148917365	2.0
100198255	147229140	2.0
100198255	200071235	2.0
100198255	212890150	2.0
100198255	159215237	2.0
100198255	299477008	2.0
100198255	239993785	2.0
100198255	213039294	2.0
100198255	73298973	2.0
100198255	49443861	2.0
100198255	111287308	2.0
100198255	40760535	2.0
100198255	120449671	2.0
100198255	374079406	2.0
100198255	360831512	2.0
100198255	284613653	2.0
100198255	119258492	2.0
100198255	75337573	2.0
100198255	306263734	2.0
100198255	41133551	2.0
100198255	108884864	2.0
100198255	348764539	2.0
100198255	309513027	2.0
100198255	75582948	2.0
100198255	24337751	2.0
100198255	250900023	2.0
100198255	304172400	2.0
100198255	171600755	2.0
100198255	171042919	2.0
100198255	90845483	2.0
100198255	16289295	2.0
100198255	199320066	2.0
100198255	300577998	2.0
100198255	52159576	2.0
100198255	294127257	2.0
100198255	4191203	2.0
100198255	205721512	2.0
100198255	283724364	2.0
100198255	342381881	2.0
100198255	322531681	2.0
100198255	390694164	2.0
100198255	346649511	2.0
100198255	54848843	2.0
100198255	193796894	2.0
100198255	93658421	2.0
100198255	294268972	2.0
100198255	312568909	2.0
100198255	244579957	2.0
100198255	122220217	2.0
100198255	399675905	2.0
100198255	314470221	2.0
100198255	163342656	2.0
100198255	169034206	2.0
100198255	308336911	2.0
100198255	364822583	2.0
100198255	328257574	2.0
100198255	137079956	2.0
100198255	34358411	2.0
100198255	215686162	2.0
100198255	48381938	2.0
100198255	115849483	2.0
100198255	39167355	2.0
100198255	311424024	2.0
100198255	130630748	2.0
100198255	283342639	1.0
100198255	134916576	1.0
100198255	321652731	1.0
100198255	24112202	1.0
100198255	332837966	1.0
100198255	277509472	1.0
100198255	343400104	1.0
100198255	244115453	1.0
100198255	309758058	1.0
100198255	297858024	1.0
100198255	150697113	1.0
100198255	331609025	1.0
100198255	376805259	1.0
100198255	60324526	1.0
100198255	226939095	1.0
100198255	274815255	1.0
100198255	314897532	1.0
100198255	290486624	1.0
100198255	22078496	1.0
100198255	305434303	1.0
100198255	311162851	1.0
100198255	91116826	1.0
100198255	150375274	1.0
100198255	95191630	1.0
100198255	399929581	1.0
100198255	191476602	1.0
100198255	37329323	1.0
100198255	77477256	1.0
100198255	344084471	1.0
100198255	327886649	1.0
100198255	345422442	1.0
100198255	210406831	1.0
100198255	298726484	1.0
100198255	71403113	1.0
100198255	295658754	1.0
100198255	186328768	1.0
100198255	217901077	1.0
100198255	193746304	1.0
100198255	248712809	1.0
100198255	231161458	1.0
100198255	32900231	1.0
100198255	396174411	1.0
100198255	189614050	1.0
100198255	41325834	1.0
100198255	187610715	1.0
100198255	92655571	1.0
100198255	183978587	1.0
100198255	403282932	1.0
100198255	324855396	1.0
100198255	166331054	1.0
100198255	76831983	1.0
100198255	8831161	1.0
100198255	23110981	1.0
100198255	279697900	1.0
100198255	49711083	1.0
100198255	191282940	1.0
100198255	223965459	1.0
100198255	6480350	1.0
100198255	99469152	1.0
100198255	141842430	1.0
100198255	168878193	1.0
100198255	316674294	1.0
100198255	279807644	1.0
100198255	193446377	1.0
100198255	361218909	1.0
100198255	161635927	1.0
100198255	39492505	1.0
100198255	83618567	1.0
100198255	73719288	1.0
100198255	354899709	1.0
100198255	56104879	1.0
100198255	284796902	1.0
100198255	83056244	1.0
100198255	108697705	1.0
100198255	319550006	1.0
100198255	275913662	1.0
100198255	226096025	1.0
100198255	122798765	1.0
100198255	56904679	1.0
100198255	162636447	1.0
100198255	300373054	1.0
100198255	104692190	1.0
100198255	372559664	1.0
100198255	312046094	1.0
100198255	45571867	1.0
100198255	249744047	1.0
100198255	282255893	1.0
100198255	355411860	1.0
100198255	108980101	1.0
100198255	214697777	1.0
100198255	307767622	1.0
100198255	42049344	1.0
100198255	284320182	1.0
100198255	190375583	1.0
100198255	19036100	1.0
100198255	58630758	1.0
100198255	321708305	1.0
100198255	70350175	1.0
100198255	263768330	1.0
100198255	252602064	1.0
100198255	52040881	1.0
100198255	335986770	1.0
100198255	390635665	1.0
100198255	190792780	1.0
100198255	48384913	1.0
100198255	359431963	1.0
100198255	80212210	1.0
100198255	297918228	1.0
100198255	342497097	1.0
100198255	381863614	1.0
100198255	130337472	1.0
100198255	146205728	1.0
100198255	383109901	1.0
100198255	208539508	1.0
100198255	129089941	1.0
100198255	319437652	1.0
100198255	220616393	1.0
100198255	183502805	1.0
100198255	346887822	1.0
100198255	45054018	1.0
100198255	124385763	1.0
100198255	81553964	1.0
100198255	209277372	1.0
100198255	313353626	1.0
100198255	57225980	1.0
100198255	140952124	1.0
100198255	368805347	1.0
100198255	87189567	1.0
100198255	300057912	1.0
100198255	46996459	1.0
100198255	48814786	1.0
100198255	354458202	1.0
100198255	351483688	1.0
100198255	107352125	1.0
100198255	167290270	1.0
100198255	168656991	1.0
100198255	12519665	1.0
100198255	159928954	1.0
100198255	304603704	1.0
100198255	136607889	1.0
100198255	173751059	1.0
100198255	114619036	1.0
100198255	175877608	1.0
100198255	80418538	1.0
100198255	191587526	1.0
100198255	13388307	1.0
100198255	99529743	1.0
100198255	194581878	1.0
100198255	216189219	1.0
100198255	361527939	1.0
100198255	14742026	1.0
100198255	404443579	1.0
100198255	3998851	1.0
100198255	232834802	1.0
100198255	270559315	1.0
100198255	136478149	1.0
100198255	194310064	1.0
100198255	347941600	1.0
100198255	399506259	1.0
100198255	258182995	1.0
100198255	13820007	1.0
100198255	89019737	1.0
100198255	107531411	1.0
100198255	205508193	1.0
100198255	392444191	1.0
100198255	156149346	1.0
100198255	59313201	1.0
100198255	378286132	1.0
100198255	381349421	1.0
100198255	78063790	1.0
100198255	123634042	1.0
100198255	110998572	1.0
100198255	69510588	1.0
100198255	204721653	1.0
100198255	273057953	1.0
100198255	301776958	1.0
100198255	94329346	1.0
100198255	177672094	1.0
100198255	93257441	1.0
100198255	264333065	1.0
100198255	184651170	1.0
100198255	247490537	1.0
100198255	257224978	1.0
100198255	191686263	1.0
100198255	229562891	1.0
100198255	314357171	1.0
100198255	199414037	1.0
100198255	90110215	1.0
100198255	155127478	1.0
100198255	156344361	1.0
100198255	225682989	1.0
100198255	132967355	1.0
100198255	75711911	1.0
100198255	345590916	1.0
100198255	66884982	1.0
100198255	298697205	1.0
100198255	145495281	1.0
100198255	128050512	1.0
100198255	161000866	1.0
100198255	251117589	1.0
100198255	267599648	1.0
100198255	273992380	1.0
100198255	239577197	1.0
100198255	109073186	1.0
100198255	226411030	1.0
100198255	373007095	1.0
100198255	121613867	1.0
100198255	300795830	1.0
100198255	234470107	1.0
100198255	381090954	1.0
100198255	56009398	1.0
100198255	74166174	1.0
100198255	360419071	1.0
100198255	187037474	1.0
100198255	41070385	1.0
100198255	3432894	1.0
100198255	302875228	1.0
100198255	43988562	1.0
100198255	93781400	1.0
100198255	399371034	1.0
100198255	221629915	1.0
100198255	27507466	1.0
100198255	81426225	1.0
100198255	163611384	1.0
100198255	116924070	1.0
100198255	96189607	1.0
100198255	305004708	1.0
100198255	263261296	1.0
100198255	88110943	1.0
100198255	365908277	1.0
100198255	239796987	1.0
100198255	359710457	1.0
100198255	69121466	1.0
100198255	6904095	1.0
100198255	306487429	1.0
100198255	281438985	1.0
100198255	19958175	1.0
100198255	25861072	1.0
100198255	318304758	1.0
100198255	386347627	1.0
100198255	108062256	1.0
100198255	332022617	1.0
100198255	194049881	1.0
100198255	103894562	1.0
100198255	47382009	1.0
100198255	181757199	1.0
100198255	331834565	1.0
100198255	233742981	1.0
100198255	42115173	1.0
100198255	374309040	1.0
100198255	195121723	1.0
100198255	66972149	1.0
100198255	254267667	1.0
100198255	309362601	1.0
100198255	35121327	1.0
100198255	91018634	1.0
100198255	300348049	1.0
100198255	131483628	1.0
100198255	240584377	1.0
100198255	366229066	1.0
100198255	270682233	1.0
100198255	179268357	1.0
100198255	289853110	1.0
100198255	321523122	1.0
100198255	343860908	1.0
100198255	209099007	1.0
100198255	247416193	1.0
100198255	46153889	1.0
100198255	147226915	1.0
100198255	292017631	1.0
100198255	219970024	1.0
100198255	59915186	1.0
100198255	330683333	1.0
100198255	48654978	1.0
100198255	194289561	1.0
100198255	134182080	1.0
100198255	90761761	1.0
100198255	115931910	1.0
100198255	214217162	1.0
100198255	288249414	1.0
100198255	243863693	1.0
100198255	113101000	1.0
100198255	82331676	1.0
100198255	199930335	1.0
100198255	103971181	1.0
100198255	393516188	1.0
100198255	337969364	1.0
100198255	189825165	1.0
100198255	181076604	1.0
100198255	63776686	1.0
100198255	384994251	1.0
100198255	335914383	1.0
100198255	294851490	1.0
100198255	132668514	1.0
100198255	345038690	1.0
100198255	166344213	1.0
100198255	365638491	1.0
100198255	334857894	1.0
100198255	183084772	1.0
100198255	307850449	1.0
100198255	169882801	1.0
100198255	164065792	1.0
100198255	26658871	1.0
100198255	359969834	1.0
100198255	386577769	1.0
100198255	210477870	1.0
100198255	355129105	1.0
100198255	145920598	1.0
100198255	259077228	1.0
100198255	255988445	1.0
100198255	229762897	1.0
100198255	103164928	1.0
100198255	267993180	1.0
100198255	12919889	1.0
100198255	231171831	1.0
100198255	377927374	1.0
100198255	367405155	1.0
100198255	110018399	1.0
100198255	105617971	1.0
100198255	324660871	1.0
100198255	50114660	1.0
100198255	288344035	1.0
100198255	108698334	1.0
100198255	163564138	1.0
100198255	346099249	1.0
100198255	44789668	1.0
100198255	115717623	1.0
100198255	145183973	1.0
100198255	117924910	1.0
100198255	28104740	1.0
100198255	3314759	1.0
100198255	403420498	1.0
100198255	210192673	1.0
100198255	361024214	1.0
100198255	163917068	1.0
100198255	391221262	1.0
100198255	295813744	1.0
100198255	26496537	1.0
100198255	361681874	1.0
100198255	73818270	1.0
100198255	58671921	1.0
100198255	323955704	1.0
100198255	188172539	1.0
100198255	400797214	1.0
100198255	290054698	1.0
100198255	228180337	1.0
100198255	146139538	1.0
100198255	30555415	1.0
100198255	28322612	1.0
100198255	37006930	1.0
100198255	372981844	1.0
100198255	292937977	1.0
100198255	228974626	1.0
100198255	272874710	1.0
100198255	325798005	1.0
100198255	244646007	1.0
100198255	13937093	1.0
100198255	372131870	1.0
100198255	218711994	1.0
100198255	283319036	1.0
100198255	346363371	1.0
100198255	340370354	1.0
100198255	337817430	1.0
100198255	336756426	1.0
100198255	80998574	1.0
100198255	70738652	1.0
100198255	154501060	1.0
100198255	342784818	1.0
100198255	44557116	1.0
100198255	322281154	1.0
100198255	138930892	1.0
100198255	292009835	1.0
100198255	318922755	1.0
100198255	145491619	1.0
100198255	155644484	1.0
100198255	16507447	1.0
100198255	296318060	1.0
100198255	113640860	1.0
100198255	382668648	1.0
100198255	47227484	1.0
100198255	167307487	1.0
100198255	205857251	1.0
100198255	270910930	1.0
100198255	290481811	1.0
100198255	59592644	1.0
100198255	163370205	1.0
100198255	370133610	1.0
100198255	374506508	1.0
100198255	94261662	1.0
100198255	355693607	1.0
100198255	210290904	1.0
100198255	213782752	1.0
100198255	224625804	1.0
100198255	133092211	1.0
100198255	176743086	1.0
100198255	90369639	1.0
100198255	349922192	1.0
100198255	190988575	1.0
100198255	35668449	1.0
100198255	402191809	1.0
100198255	279690999	1.0
100198255	367020587	1.0
100198255	338639751	1.0
100198255	37751756	1.0
100198255	347172230	1.0
100198255	389794620	1.0
100198255	54165196	1.0
100198255	162011138	1.0
100198255	215949579	1.0
100198255	303225941	1.0
100198255	120536151	1.0
100198255	164904438	1.0
100198255	118065301	1.0
100198255	241222243	1.0
100198255	57568115	1.0
100198255	137251861	1.0
100198255	161523713	1.0
100198255	37614994	1.0
100198255	349083911	1.0
100198255	132429374	1.0
100198255	120595583	1.0
100198255	349665963	1.0
100198255	311869805	1.0
100198255	241728914	1.0
100198255	3197344	1.0
100198255	315536140	1.0
100198255	297380944	1.0
100198255	50136113	1.0
100198255	388989388	1.0
100198255	31774487	1.0
100198255	189057067	1.0
100198255	53824455	1.0
100198255	121897354	1.0
100198255	99880590	1.0
100198255	191890087	1.0
100198255	100386761	1.0
100198255	345143863	1.0
100198255	404276285	1.0
100198255	342393624	1.0
100198255	376047654	1.0
100198255	222217062	1.0
100198255	225308090	1.0
100198255	313139161	1.0
100198255	112469336	1.0
100198255	109399083	1.0
100198255	250031859	1.0
100198255	259524923	1.0
100198255	159086626	1.0
100198255	80124482	1.0
100198255	42091780	1.0
100198255	368291793	1.0
100198255	391369320	1.0
100198255	203072548	1.0
100198255	315710066	1.0
100198255	32118329	1.0
100198255	24321399	1.0
100198255	252978167	1.0
100198255	178811366	1.0
100198255	227161580	1.0
100198255	238321394	1.0
100198255	403318966	1.0
100198255	200248694	1.0
100198255	309102732	1.0
100198255	382785763	1.0
100198255	191165933	1.0
100198255	103854230	1.0
100198255	76861444	1.0
100198255	403279828	1.0
100198255	270615835	1.0
100198255	383129665	1.0
100198255	131508005	1.0
100198255	45823124	1.0
100198255	199212065	1.0
100198255	344592340	1.0
100198255	245319071	1.0
100198255	374508569	1.0
100198255	271937455	1.0
100198255	15432552	1.0
100198255	231983900	1.0
100198255	120280431	1.0
100198255	306097351	1.0
100198255	279217493	1.0
100198255	127878239	1.0
100198255	257248484	1.0
100198255	245806084	1.0
100198255	228285118	1.0
100198255	344569679	1.0
100198255	36863082	1.0
100198255	35871942	1.0
100198255	23290404	1.0
100198255	296437150	1.0
100198255	241721142	1.0
100198255	229611911	1.0
100198255	186086548	1.0
100198255	207387520	1.0
100198255	323982463	1.0
100198255	337008091	1.0
100198255	178748915	1.0
100198255	103716232	1.0
100198255	153527070	1.0
100198255	157362689	1.0
100198255	387033202	1.0
100198255	8109109	1.0
100198255	22929014	1.0
100198255	13308448	1.0
100198255	331109331	1.0
100198255	149136725	1.0
100198255	270537563	1.0
100198255	325240705	1.0
100198255	209198035	1.0
100198255	236548804	1.0
100198255	118567689	1.0
100198255	231373617	1.0
100198255	227630696	1.0
100198255	195267194	1.0
100198255	103747433	1.0
100198255	63282209	1.0
100198255	67889848	1.0
100198255	2335865	1.0
100198255	199213292	1.0
100198255	331503176	1.0
100198255	208302927	1.0
100198255	215631200	1.0
100198255	85162894	1.0
100198255	121332083	1.0
100198255	313300949	1.0
100198255	58672089	1.0
100198255	72409254	1.0
100198255	307994011	1.0
100198255	370539057	1.0
100198255	383215414	1.0
100198255	252949790	1.0
100198255	319856509	1.0
100198255	127497695	1.0
100198255	279865953	1.0
100198255	240236949	1.0
100198255	245229122	1.0
100198255	108385699	1.0
100198255	8894017	1.0
100198255	376998164	1.0
100198255	194429767	1.0
100198255	80708382	1.0
100198255	175712893	1.0
100198255	282581327	1.0
100198255	137416213	1.0
100198255	327759564	1.0
100198255	301052179	1.0
100198255	110623998	1.0
100198255	164409247	1.0
100198255	25333287	1.0
100198255	226755016	1.0
100198255	21247519	1.0
100198255	351547731	1.0
100198255	38889038	1.0
100198255	274592124	1.0
100198255	351822293	1.0
100198255	29089434	1.0
100198255	60714032	1.0
100198255	235910533	1.0
100198255	128624054	1.0
100198255	250216033	1.0
100198255	8342896	1.0
100198255	264795995	1.0
100198255	77896713	1.0
100198255	193859833	1.0
100198255	116706900	1.0
100198255	373387418	1.0
100198255	307177359	1.0
100198255	74054046	1.0
100198255	55436322	1.0
100198255	352890012	1.0
100198255	98739235	1.0
100198255	194616982	1.0
100198255	177417259	1.0
100198255	217643649	1.0
100198255	126476842	1.0
100198255	171178942	1.0
100198255	324317454	1.0
100198255	358812317	1.0
100198255	109408353	1.0
100198255	144533620	1.0
100198255	45934081	1.0
100198255	266619493	1.0
100198255	56751615	1.0
100198255	283197874	1.0
100198255	392130307	1.0
100198255	212300849	1.0
100198255	135104647	1.0
100198255	264581087	1.0
100198255	226783825	1.0
100198255	271529748	1.0
100198255	344590589	1.0
100198255	214267165	1.0
100198255	87207205	1.0
100198255	319027890	1.0
100198255	232077163	1.0
100198255	347803438	1.0
100198255	280933100	1.0
100198255	70791374	1.0
100198255	285581304	1.0
100198255	3706773	1.0
100198255	346524406	1.0
100198255	21067028	1.0
100198255	96542343	1.0
100198255	20079381	1.0
100198255	365016361	1.0
100198255	307062113	1.0
100198255	11560005	1.0
100198255	354941303	1.0
100198255	184367010	1.0
100198255	298345793	1.0
100198255	327130449	1.0
100198255	127224908	1.0
100198255	183221768	1.0
100198255	196086543	1.0
100198255	333244245	1.0
100198255	369154458	1.0
100198255	48084222	1.0
100198255	269748882	1.0
100198255	277922302	1.0
