100198255,231373617
100198255,102876204
100198255,329213556
100198255,346887822
100198255,239796987
100198255,330236602
100198255,66903742
100198255,234237282
100198255,56501180
100198255,232129608
100198255,141781858
100198255,260818603
100198255,281870551
100198255,212743365
100198255,17263148
100198255,356079980
100198255,115067778
100198255,7901694
100198255,60195704
100198255,202562748
100198255,275221686
100198255,53616768
100198255,220586551
100198255,141312432
100076491,28462638
100076491,174106853
100076491,212321701
100076491,330236602
100076491,66903742
100076491,234237282
100076491,56501180
100076491,232129608
100076491,141781858
100076491,260818603
100076491,281870551
100076491,212743365
100076491,17263148
100076491,356079980
100076491,115067778
100076491,7901694
100076491,60195704
100076491,202562748
100076491,275221686
100076491,53616768
100076491,220586551
100076491,141312432
100087810,330236602
100087810,66903742
100087810,234237282
100087810,56501180
100087810,232129608
100087810,141781858
100087810,260818603
100087810,281870551
100087810,212743365
100087810,17263148
100087810,356079980
100087810,115067778
100087810,7901694
100087810,60195704
100087810,202562748
100087810,275221686
100087810,53616768
100087810,220586551
100087810,141312432
100087810,231373617
100087810,102876204
100087810,329213556
100087810,346887822
100087810,239796987
100029775,287413918
100029775,222229697
100029775,238681741
100029775,216532638
100029775,326201591
100029775,330236602
100029775,66903742
100029775,234237282
100029775,56501180
100029775,232129608
100029775,141781858
100029775,260818603
100029775,281870551
100029775,212743365
100029775,17263148
100029775,356079980
100029775,115067778
100029775,7901694
100029775,60195704
100029775,202562748
100029775,275221686
100029775,53616768
100029775,220586551
100029775,141312432
10001082,275221686
10001082,53616768
10001082,220586551
10001082,141312432
10001082,330236602
10001082,66903742
10001082,234237282
10001082,56501180
10001082,232129608
10001082,141781858
10001082,260818603
10001082,281870551
10001082,212743365
10001082,17263148
10001082,356079980
10001082,115067778
10001082,7901694
10001082,60195704
10001082,202562748
10001082,231373617
10001082,102876204
10001082,329213556
10001082,346887822
10001082,239796987
100135783,287996188
100135783,110117185
100135783,240901487
100135783,200779942
100135783,270445722
100135783,330236602
100135783,66903742
100135783,234237282
100135783,56501180
100135783,232129608
100135783,141781858
100135783,260818603
100135783,281870551
100135783,212743365
100135783,17263148
100135783,356079980
100135783,115067778
100135783,7901694
100135783,60195704
100135783,202562748
100135783,275221686
100135783,53616768
100135783,220586551
100135783,141312432
10009860,202026462
10009860,117349602
10009860,48881781
10009860,46208042
10009860,330236602
10009860,66903742
10009860,234237282
10009860,56501180
10009860,232129608
10009860,141781858
10009860,260818603
10009860,281870551
10009860,212743365
10009860,17263148
10009860,356079980
10009860,115067778
10009860,7901694
10009860,60195704
10009860,202562748
10009860,275221686
10009860,53616768
10009860,220586551
10009860,141312432
10011993,243558795
10011993,292376176
10011993,376967652
10011993,245242187
10011993,400063056
10011993,330236602
10011993,66903742
10011993,234237282
10011993,56501180
10011993,232129608
10011993,141781858
10011993,260818603
10011993,281870551
10011993,212743365
10011993,17263148
10011993,356079980
10011993,115067778
10011993,7901694
10011993,60195704
10011993,202562748
10011993,275221686
10011993,53616768
10011993,220586551
10011993,141312432
100068031,254127882
100068031,217620949
100068031,250636264
100068031,97781635
100068031,36925766
100068031,330236602
100068031,66903742
100068031,234237282
100068031,56501180
100068031,232129608
100068031,141781858
100068031,260818603
100068031,281870551
100068031,212743365
100068031,17263148
100068031,356079980
100068031,115067778
100068031,7901694
100068031,60195704
100068031,202562748
100068031,275221686
100068031,53616768
100068031,220586551
100068031,141312432
100097524,380182790
100097524,346135736
100097524,302082170
100097524,71030383
100097524,54476232
100097524,330236602
100097524,66903742
100097524,234237282
100097524,56501180
100097524,232129608
100097524,141781858
100097524,260818603
100097524,281870551
100097524,212743365
100097524,17263148
100097524,356079980
100097524,115067778
100097524,7901694
100097524,60195704
100097524,202562748
100097524,275221686
100097524,53616768
100097524,220586551
100097524,141312432
100167622,356079980
100167622,115067778
100167622,7901694
100167622,60195704
100167622,202562748
100167622,330236602
100167622,66903742
100167622,234237282
100167622,56501180
100167622,232129608
100167622,141781858
100167622,260818603
100167622,281870551
100167622,212743365
100167622,17263148
100167622,275221686
100167622,53616768
100167622,220586551
100167622,141312432
100167622,231373617
100167622,102876204
100167622,329213556
100167622,346887822
100167622,239796987
100112527,141781858
100112527,260818603
100112527,281870551
100112527,212743365
100112527,17263148
100112527,330236602
100112527,66903742
100112527,234237282
100112527,56501180
100112527,232129608
100112527,356079980
100112527,115067778
100112527,7901694
100112527,60195704
100112527,202562748
100112527,275221686
100112527,53616768
100112527,220586551
100112527,141312432
100112527,231373617
100112527,102876204
100112527,329213556
100112527,346887822
100112527,239796987
100121281,242224586
100121281,37099853
100121281,28145579
100121281,6375163
100121281,287298326
100121281,330236602
100121281,66903742
100121281,234237282
100121281,56501180
100121281,232129608
100121281,141781858
100121281,260818603
100121281,281870551
100121281,212743365
100121281,17263148
100121281,356079980
100121281,115067778
100121281,7901694
100121281,60195704
100121281,202562748
100121281,275221686
100121281,53616768
100121281,220586551
100121281,141312432
