100198255	100198255	1.0
100198255	100087810	0.008906034236126015
100198255	100112527	0.007910184802651482
100198255	100167622	0.007699427355698075
100198255	10001082	0.00738012441974456
100198255	100135783	0.006617405757146983
100198255	10009860	0.006584975087853389
100198255	100068031	0.006197122732804115
100198255	100029775	0.00608222243667468
100198255	100076491	0.005746649191980576
100198255	100097524	0.00557244389975114
100198255	100121281	0.005119079340479438
100198255	10011993	0.0034787518731879343
100076491	100076491	1.0
100076491	100087810	0.00678724286996815
100076491	100112527	0.006315000852302902
100076491	100167622	0.006205882344838275
100076491	10001082	0.006035676492566511
100076491	100198255	0.005746649191980576
100076491	100135783	0.005597054108494654
100076491	10009860	0.005577409710115107
100076491	100068031	0.005336023485370546
100076491	100029775	0.005262205479694384
100076491	100097524	0.004920831098951846
100076491	100121281	0.004600694270307437
100076491	10011993	0.0033024058338384362
100087810	100087810	1.0
100087810	100112527	0.011639855577946332
100087810	100167622	0.010995725959584058
100087810	10001082	0.010118756067631391
100087810	100198255	0.008906034236126015
100087810	100135783	0.008376264111719796
100087810	10009860	0.008310667301469836
100087810	100068031	0.007567883961066413
100087810	100029775	0.007361164969933487
100087810	100076491	0.00678724286996815
100087810	100097524	0.006502758616049559
100087810	100121281	0.005812372751837276
100087810	10011993	0.003674029094200379
100029775	100029775	1.0
100029775	100087810	0.007361164969933487
100029775	100112527	0.006769057851093752
100029775	100167622	0.006635125100729513
100029775	10001082	0.006428226490947319
100029775	100198255	0.00608222243667468
100029775	100135783	0.005905626913635445
100029775	10009860	0.005882557697900587
100029775	100068031	0.0056012907446229545
100029775	100076491	0.005262205479694384
100029775	100097524	0.005126985531219552
100029775	100121281	0.0047673388818710765
100029775	10011993	0.0033625884598999438
10001082	10001082	1.0
10001082	100087810	0.010118756067631391
10001082	100112527	0.00872967892009314
10001082	100167622	0.008440713185354541
10001082	100198255	0.00738012441974456
10001082	100135783	0.0070705617623109725
10001082	10009860	0.007031025270806793
10001082	100068031	0.006564377410645607
10001082	100029775	0.006428226490947319
10001082	100076491	0.006035676492566511
10001082	100097524	0.005833123497886789
10001082	100121281	0.0053193002439499235
10001082	10011993	0.003539761805369391
100135783	100135783	1.0
100135783	100087810	0.008376264111719796
100135783	100112527	0.007532324166819499
100135783	100167622	0.007348939583595249
100135783	10001082	0.0070705617623109725
100135783	100198255	0.006617405757146983
100135783	10009860	0.006362416704983576
100135783	100068031	0.006010615688533037
100135783	100029775	0.005905626913635445
100135783	100076491	0.005597054108494654
100135783	100097524	0.005434782608695652
100135783	100121281	0.00501191438113377
100135783	10011993	0.0034448044520224612
10009860	10009860	1.0
10009860	100087810	0.008310667301469836
10009860	100112527	0.0074845567667486375
10009860	100167622	0.007304564600477389
10009860	10001082	0.007031025270806793
10009860	100198255	0.006584975087853389
10009860	100135783	0.006362416704983576
10009860	100068031	0.005986296680479582
10009860	100029775	0.005882557697900587
10009860	100076491	0.005577409710115107
10009860	100097524	0.005416475682744408
10009860	100121281	0.004997802958911182
10009860	10011993	0.003440382863050334
10011993	10011993	1.0
10011993	100087810	0.003674029094200379
10011993	100112527	0.0035934842810794853
10011993	100167622	0.0035730755309462854
10011993	10001082	0.003539761805369391
10011993	100198255	0.0034787518731879343
10011993	100135783	0.0034448044520224612
10011993	10009860	0.003440382863050334
10011993	100068031	0.0033813420345831877
10011993	100029775	0.0033625884598999438
10011993	100076491	0.0033024058338384362
10011993	100097524	0.003268254014319828
10011993	100121281	0.003169224780863636
100068031	100068031	1.0
100068031	100087810	0.007567883961066413
100068031	100112527	0.006930658861822262
100068031	100167622	0.0067851975820718705
100068031	10001082	0.006564377410645607
100068031	100198255	0.006197122732804115
100068031	100135783	0.006010615688533037
100068031	10009860	0.005986296680479582
100068031	100029775	0.0056012907446229545
100068031	100076491	0.005336023485370546
100068031	100097524	0.005195457068376556
100068031	100121281	0.0048219927886313735
100068031	10011993	0.0033813420345831877
100097524	100097524	1.0
100097524	100087810	0.006502758616049559
100097524	100112527	0.006084034280859485
100097524	100167622	0.005986296680479582
100097524	10001082	0.005833123497886789
100097524	100198255	0.00557244389975114
100097524	100135783	0.005434782608695652
100097524	10009860	0.005416475682744408
100097524	100068031	0.005195457068376556
100097524	100029775	0.005126985531219552
100097524	100076491	0.004920831098951846
100097524	100121281	0.00450947059185473
100097524	10011993	0.003268254014319828
100167622	100167622	1.0
100167622	100087810	0.010995725959584058
100167622	100112527	0.009262867003843649
100167622	10001082	0.008440713185354541
100167622	100198255	0.007699427355698075
100167622	100135783	0.007348939583595249
100167622	10009860	0.007304564600477389
100167622	100068031	0.0067851975820718705
100167622	100029775	0.006635125100729513
100167622	100076491	0.006205882344838275
100167622	100097524	0.005986296680479582
100167622	100121281	0.0054346212122809955
100167622	10011993	0.0035730755309462854
100112527	100112527	1.0
100112527	100087810	0.011639855577946332
100112527	100167622	0.009262867003843649
100112527	10001082	0.00872967892009314
100112527	100198255	0.007910184802651482
100112527	100135783	0.007532324166819499
100112527	10009860	0.0074845567667486375
100112527	100068031	0.006930658861822262
100112527	100029775	0.006769057851093752
100112527	100076491	0.006315000852302902
100112527	100097524	0.006084034280859485
100112527	100121281	0.005507393869819857
100112527	10011993	0.0035934842810794853
100121281	100121281	1.0
100121281	100087810	0.005812372751837276
100121281	100112527	0.005507393869819857
100121281	100167622	0.0054346212122809955
100121281	10001082	0.0053193002439499235
100121281	100198255	0.005119079340479438
100121281	100135783	0.00501191438113377
100121281	10009860	0.004997802958911182
100121281	100068031	0.0048219927886313735
100121281	100029775	0.0047673388818710765
100121281	100076491	0.004600694270307437
100121281	100097524	0.00450947059185473
100121281	10011993	0.003169224780863636
