100198255	283342639	0	null	5399	2014-12-11 09	1
100198255	134916576	0	null	2953	2014-12-13 18	1
100198255	239173074	0	null	4370	2014-11-20 11	2
100198255	239173074	0	null	4370	2014-11-20 11	2
100198255	321652731	0	null	10392	2014-12-08 08	1
100198255	24112202	0	null	13230	2014-12-01 23	1
100198255	332837966	0	null	10520	2014-12-06 22	1
100198255	277509472	0	null	5894	2014-12-10 12	1
100198255	182387038	0	null	1083	2014-11-28 00	2
100198255	182387038	0	null	1083	2014-11-23 04	2
100198255	343400104	0	null	9251	2014-11-21 00	1
100198255	244115453	0	null	13754	2014-12-02 14	1
100198255	309758058	0	null	10894	2014-11-29 02	1
100198255	297858024	0	null	13230	2014-12-11 16	1
100198255	150697113	0	null	10894	2014-12-01 17	1
100198255	331609025	0	null	3673	2014-11-22 09	1
100198255	376805259	0	null	5395	2014-11-18 05	1
100198255	60324526	0	null	6344	2014-11-20 09	1
100198255	226939095	0	null	6513	2014-12-06 10	1
100198255	274815255	0	null	493	2014-12-07 08	1
100198255	314897532	0	null	4602	2014-12-01 21	1
100198255	290486624	0	null	2953	2014-11-30 08	1
100198255	22078496	0	null	5894	2014-12-01 04	1
100198255	305434303	0	null	1863	2014-12-18 10	1
100198255	311162851	0	null	5395	2014-12-02 06	1
100198255	91116826	0	null	5653	2014-11-22 05	1
100198255	150375274	0	null	5395	2014-11-30 08	1
100198255	95191630	0	null	2953	2014-11-18 05	1
100198255	399929581	0	null	2825	2014-11-20 10	1
100198255	191476602	0	null	6513	2014-12-06 21	1
100198255	37329323	0	null	9807	2014-12-07 03	1
100198255	77477256	0	null	6689	2014-12-02 00	1
100198255	344084471	0	null	4370	2014-12-07 04	1
100198255	327886649	0	null	14079	2014-12-06 21	1
100198255	345422442	0	null	1863	2014-12-10 07	1
100198255	210406831	0	null	11279	2014-12-02 15	1
100198255	298726484	0	null	6513	2014-11-21 06	1
100198255	71403113	0	null	5027	2014-11-30 00	1
100198255	295658754	0	null	3760	2014-12-10 12	1
100198255	186328768	0	null	4254	2014-12-03 04	1
100198255	6160499	0	null	1337	2014-11-20 11	2
100198255	6160499	0	null	1337	2014-11-19 23	2
100198255	217901077	0	null	11279	2014-11-29 01	1
100198255	193746304	0	null	13230	2014-12-03 16	1
100198255	248712809	0	null	5894	2014-11-30 00	1
100198255	231161458	0	null	9261	2014-11-19 16	1
100198255	32900231	0	null	5894	2014-12-09 00	1
100198255	396174411	0	null	4640	2014-11-29 05	1
100198255	189614050	0	null	13230	2014-11-22 12	1
100198255	41325834	0	null	10894	2014-11-24 08	1
100198255	388465906	0	null	5395	2014-12-01 14	2
100198255	388465906	0	null	5395	2014-12-02 07	2
100198255	187610715	0	null	13230	2014-11-25 09	1
100198255	92655571	0	null	5027	2014-11-18 09	1
100198255	183978587	0	null	5395	2014-12-04 01	1
100198255	403282932	0	null	5894	2014-11-22 04	1
100198255	324855396	0	null	5395	2014-12-02 13	1
100198255	166331054	0	null	5894	2014-11-28 15	1
100198255	76831983	0	null	5395	2014-11-27 01	1
100198255	8831161	0	null	10894	2014-12-04 01	1
100198255	23110981	0	null	3940	2014-11-21 00	1
100198255	279697900	0	null	5027	2014-12-01 23	1
100198255	49711083	0	null	5395	2014-11-19 23	1
100198255	191282940	0	null	8744	2014-11-22 12	1
100198255	223965459	0	null	2953	2014-11-30 08	1
100198255	6480350	0	null	13230	2014-11-22 05	1
100198255	99469152	0	null	2825	2014-12-13 13	1
100198255	141842430	0	null	10961	2014-12-13 12	1
100198255	168878193	0	null	782	2014-12-06 17	1
100198255	22843062	0	null	7590	2014-11-28 00	2
100198255	22843062	0	null	7590	2014-11-28 00	2
100198255	316674294	0	null	10894	2014-11-28 00	1
100198255	279807644	0	null	5395	2014-11-30 08	1
100198255	193446377	0	null	6000	2014-12-01 04	1
100198255	361218909	0	null	5399	2014-12-01 04	1
100198255	161635927	0	null	5399	2014-11-30 09	1
100198255	138488006	0	null	1863	2014-12-13 11	2
100198255	138488006	0	null	1863	2014-12-13 11	2
100198255	39492505	0	null	7344	2014-11-28 04	1
100198255	225264649	0	null	4370	2014-11-22 05	2
100198255	225264649	0	null	4370	2014-11-22 07	2
100198255	83618567	0	null	1863	2014-12-09 00	1
100198255	73719288	0	null	6513	2014-12-01 04	1
100198255	354899709	0	null	5689	2014-11-28 16	1
100198255	216857668	0	null	5894	2014-11-22 19	2
100198255	216857668	0	null	5894	2014-11-22 19	2
100198255	56104879	0	null	8877	2014-12-15 01	1
100198255	284796902	0	null	5399	2014-12-01 04	1
100198255	83056244	0	null	5395	2014-11-19 22	1
100198255	108697705	0	null	2261	2014-12-16 18	1
100198255	319550006	0	null	2825	2014-11-22 05	1
100198255	275913662	0	null	6513	2014-12-06 21	1
100198255	38989421	0	null	11824	2014-11-27 18	2
100198255	38989421	0	null	11824	2014-11-27 18	2
100198255	226096025	0	null	5894	2014-11-30 13	1
100198255	122798765	0	null	5399	2014-11-23 02	1
100198255	56904679	0	null	5395	2014-11-20 01	1
100198255	162636447	0	null	12230	2014-11-28 04	1
100198255	300373054	0	null	5027	2014-11-30 06	1
100198255	104692190	0	null	5395	2014-11-30 08	1
100198255	372559664	0	null	5399	2014-12-01 04	1
100198255	312046094	0	null	10392	2014-12-16 19	1
100198255	45571867	0	null	12488	2014-12-05 03	1
100198255	249744047	0	null	5027	2014-11-18 09	1
100198255	282255893	0	null	5395	2014-11-30 08	1
100198255	355411860	0	null	6513	2014-11-30 00	1
100198255	120021816	0	null	5399	2014-11-30 05	2
100198255	120021816	0	null	5399	2014-12-01 21	2
100198255	108980101	0	null	4370	2014-12-06 14	1
100198255	214697777	0	null	4676	2014-11-29 02	1
100198255	307767622	0	null	5689	2014-11-23 03	1
100198255	42049344	0	null	3940	2014-11-21 00	1
100198255	284320182	0	null	10533	2014-11-30 13	1
100198255	190375583	0	null	13230	2014-12-07 03	1
100198255	42832317	0	null	13152	2014-12-06 22	2
100198255	42832317	0	null	13152	2014-12-08 17	2
100198255	19036100	0	null	5399	2014-12-08 00	1
100198255	58630758	0	null	5399	2014-11-27 08	1
100198255	321708305	0	null	6513	2014-12-13 20	1
100198255	70350175	0	null	11537	2014-12-06 19	1
100198255	263768330	0	null	8291	2014-11-28 04	1
100198255	252602064	0	null	4370	2014-11-30 14	1
100198255	52040881	0	null	6513	2014-11-18 05	1
100198255	83657705	0	null	10392	2014-12-07 03	2
100198255	83657705	0	null	10392	2014-12-07 03	2
100198255	335986770	0	null	13230	2014-11-27 20	1
100198255	390635665	0	null	5395	2014-11-30 08	1
100198255	62998729	0	null	9174	2014-12-02 14	2
100198255	62998729	0	null	9174	2014-12-12 17	2
100198255	357770362	0	null	13230	2014-11-25 20	2
100198255	357770362	0	null	13230	2014-11-25 20	2
100198255	190792780	0	null	6513	2014-11-30 05	1
100198255	48384913	0	null	10392	2014-11-29 01	1
100198255	359431963	0	null	5399	2014-11-28 16	1
100198255	80212210	0	null	6513	2014-11-20 14	1
100198255	297918228	0	null	8877	2014-12-01 04	1
100198255	342497097	0	null	5503	2014-11-30 00	1
100198255	381863614	0	null	6669	2014-11-28 12	1
100198255	130337472	0	null	13230	2014-11-23 03	1
100198255	146205728	0	null	9444	2014-12-07 11	1
100198255	383109901	0	null	2953	2014-11-30 08	1
100198255	208539508	0	null	10894	2014-11-27 01	1
100198255	129089941	0	null	1863	2014-12-06 22	1
100198255	301343111	0	null	10392	2014-11-22 02	2
100198255	301343111	0	null	10392	2014-11-22 02	2
100198255	319437652	0	null	5027	2014-12-01 04	1
100198255	220616393	0	null	9835	2014-11-28 18	1
100198255	183502805	0	null	6513	2014-12-06 10	1
100198255	346887822	0	null	5395	2014-11-28 03	1
100198255	45054018	0	null	11774	2014-12-01 04	1
100198255	124385763	0	null	5027	2014-12-03 03	1
100198255	81553964	0	null	5027	2014-12-02 15	1
100198255	209277372	0	null	7590	2014-12-18 08	1
100198255	313353626	0	null	5399	2014-12-15 06	1
100198255	57225980	0	null	4370	2014-11-30 06	1
100198255	140952124	0	null	10533	2014-11-22 05	1
100198255	368805347	0	null	13230	2014-11-18 05	1
100198255	87189567	0	null	13230	2014-12-08 20	1
100198255	129726484	0	null	6513	2014-12-06 10	2
100198255	129726484	0	null	6513	2014-12-06 10	2
100198255	80110520	0	null	10894	2014-11-22 04	4
100198255	80110520	0	null	10894	2014-11-22 10	4
100198255	80110520	0	null	10894	2014-11-28 00	4
100198255	80110520	0	null	10894	2014-11-18 05	4
100198255	300057912	0	null	5653	2014-11-22 05	1
100198255	46996459	0	null	2825	2014-11-23 04	1
100198255	48814786	0	null	10523	2014-11-20 11	1
100198255	354458202	0	null	10961	2014-12-06 13	1
100198255	351483688	0	null	9598	2014-12-07 15	1
100198255	306687394	0	null	5894	2014-11-22 15	1
100198255	107352125	0	null	13326	2014-11-23 18	1
100198255	167290270	0	null	7590	2014-12-16 02	1
100198255	168656991	0	null	14079	2014-12-07 03	1
100198255	12519665	0	null	3678	2014-11-30 06	1
100198255	159928954	0	null	6669	2014-12-04 13	1
100198255	304603704	0	null	5027	2014-11-29 05	1
100198255	136607889	0	null	4370	2014-11-30 05	1
100198255	173751059	0	null	6344	2014-11-27 23	1
100198255	114619036	0	null	5399	2014-12-10 12	1
100198255	175877608	0	null	10894	2014-12-10 03	1
100198255	80418538	0	null	13230	2014-12-10 12	1
100198255	191587526	0	null	9503	2014-11-29 01	1
100198255	13388307	0	null	5395	2014-11-29 05	1
100198255	99529743	0	null	4676	2014-12-06 20	1
100198255	194581878	0	null	9230	2014-12-07 04	1
100198255	216189219	0	null	1863	2014-12-01 04	1
100198255	243190329	0	null	3783	2014-11-29 00	2
100198255	243190329	0	null	3783	2014-11-29 00	2
100198255	361527939	0	null	2490	2014-12-04 12	1
100198255	14742026	0	null	5027	2014-12-12 15	1
100198255	404443579	0	null	1650	2014-11-22 17	1
100198255	3998851	0	null	5027	2014-11-30 05	1
100198255	232834802	0	null	5399	2014-12-08 00	1
100198255	270559315	0	null	2953	2014-11-18 05	1
100198255	136478149	0	null	5894	2014-12-01 04	1
100198255	194310064	0	null	437	2014-11-22 04	1
100198255	347941600	0	null	5395	2014-11-30 08	1
100198255	399506259	0	null	6513	2014-12-11 08	1
100198255	44108808	0	null	4676	2014-11-20 00	2
100198255	44108808	0	null	4676	2014-11-20 00	2
100198255	258182995	0	null	6751	2014-11-23 09	1
100198255	13820007	0	null	13230	2014-11-30 05	1
100198255	89019737	0	null	5027	2014-12-07 03	1
100198255	57279703	0	null	11279	2014-12-13 09	2
100198255	57279703	0	null	11279	2014-12-13 09	2
100198255	107531411	0	null	6513	2014-12-03 04	1
100198255	205508193	0	null	13230	2014-11-22 19	1
100198255	392444191	0	null	9541	2014-11-28 04	1
100198255	358383147	0	null	13230	2014-11-30 08	2
100198255	358383147	0	null	13230	2014-12-01 20	2
100198255	156149346	0	null	5232	2014-11-23 03	1
100198255	59313201	0	null	5749	2014-11-21 19	1
100198255	386660546	0	null	5689	2014-11-27 21	2
100198255	386660546	0	null	5689	2014-11-28 18	2
100198255	378286132	0	null	5399	2014-12-06 13	1
100198255	381349421	0	null	6669	2014-12-06 22	1
100198255	78063790	0	null	5027	2014-11-30 06	1
100198255	123634042	0	null	5395	2014-11-30 08	1
100198255	110998572	0	null	280	2014-12-08 17	1
100198255	69510588	0	null	4254	2014-12-07 00	1
100198255	204721653	0	null	5894	2014-11-30 14	1
100198255	273057953	0	null	5395	2014-11-19 20	1
100198255	301776958	0	null	10049	2014-11-19 20	1
100198255	94329346	0	null	13230	2014-11-19 20	1
100198255	177672094	0	null	4190	2014-12-01 21	1
100198255	93257441	0	null	2953	2014-12-13 21	1
100198255	383931432	0	null	12239	2014-12-14 09	2
100198255	383931432	0	null	12239	2014-12-14 09	2
100198255	264333065	0	null	1863	2014-12-07 00	1
100198255	184651170	0	null	5894	2014-11-20 10	1
100198255	247490537	0	null	3472	2014-11-24 08	1
100198255	257224978	0	null	11078	2014-12-01 21	1
100198255	191686263	0	null	2953	2014-11-28 15	1
100198255	229562891	0	null	13230	2014-11-24 08	1
100198255	314357171	0	null	2953	2014-11-29 05	1
100198255	199414037	0	null	13230	2014-11-22 05	1
100198255	90110215	0	null	6513	2014-12-03 03	1
100198255	155127478	0	null	11279	2014-12-06 22	1
100198255	156344361	0	null	5894	2014-11-20 10	1
100198255	318906786	0	null	10258	2014-12-08 17	2
100198255	318906786	0	null	10258	2014-12-07 22	2
100198255	225682989	0	null	446	2014-12-03 01	1
100198255	132967355	0	null	13230	2014-12-17 16	1
100198255	148917365	0	null	5399	2014-11-30 00	2
100198255	148917365	0	null	5399	2014-11-30 00	2
100198255	75711911	0	null	4370	2014-11-30 09	1
100198255	345590916	0	null	7948	2014-12-07 15	1
100198255	147229140	0	null	5689	2014-11-22 04	2
100198255	147229140	0	null	5689	2014-11-22 04	2
100198255	66884982	0	null	11038	2014-11-22 12	1
100198255	298697205	0	null	5967	2014-11-23 09	1
100198255	145495281	0	null	6513	2014-11-24 15	1
100198255	128050512	0	null	5894	2014-11-22 04	1
100198255	161000866	0	null	5689	2014-12-05 15	1
100198255	251117589	0	null	5894	2014-12-06 10	1
100198255	267599648	0	null	5894	2014-12-04 07	1
100198255	200071235	0	null	5503	2014-12-01 04	2
100198255	200071235	0	null	5503	2014-12-01 04	2
100198255	273992380	0	null	11824	2014-12-07 00	1
100198255	239577197	0	null	1640	2014-11-30 05	1
100198255	109073186	0	null	5395	2014-12-03 04	1
100198255	226411030	0	null	6513	2014-12-02 06	1
100198255	373007095	0	null	5399	2014-12-01 23	1
100198255	121613867	0	null	9541	2014-11-29 16	1
100198255	328269169	0	null	5395	2014-11-20 01	1
100198255	212890150	0	null	8877	2014-12-06 14	2
100198255	212890150	0	null	8877	2014-12-06 14	2
100198255	300795830	0	null	451	2014-11-30 13	1
100198255	234470107	0	null	11279	2014-11-18 09	1
100198255	381090954	0	null	10049	2014-12-05 15	1
100198255	56009398	0	null	2953	2014-12-07 03	1
100198255	159215237	0	null	5027	2014-11-18 09	2
100198255	159215237	0	null	5027	2014-11-18 09	2
100198255	74166174	0	null	1121	2014-12-05 15	1
100198255	360419071	0	null	9261	2014-12-10 12	1
100198255	187037474	0	null	10392	2014-12-01 04	1
100198255	41070385	0	null	3940	2014-11-21 00	1
100198255	3432894	0	null	6689	2014-11-24 15	1
100198255	299477008	0	null	6513	2014-11-22 04	2
100198255	299477008	0	null	6513	2014-11-20 10	2
100198255	302875228	0	null	6513	2014-12-08 15	1
100198255	43988562	0	null	5503	2014-12-02 06	1
100198255	93781400	0	null	5027	2014-11-30 13	1
100198255	399371034	0	null	13230	2014-12-03 04	1
100198255	221629915	0	null	6513	2014-11-20 14	1
100198255	27507466	0	null	5894	2014-12-17 16	1
100198255	81426225	0	null	1838	2014-12-07 00	1
100198255	163611384	0	null	10533	2014-12-01 23	1
100198255	116924070	0	null	5689	2014-11-23 04	1
100198255	239993785	0	null	13230	2014-12-01 04	2
100198255	239993785	0	null	13230	2014-12-01 04	2
100198255	96189607	0	null	1838	2014-11-30 06	1
100198255	305004708	0	null	5395	2014-11-30 08	1
100198255	263261296	0	null	5689	2014-12-05 15	1
100198255	213039294	0	null	5894	2014-12-04 07	2
100198255	213039294	0	null	5894	2014-12-04 07	2
100198255	88110943	0	null	1838	2014-11-29 05	1
100198255	365908277	0	null	4676	2014-11-20 00	1
100198255	239796987	0	null	10392	2014-12-07 15	1
100198255	359710457	0	null	12488	2014-12-13 01	1
100198255	69121466	0	null	11622	2014-12-06 15	1
100198255	6904095	0	null	12488	2014-11-18 05	1
100198255	306487429	0	null	13230	2014-12-03 06	1
100198255	281438985	0	null	5894	2014-12-04 07	1
100198255	19958175	0	null	10481	2014-12-01 04	1
100198255	25861072	0	null	5232	2014-12-07 09	1
100198255	318304758	0	null	5395	2014-11-18 05	1
100198255	64915297	0	null	1723	2014-12-07 11	3
100198255	64915297	0	null	1723	2014-12-06 19	3
100198255	64915297	0	null	1723	2014-12-07 16	3
100198255	386347627	0	null	5653	2014-11-28 14	1
100198255	108062256	0	null	5395	2014-12-08 20	1
100198255	332022617	0	null	14079	2014-12-06 21	1
100198255	194049881	0	null	5395	2014-11-19 23	1
100198255	103894562	0	null	5027	2014-11-30 00	1
100198255	47382009	0	null	10392	2014-12-05 08	1
100198255	181757199	0	null	9516	2014-11-29 05	1
100198255	331834565	0	null	13230	2014-11-20 11	1
100198255	233742981	0	null	2953	2014-11-27 12	1
100198255	42115173	0	null	14079	2014-11-22 15	1
100198255	374309040	0	null	1121	2014-11-28 04	1
100198255	73298973	0	null	11311	2014-12-06 22	2
100198255	73298973	0	null	11311	2014-12-06 22	2
100198255	195121723	0	null	10523	2014-11-20 10	1
100198255	66972149	0	null	9397	2014-12-16 18	1
100198255	254267667	0	null	1863	2014-12-12 18	1
100198255	309362601	0	null	13230	2014-12-07 15	1
100198255	35121327	0	null	1838	2014-12-06 22	1
100198255	91018634	0	null	7767	2014-12-01 04	1
100198255	300348049	0	null	6255	2014-12-17 16	1
100198255	131483628	0	null	5027	2014-12-06 10	1
100198255	49443861	0	null	2825	2014-11-22 04	2
100198255	49443861	0	null	2825	2014-11-22 04	2
100198255	240584377	0	null	5027	2014-11-30 06	1
100198255	366229066	0	null	13754	2014-12-07 07	1
100198255	270682233	0	null	13230	2014-12-17 16	1
100198255	179268357	0	null	6751	2014-11-23 09	1
100198255	289853110	0	null	8864	2014-11-22 12	1
100198255	321523122	0	null	6513	2014-12-02 00	1
100198255	343860908	0	null	5894	2014-11-28 04	1
100198255	209099007	0	null	3074	2014-11-27 22	1
100198255	247416193	0	null	5894	2014-11-20 10	1
100198255	46153889	0	null	728	2014-12-06 17	1
100198255	147226915	0	null	1838	2014-12-18 07	1
100198255	292017631	0	null	4370	2014-11-22 12	1
100198255	219970024	0	null	5027	2014-12-06 20	1
100198255	59915186	0	null	11493	2014-12-02 19	1
100198255	330683333	0	null	2953	2014-12-02 06	1
100198255	48654978	0	null	14079	2014-11-23 04	1
100198255	194289561	0	null	12855	2014-12-09 00	1
100198255	134182080	0	null	10894	2014-11-22 04	1
100198255	90761761	0	null	451	2014-12-18 08	1
100198255	115931910	0	null	2825	2014-11-22 04	1
100198255	214217162	0	null	2953	2014-12-02 06	1
100198255	288249414	0	null	4370	2014-11-28 15	1
100198255	243863693	0	null	5027	2014-12-01 04	1
100198255	113101000	0	null	5395	2014-11-19 21	1
100198255	82331676	0	null	5395	2014-11-19 22	1
100198255	199930335	0	null	13280	2014-12-06 20	1
100198255	103971181	0	null	5653	2014-11-22 05	1
100198255	393516188	0	null	2513	2014-12-16 18	1
100198255	111287308	0	null	4370	2014-11-30 14	2
100198255	111287308	0	null	4370	2014-11-30 14	2
100198255	90668614	0	null	6513	2014-11-29 05	1
100198255	337969364	0	null	1863	2014-11-30 09	1
100198255	189825165	0	null	10894	2014-12-03 08	1
100198255	181076604	0	null	7832	2014-11-22 13	1
100198255	63776686	0	null	12239	2014-12-14 10	1
100198255	384994251	0	null	9664	2014-11-29 05	1
100198255	40760535	0	null	8639	2014-11-19 23	2
100198255	40760535	0	null	8639	2014-11-24 13	2
100198255	335914383	0	null	6513	2014-11-22 04	1
100198255	294851490	0	null	4370	2014-12-02 00	1
100198255	120449671	0	null	6513	2014-12-06 21	2
100198255	120449671	0	null	6513	2014-12-06 21	2
100198255	132668514	0	null	6576	2014-11-29 01	1
100198255	345038690	0	null	3213	2014-11-20 00	1
100198255	166344213	0	null	10392	2014-11-28 04	1
100198255	365638491	0	null	5894	2014-11-20 10	1
100198255	334857894	0	null	9326	2014-12-01 15	1
100198255	183084772	0	null	4370	2014-11-27 00	1
100198255	307850449	0	null	4254	2014-12-10 12	1
100198255	169882801	0	null	6513	2014-12-06 20	1
100198255	164065792	0	null	552	2014-11-22 04	1
100198255	374079406	0	null	5027	2014-11-18 05	2
100198255	374079406	0	null	5027	2014-11-18 05	2
100198255	26658871	0	null	3662	2014-11-19 07	1
100198255	360831512	0	null	2825	2014-11-18 05	2
100198255	360831512	0	null	2825	2014-11-18 05	2
100198255	359969834	0	null	5027	2014-12-07 09	1
100198255	386577769	0	null	5653	2014-11-22 04	1
100198255	210477870	0	null	5894	2014-12-10 03	1
100198255	355129105	0	null	5894	2014-11-20 10	1
100198255	145920598	0	null	6513	2014-12-09 07	1
100198255	259077228	0	null	3099	2014-12-06 20	1
100198255	255988445	0	null	4370	2014-11-22 04	1
100198255	284613653	0	null	7276	2014-11-29 12	2
100198255	284613653	0	null	7276	2014-11-29 12	2
100198255	229762897	0	null	9835	2014-12-07 04	1
100198255	103164928	0	null	5395	2014-12-13 18	1
100198255	267993180	0	null	11279	2014-11-28 15	1
100198255	12919889	0	null	2825	2014-12-01 04	1
100198255	119258492	0	null	1863	2014-12-01 21	2
100198255	119258492	0	null	1863	2014-12-01 21	2
100198255	231171831	0	null	5623	2014-11-30 05	1
100198255	377927374	0	null	5027	2014-12-11 18	1
100198255	367405155	0	null	6689	2014-11-20 00	1
100198255	208838756	0	null	940	2014-11-23 09	1
100198255	110018399	0	null	1121	2014-12-08 17	1
100198255	105617971	0	null	10590	2014-11-29 16	1
100198255	324660871	0	null	13230	2014-11-22 05	1
100198255	75337573	0	null	7549	2014-12-07 14	2
100198255	75337573	0	null	7549	2014-11-30 08	2
100198255	50114660	0	null	10533	2014-11-22 05	1
100198255	288344035	0	null	10523	2014-12-01 04	1
100198255	108698334	0	null	7269	2014-11-21 00	1
100198255	163564138	0	null	4584	2014-12-06 20	1
100198255	346099249	0	null	2825	2014-12-07 21	1
100198255	44789668	0	null	13230	2014-12-01 23	1
100198255	306263734	0	null	12488	2014-12-04 09	2
100198255	306263734	0	null	12488	2014-12-02 13	2
100198255	115717623	0	null	11279	2014-11-18 09	1
100198255	41133551	0	null	13230	2014-12-07 03	2
100198255	41133551	0	null	13230	2014-12-07 03	2
100198255	108884864	0	null	6255	2014-12-10 12	2
100198255	108884864	0	null	6255	2014-12-10 12	2
100198255	145183973	0	null	5395	2014-12-09 01	1
100198255	117924910	0	null	5027	2014-11-30 13	1
100198255	348764539	0	null	5653	2014-11-22 05	2
100198255	348764539	0	null	5653	2014-11-22 05	2
100198255	28104740	0	null	2825	2014-11-22 05	1
100198255	3314759	0	null	5689	2014-11-23 04	1
100198255	403420498	0	null	2825	2014-12-06 10	1
100198255	309513027	0	null	11824	2014-12-13 01	2
100198255	309513027	0	null	11824	2014-12-13 01	2
100198255	210192673	0	null	7344	2014-12-13 11	1
100198255	75582948	0	null	3472	2014-12-02 19	2
100198255	75582948	0	null	3472	2014-12-13 18	2
100198255	361024214	0	null	6255	2014-12-07 22	1
100198255	163917068	0	null	13230	2014-12-01 23	1
100198255	391221262	0	null	2825	2014-11-28 03	1
100198255	295813744	0	null	5894	2014-11-23 03	1
100198255	26496537	0	null	5027	2014-12-06 20	1
100198255	24337751	0	null	5894	2014-11-21 19	2
100198255	24337751	0	null	5894	2014-11-21 19	2
100198255	361681874	0	null	3528	2014-12-11 18	1
100198255	73818270	0	null	4370	2014-12-07 23	1
100198255	58671921	0	null	10392	2014-12-07 04	1
100198255	323955704	0	null	8291	2014-11-27 23	1
100198255	188172539	0	null	6513	2014-12-10 03	1
100198255	400797214	0	null	7269	2014-11-21 00	1
100198255	290054698	0	null	5395	2014-11-30 08	1
100198255	228180337	0	null	5395	2014-12-09 01	1
100198255	146139538	0	null	5399	2014-11-30 05	1
100198255	30555415	0	null	13230	2014-11-22 04	1
100198255	28322612	0	null	5027	2014-11-27 23	1
100198255	37006930	0	null	2825	2014-11-22 04	1
100198255	372981844	0	null	6255	2014-12-06 21	1
100198255	217625311	0	null	6795	2014-12-08 18	3
100198255	217625311	0	null	6795	2014-11-29 01	3
100198255	217625311	0	null	6795	2014-11-29 02	3
100198255	292937977	0	null	2825	2014-11-23 03	1
100198255	250900023	0	null	6513	2014-11-18 18	2
100198255	250900023	0	null	6513	2014-11-18 22	2
100198255	228974626	0	null	5027	2014-11-30 13	1
100198255	304172400	0	null	13230	2014-11-28 15	2
100198255	304172400	0	null	13230	2014-11-28 15	2
100198255	171600755	0	null	5689	2014-12-05 15	2
100198255	171600755	0	null	5689	2014-12-05 15	2
100198255	272874710	0	null	1337	2014-11-19 23	1
100198255	325798005	0	null	2953	2014-11-30 08	1
100198255	244646007	0	null	13230	2014-12-08 01	1
100198255	13937093	0	null	5689	2014-12-06 21	1
100198255	372131870	0	null	5399	2014-11-30 14	1
100198255	218711994	0	null	2511	2014-11-22 04	1
100198255	283319036	0	null	6402	2014-11-22 12	1
100198255	346363371	0	null	10392	2014-12-07 23	1
100198255	171042919	0	null	4370	2014-12-04 02	2
100198255	171042919	0	null	4370	2014-11-20 10	2
100198255	340370354	0	null	13664	2014-12-01 04	1
100198255	337817430	0	null	6513	2014-11-19 22	1
100198255	336756426	0	null	6344	2014-11-30 09	1
100198255	80998574	0	null	13230	2014-12-08 15	1
100198255	70738652	0	null	4370	2014-11-30 00	1
100198255	283506569	0	null	6513	2014-12-08 01	3
100198255	283506569	0	null	6513	2014-12-06 10	3
100198255	283506569	0	null	6513	2014-12-06 10	3
100198255	154501060	0	null	5399	2014-12-11 09	1
100198255	342784818	0	null	4370	2014-12-04 06	1
100198255	44557116	0	null	5027	2014-11-22 04	1
100198255	322281154	0	null	2825	2014-11-22 04	1
100198255	138930892	0	null	10392	2014-11-29 00	1
100198255	292009835	0	null	10894	2014-11-22 04	1
100198255	318922755	0	null	5395	2014-11-19 20	1
100198255	145491619	0	null	5027	2014-11-30 06	1
100198255	155644484	0	null	5395	2014-11-21 01	1
100198255	16507447	0	null	5395	2014-12-08 01	1
100198255	296318060	0	null	2953	2014-11-19 20	1
100198255	113640860	0	null	10894	2014-12-16 19	1
100198255	382668648	0	null	13230	2014-12-03 16	1
100198255	47227484	0	null	13230	2014-12-03 16	1
100198255	90845483	0	null	7440	2014-12-08 08	2
100198255	90845483	0	null	7440	2014-12-08 08	2
100198255	167307487	0	null	4370	2014-11-30 06	1
100198255	205857251	0	null	5395	2014-11-19 22	1
100198255	270910930	0	null	13230	2014-12-02 06	1
100198255	290481811	0	null	5027	2014-12-06 20	1
100198255	59592644	0	null	6513	2014-12-07 03	1
100198255	163370205	0	null	5842	2014-12-09 07	1
100198255	370133610	0	null	4540	2014-12-02 19	1
100198255	374506508	0	null	1863	2014-12-13 02	1
100198255	94261662	0	null	13230	2014-11-28 15	1
100198255	355693607	0	null	5395	2014-11-30 08	1
100198255	210290904	0	null	5894	2014-11-22 04	1
100198255	213782752	0	null	8877	2014-12-06 14	1
100198255	16289295	0	null	5399	2014-11-30 05	2
100198255	16289295	0	null	5399	2014-11-30 05	2
100198255	224625804	0	null	12067	2014-12-04 13	1
100198255	133092211	0	null	5894	2014-11-18 05	1
100198255	298824265	0	null	6751	2014-11-23 09	3
100198255	298824265	0	null	6751	2014-11-25 08	3
100198255	298824265	0	null	6751	2014-11-25 08	3
100198255	176743086	0	null	2953	2014-11-30 08	1
100198255	90369639	0	null	6513	2014-11-28 16	1
100198255	349922192	0	null	10961	2014-11-23 04	1
100198255	190988575	0	null	12685	2014-12-08 07	1
100198255	210053793	0	null	6751	2014-11-23 09	1
100198255	35668449	0	null	3783	2014-11-19 07	1
100198255	402191809	0	null	13230	2014-11-29 00	1
100198255	279690999	0	null	9807	2014-12-10 03	1
100198255	367020587	0	null	5027	2014-12-03 04	1
100198255	338639751	0	null	6689	2014-11-20 00	1
100198255	37751756	0	null	10894	2014-12-16 19	1
100198255	347172230	0	null	6751	2014-11-23 09	1
100198255	389794620	0	null	6397	2014-12-14 21	1
100198255	54165196	0	null	10894	2014-11-28 08	1
100198255	199320066	0	null	5395	2014-11-20 01	2
100198255	199320066	0	null	5395	2014-11-20 01	2
100198255	162011138	0	null	13230	2014-12-06 20	1
100198255	215949579	0	null	5894	2014-11-20 10	1
100198255	303225941	0	null	5894	2014-11-22 12	1
100198255	120536151	0	null	6513	2014-12-06 21	1
100198255	164904438	0	null	7590	2014-12-03 04	1
100198255	118065301	0	null	1838	2014-11-28 16	1
100198255	241222243	0	null	3052	2014-11-28 18	1
100198255	57568115	0	null	2825	2014-11-22 05	1
100198255	137251861	0	null	4254	2014-11-19 20	1
100198255	161523713	0	null	6648	2014-12-09 01	1
100198255	37614994	0	null	5395	2014-11-30 08	1
100198255	349083911	0	null	4676	2014-11-22 12	1
100198255	300577998	0	null	6513	2014-12-08 07	2
100198255	300577998	0	null	6513	2014-12-08 07	2
100198255	132429374	0	null	8575	2014-11-24 08	1
100198255	120595583	0	null	6513	2014-11-30 00	1
100198255	349665963	0	null	5027	2014-12-01 23	1
100198255	52159576	0	null	1083	2014-11-27 19	2
100198255	52159576	0	null	1083	2014-11-27 19	2
100198255	311869805	0	null	1337	2014-11-19 23	1
100198255	241728914	0	null	2825	2014-11-23 04	1
100198255	3197344	0	null	5201	2014-12-06 15	1
100198255	315536140	0	null	5395	2014-11-30 08	1
100198255	297380944	0	null	9720	2014-12-15 07	1
100198255	50136113	0	null	5894	2014-12-07 01	1
100198255	294127257	0	null	8877	2014-12-15 00	2
100198255	294127257	0	null	8877	2014-12-15 01	2
100198255	388989388	0	null	11135	2014-12-03 06	1
100198255	31774487	0	null	9517	2014-12-08 00	1
100198255	189057067	0	null	5395	2014-11-22 05	1
100198255	4191203	0	null	10894	2014-11-24 08	2
100198255	4191203	0	null	10894	2014-11-24 08	2
100198255	53824455	0	null	5395	2014-11-19 13	1
100198255	113902214	0	null	4370	2014-12-01 04	4
100198255	113902214	0	null	4370	2014-12-02 06	4
100198255	113902214	0	null	4370	2014-12-01 20	4
100198255	113902214	0	null	4370	2014-12-02 06	4
100198255	121897354	0	null	2825	2014-11-30 00	1
100198255	99880590	0	null	5395	2014-12-02 06	1
100198255	191890087	0	null	14079	2014-12-07 03	1
100198255	100386761	0	null	5894	2014-12-17 16	1
100198255	345143863	0	null	6986	2014-12-13 18	1
100198255	404276285	0	null	5395	2014-11-30 08	1
100198255	205721512	0	null	10894	2014-12-15 07	2
100198255	205721512	0	null	10894	2014-12-15 07	2
100198255	342393624	0	null	5027	2014-12-05 08	1
100198255	376047654	0	null	4370	2014-11-20 11	1
100198255	222217062	0	null	10894	2014-12-02 06	1
100198255	225308090	0	null	14079	2014-11-20 22	1
100198255	313139161	0	null	3544	2014-12-08 08	1
100198255	371505655	0	null	8877	2014-12-18 19	2
100198255	371505655	0	null	8877	2014-12-18 19	2
100198255	112469336	0	null	4087	2014-11-21 06	1
100198255	109399083	0	null	2953	2014-11-30 14	1
100198255	250031859	0	null	10875	2014-12-06 17	1
100198255	259524923	0	null	10894	2014-12-06 10	1
100198255	159086626	0	null	13852	2014-12-09 07	1
100198255	80124482	0	null	2825	2014-12-03 04	1
100198255	42091780	0	null	5027	2014-12-06 20	1
100198255	283724364	0	null	5395	2014-11-19 20	2
100198255	283724364	0	null	5395	2014-11-24 09	2
100198255	368291793	0	null	3662	2014-12-10 03	1
100198255	391369320	0	null	4370	2014-11-22 04	1
100198255	203072548	0	null	2825	2014-12-06 10	1
100198255	315710066	0	null	10392	2014-12-03 12	1
100198255	342381881	0	null	8877	2014-12-06 14	2
100198255	342381881	0	null	8877	2014-12-06 14	2
100198255	32118329	0	null	451	2014-11-30 13	1
100198255	24321399	0	null	6513	2014-11-18 00	1
100198255	252978167	0	null	9516	2014-12-05 15	1
100198255	178811366	0	null	11279	2014-12-13 18	1
100198255	322531681	0	null	13230	2014-12-04 07	2
100198255	322531681	0	null	13230	2014-12-02 15	2
100198255	227161580	0	null	5395	2014-12-13 21	1
100198255	238321394	0	null	1838	2014-12-07 00	1
100198255	403318966	0	null	1863	2014-12-04 12	1
100198255	200248694	0	null	5399	2014-12-07 00	1
100198255	309102732	0	null	2953	2014-11-30 08	1
100198255	382785763	0	null	6513	2014-11-29 05	1
100198255	191165933	0	null	11279	2014-11-29 15	1
100198255	103854230	0	null	9541	2014-12-09 00	1
100198255	76861444	0	null	13852	2014-12-06 22	1
100198255	403279828	0	null	14079	2014-11-22 09	1
100198255	270615835	0	null	2953	2014-11-30 08	1
100198255	383129665	0	null	13396	2014-12-06 15	1
100198255	131508005	0	null	5027	2014-11-30 09	1
100198255	45823124	0	null	13230	2014-12-02 06	1
100198255	199212065	0	null	11824	2014-11-30 11	1
100198255	390694164	0	null	5689	2014-11-22 04	2
100198255	390694164	0	null	5689	2014-11-23 03	2
100198255	344592340	0	null	13230	2014-12-08 15	1
100198255	245319071	0	null	13230	2014-12-17 16	1
100198255	374508569	0	null	2825	2014-11-20 10	1
100198255	271937455	0	null	7167	2014-12-13 02	1
100198255	346649511	0	null	11622	2014-11-29 00	2
100198255	346649511	0	null	11622	2014-11-29 00	2
100198255	15432552	0	null	6513	2014-11-20 14	1
100198255	231983900	0	null	11279	2014-12-09 00	1
100198255	120280431	0	null	2953	2014-11-30 14	1
100198255	306097351	0	null	5894	2014-11-30 05	1
100198255	279217493	0	null	6344	2014-11-22 06	1
100198255	127878239	0	null	4370	2014-12-07 15	1
100198255	257248484	0	null	5967	2014-11-23 09	1
100198255	54848843	0	null	5395	2014-11-19 20	2
100198255	54848843	0	null	5395	2014-12-03 12	2
100198255	245806084	0	null	4676	2014-11-26 21	1
100198255	228285118	0	null	2825	2014-12-10 12	1
100198255	344569679	0	null	5395	2014-11-25 09	1
100198255	36863082	0	null	5395	2014-11-28 15	1
100198255	35871942	0	null	11279	2014-11-29 01	1
100198255	23290404	0	null	12368	2014-11-28 16	1
100198255	296437150	0	null	5027	2014-11-30 05	1
100198255	241721142	0	null	5027	2014-11-30 05	1
100198255	229611911	0	null	10392	2014-12-07 04	1
100198255	186086548	0	null	7791	2014-11-30 09	1
100198255	207387520	0	null	4370	2014-11-18 05	1
100198255	323982463	0	null	11279	2014-11-30 08	1
100198255	193796894	0	null	5395	2014-12-02 09	2
100198255	193796894	0	null	5395	2014-12-01 14	2
100198255	337008091	0	null	9541	2014-12-07 13	1
100198255	178748915	0	null	5894	2014-11-22 12	1
100198255	103716232	0	null	5894	2014-12-10 12	1
100198255	153527070	0	null	5395	2014-11-19 21	1
100198255	157362689	0	null	10894	2014-11-24 08	1
100198255	93658421	0	null	13230	2014-11-30 11	2
100198255	93658421	0	null	13230	2014-11-30 11	2
100198255	387033202	0	null	6513	2014-12-06 21	1
100198255	8109109	0	null	8877	2014-12-06 14	1
100198255	22929014	0	null	13230	2014-12-11 16	1
100198255	13308448	0	null	5894	2014-11-23 03	1
100198255	331109331	0	null	2825	2014-11-20 10	1
100198255	149136725	0	null	4269	2014-11-30 11	1
100198255	270537563	0	null	10242	2014-12-15 06	1
100198255	294268972	0	null	940	2014-12-01 14	2
100198255	294268972	0	null	940	2014-11-23 09	2
100198255	312568909	0	null	11824	2014-11-27 20	2
100198255	312568909	0	null	11824	2014-11-27 20	2
100198255	325240705	0	null	11824	2014-12-06 22	1
100198255	209198035	0	null	5503	2014-11-30 00	1
100198255	236548804	0	null	5894	2014-12-07 03	1
100198255	118567689	0	null	5503	2014-11-22 06	1
100198255	231373617	0	null	5395	2014-12-03 03	1
100198255	227630696	0	null	3213	2014-11-20 00	1
100198255	195267194	0	null	6000	2014-12-06 09	1
100198255	103747433	0	null	2953	2014-11-19 21	1
100198255	63282209	0	null	4269	2014-11-25 22	1
100198255	67889848	0	null	5395	2014-11-21 01	1
100198255	2335865	0	null	5894	2014-12-07 03	1
100198255	199213292	0	null	6253	2014-12-03 06	1
100198255	331503176	0	null	3979	2014-12-18 08	1
100198255	208302927	0	null	2993	2014-11-30 05	1
100198255	215631200	0	null	5894	2014-11-23 03	1
100198255	85162894	0	null	5027	2014-11-21 06	1
100198255	121332083	0	null	6828	2014-12-02 19	1
100198255	313300949	0	null	3940	2014-11-21 00	1
100198255	58672089	0	null	1863	2014-12-07 03	1
100198255	72409254	0	null	6513	2014-12-06 21	1
100198255	307994011	0	null	7957	2014-12-10 01	1
100198255	244579957	0	null	5653	2014-12-07 09	2
100198255	244579957	0	null	5653	2014-12-07 08	2
100198255	370539057	0	null	5894	2014-12-03 16	1
100198255	122220217	0	null	8877	2014-12-03 18	2
100198255	122220217	0	null	8877	2014-12-03 18	2
100198255	383215414	0	null	5395	2014-11-19 21	1
100198255	399675905	0	null	10392	2014-12-03 12	2
100198255	399675905	0	null	10392	2014-12-03 12	2
100198255	252949790	0	null	3227	2014-11-23 18	1
100198255	319856509	0	null	13230	2014-11-30 06	1
100198255	127497695	0	null	11824	2014-11-27 01	1
100198255	279865953	0	null	12239	2014-12-14 10	1
100198255	240236949	0	null	1863	2014-12-08 17	1
100198255	245229122	0	null	6344	2014-11-21 19	1
100198255	108385699	0	null	5399	2014-11-26 21	1
100198255	8894017	0	null	13230	2014-12-09 00	1
100198255	376998164	0	null	10392	2014-12-13 02	1
100198255	194429767	0	null	5395	2014-12-13 21	1
100198255	329213556	0	null	4370	2014-11-18 05	5
100198255	329213556	0	null	4370	2014-11-22 12	5
100198255	329213556	0	null	4370	2014-11-20 10	5
100198255	329213556	0	null	4370	2014-11-22 10	5
100198255	329213556	0	null	4370	2014-12-04 06	5
100198255	80708382	0	null	5395	2014-11-28 16	1
100198255	175712893	0	null	5027	2014-11-30 13	1
100198255	282581327	0	null	5894	2014-12-10 12	1
100198255	314470221	0	null	11824	2014-12-07 13	2
100198255	314470221	0	null	11824	2014-12-07 13	2
100198255	137416213	0	null	4370	2014-12-06 14	1
100198255	327759564	0	null	2825	2014-11-22 04	1
100198255	163342656	0	null	5395	2014-11-22 05	2
100198255	163342656	0	null	5395	2014-11-22 05	2
100198255	301052179	0	null	10392	2014-12-07 03	1
100198255	110623998	0	null	6513	2014-11-19 22	1
100198255	164409247	0	null	10392	2014-12-05 08	1
100198255	169034206	0	null	2825	2014-11-18 05	2
100198255	169034206	0	null	2825	2014-11-18 05	2
100198255	25333287	0	null	5894	2014-11-30 13	1
100198255	226755016	0	null	451	2014-11-30 13	1
100198255	21247519	0	null	13230	2014-12-01 04	1
100198255	351547731	0	null	5027	2014-11-30 06	1
100198255	308336911	0	null	2825	2014-11-23 04	2
100198255	308336911	0	null	2825	2014-11-23 03	2
100198255	38889038	0	null	5395	2014-12-02 19	1
100198255	274592124	0	null	2953	2014-12-02 06	1
100198255	351822293	0	null	10392	2014-11-28 15	1
100198255	29089434	0	null	2825	2014-11-22 04	1
100198255	60714032	0	null	1863	2014-12-07 11	1
100198255	235910533	0	null	1361	2014-11-18 23	1
100198255	128624054	0	null	1863	2014-12-04 13	1
100198255	250216033	0	null	2825	2014-11-22 05	1
100198255	364822583	0	null	5399	2014-11-28 15	2
100198255	364822583	0	null	5399	2014-11-28 15	2
100198255	8342896	0	null	2953	2014-12-02 06	1
100198255	264795995	0	null	5027	2014-12-06 20	1
100198255	328257574	0	null	5689	2014-11-23 04	2
100198255	328257574	0	null	5689	2014-11-23 04	2
100198255	77896713	0	null	5894	2014-11-27 01	1
100198255	193859833	0	null	10894	2014-11-23 03	1
100198255	116706900	0	null	2825	2014-11-20 10	1
100198255	137079956	0	null	13230	2014-12-13 20	2
100198255	137079956	0	null	13230	2014-12-13 20	2
100198255	373387418	0	null	5395	2014-12-04 19	1
100198255	307177359	0	null	1863	2014-11-22 02	1
100198255	74054046	0	null	10392	2014-12-08 07	1
100198255	55436322	0	null	12387	2014-12-06 17	1
100198255	34358411	0	null	5399	2014-12-01 04	2
100198255	34358411	0	null	5399	2014-12-01 21	2
100198255	352890012	0	null	10187	2014-12-06 22	1
100198255	98739235	0	null	13230	2014-11-24 08	1
100198255	194616982	0	null	5894	2014-11-22 05	1
100198255	177417259	0	null	2993	2014-11-26 23	1
100198255	217643649	0	null	4676	2014-12-06 22	1
100198255	126476842	0	null	7530	2014-12-07 00	1
100198255	5363127	0	null	6513	2014-11-28 16	3
100198255	5363127	0	null	6513	2014-11-29 05	3
100198255	5363127	0	null	6513	2014-11-28 16	3
100198255	171178942	0	null	10392	2014-12-16 18	1
100198255	215686162	0	null	10037	2014-11-29 00	2
100198255	215686162	0	null	10037	2014-11-29 00	2
100198255	48381938	0	null	5894	2014-11-22 04	2
100198255	48381938	0	null	5894	2014-11-22 04	2
100198255	324317454	0	null	5653	2014-11-30 05	1
100198255	358812317	0	null	6576	2014-12-08 07	1
100198255	109408353	0	null	5201	2014-12-11 18	1
100198255	144533620	0	null	12506	2014-11-28 03	1
100198255	45934081	0	null	5513	2014-12-01 21	1
100198255	266619493	0	null	10392	2014-12-01 21	1
100198255	56751615	0	null	3528	2014-12-13 12	1
100198255	115849483	0	null	5395	2014-12-08 01	2
100198255	115849483	0	null	5395	2014-12-08 01	2
100198255	283197874	0	null	10392	2014-12-07 03	1
100198255	392130307	0	null	12488	2014-11-27 02	1
100198255	39167355	0	null	4370	2014-12-06 14	2
100198255	39167355	0	null	4370	2014-12-10 16	2
100198255	212300849	0	null	2825	2014-11-22 05	1
100198255	135104647	0	null	5027	2014-12-06 20	1
100198255	264581087	0	null	11489	2014-12-04 09	1
100198255	226783825	0	null	1083	2014-11-24 08	1
100198255	271529748	0	null	13230	2014-12-01 23	1
100198255	344590589	0	null	12652	2014-11-22 12	1
100198255	214267165	0	null	5395	2014-11-19 23	1
100198255	87207205	0	null	10392	2014-12-02 20	1
100198255	319027890	0	null	6344	2014-12-06 17	1
100198255	232077163	0	null	9720	2014-11-28 12	1
100198255	347803438	0	null	5689	2014-12-05 15	1
100198255	280933100	0	null	13230	2014-11-22 05	1
100198255	70791374	0	null	6255	2014-12-15 16	1
100198255	285581304	0	null	11824	2014-11-28 12	1
100198255	3706773	0	null	5027	2014-11-22 04	1
100198255	300520024	0	null	2620	2014-11-19 21	2
100198255	300520024	0	null	2620	2014-11-19 22	2
100198255	346524406	0	null	9516	2014-12-09 07	1
100198255	181102033	0	null	6005	2014-12-03 02	3
100198255	181102033	0	null	6005	2014-12-01 15	3
100198255	181102033	0	null	6005	2014-12-01 15	3
100198255	21067028	0	null	10894	2014-11-22 04	1
100198255	96542343	0	null	5395	2014-11-25 02	1
100198255	20079381	0	null	2313	2014-12-05 01	1
100198255	365016361	0	null	6513	2014-12-10 03	1
100198255	307062113	0	null	10533	2014-12-06 10	1
100198255	11560005	0	null	1863	2014-12-01 14	1
100198255	311424024	0	null	6513	2014-12-07 03	2
100198255	311424024	0	null	6513	2014-12-07 03	2
100198255	354941303	0	null	2513	2014-12-02 15	1
100198255	184367010	0	null	1863	2014-12-13 01	1
100198255	298345793	0	null	5653	2014-11-22 12	1
100198255	327130449	0	null	2825	2014-11-22 07	1
100198255	127224908	0	null	11824	2014-12-06 20	1
100198255	183221768	0	null	10523	2014-12-08 16	1
100198255	196086543	0	null	2825	2014-11-22 04	1
100198255	333244245	0	null	5395	2014-11-22 10	1
100198255	369154458	0	null	5395	2014-11-19 20	1
100198255	48084222	0	null	5027	2014-12-06 10	1
100198255	269748882	0	null	4254	2014-12-06 10	1
100198255	130630748	0	null	1564	2014-11-30 11	2
100198255	130630748	0	null	1564	2014-11-28 15	2
100198255	277922302	0	null	5399	2014-12-07 03	1
