100135783	321187889	0	95qbk6k	1463	2014-12-13 20	1
100135783	72116905	0	95qbk6e	12488	2014-12-07 19	7
100135783	72116905	0	95qbk5f	12488	2014-12-07 19	7
100135783	72116905	0	null	12488	2014-12-11 21	7
100135783	72116905	0	95qbk6s	12488	2014-12-07 19	7
100135783	72116905	0	null	12488	2014-12-11 21	7
100135783	72116905	0	95qbk4d	12488	2014-12-07 19	7
100135783	72116905	0	null	12488	2014-12-11 21	7
100135783	33309916	0	null	3673	2014-12-11 20	1
100135783	137819039	0	95qbk61	11406	2014-12-08 22	1
100135783	384085217	0	null	10431	2014-11-18 09	2
100135783	384085217	0	null	10431	2014-11-18 09	2
100135783	273365478	0	null	3979	2014-11-19 20	1
100135783	256525501	0	null	10120	2014-12-10 22	1
100135783	378142782	0	95qbk7w	9086	2014-12-13 20	1
100135783	347541669	0	null	12791	2014-11-18 15	1
100135783	12164545	0	null	8561	2014-12-10 22	1
100135783	16957077	0	null	10576	2014-12-09 22	2
100135783	16957077	0	null	10576	2014-12-09 22	2
100135783	219752854	0	null	4008	2014-12-17 17	3
100135783	219752854	0	null	4008	2014-12-17 17	3
100135783	219752854	0	null	4008	2014-12-17 17	3
100135783	300034738	0	95qbkqu	12488	2014-12-07 19	3
100135783	300034738	0	95qbkrm	12488	2014-12-07 19	3
100135783	300034738	0	95qbkq0	12488	2014-12-07 19	3
100135783	60464388	0	null	2415	2014-11-18 21	1
100135783	241186015	0	null	12488	2014-12-12 10	2
100135783	241186015	0	null	12488	2014-12-14 21	2
100135783	236638549	0	null	10523	2014-12-15 15	1
100135783	92590509	0	null	7484	2014-11-25 17	1
100135783	16236605	0	null	8561	2014-12-10 22	1
100135783	249687709	0	95qbk6p	1169	2014-12-13 20	1
100135783	144384508	0	null	11406	2014-12-10 22	1
100135783	195885725	0	null	11824	2014-12-04 21	1
100135783	100372396	0	null	11406	2014-12-10 22	3
100135783	100372396	0	null	11406	2014-12-10 22	3
100135783	100372396	0	null	11406	2014-12-10 22	3
100135783	299396891	0	null	679	2014-12-10 21	3
100135783	299396891	0	null	679	2014-12-10 21	3
100135783	299396891	0	null	679	2014-12-10 21	3
100135783	136637395	0	null	11824	2014-12-04 21	1
100135783	356715331	0	null	7390	2014-12-09 22	1
100135783	227346361	0	95qbk6g	9155	2014-12-13 21	1
100135783	19349356	0	null	5027	2014-12-11 18	1
100135783	178373368	0	95qbkq1	6794	2014-12-13 20	1
100135783	212224796	0	null	8561	2014-12-10 22	3
100135783	212224796	0	null	8561	2014-12-10 22	3
100135783	212224796	0	null	8561	2014-12-10 22	3
100135783	278359001	0	null	13773	2014-12-17 20	3
100135783	278359001	0	null	13773	2014-12-17 20	3
100135783	278359001	0	null	13773	2014-12-17 20	3
100135783	366091652	0	null	9086	2014-12-17 18	1
100135783	234060244	0	null	1723	2014-11-19 20	3
100135783	234060244	0	null	1723	2014-11-19 20	3
100135783	234060244	0	null	1723	2014-11-19 20	3
100135783	105753567	0	null	10544	2014-12-15 20	3
100135783	105753567	0	null	10544	2014-12-15 20	3
100135783	105753567	0	null	10544	2014-12-15 20	3
100135783	120072662	0	null	9086	2014-12-09 21	1
100135783	133377381	0	95qbk4d	5773	2014-11-29 23	3
100135783	133377381	0	95qbkq1	5773	2014-11-29 23	3
100135783	133377381	0	95qbk75	5773	2014-11-29 23	3
100135783	285204023	0	null	5712	2014-12-10 22	1
100135783	281327064	0	null	5027	2014-12-11 18	3
100135783	281327064	0	null	5027	2014-12-11 18	3
100135783	281327064	0	null	5027	2014-12-11 18	3
100135783	147611485	0	null	9820	2014-11-18 21	2
100135783	147611485	0	null	9820	2014-11-18 21	2
100135783	363677435	0	null	9086	2014-12-09 21	1
100135783	110038209	0	95qbk69	6794	2014-12-13 20	1
100135783	158275966	0	null	3673	2014-11-18 20	4
100135783	158275966	0	null	3673	2014-11-18 20	4
100135783	158275966	0	null	3673	2014-11-18 20	4
100135783	158275966	0	null	3673	2014-11-18 20	4
100135783	161875153	0	95qbk66	12488	2014-12-07 19	1
100135783	67317085	0	null	9593	2014-12-10 21	3
100135783	67317085	0	null	9593	2014-12-10 21	3
100135783	67317085	0	null	9593	2014-12-10 21	3
100135783	133219407	0	null	10544	2014-12-15 20	3
100135783	133219407	0	null	10544	2014-12-15 20	3
100135783	133219407	0	null	10544	2014-12-15 20	3
100135783	103213140	0	null	5894	2014-11-19 20	1
100135783	75915008	0	95qbk5m	10576	2014-12-13 20	3
100135783	75915008	0	95qbk61	10576	2014-12-13 20	3
100135783	75915008	0	95qbk79	10576	2014-12-13 20	3
100135783	400041905	0	null	10290	2014-12-12 15	1
100135783	98516147	0	null	10544	2014-12-15 20	4
100135783	98516147	0	null	10544	2014-12-15 20	4
100135783	98516147	0	null	10544	2014-12-15 20	4
100135783	98516147	0	null	10544	2014-12-15 20	4
100135783	5831801	0	null	1453	2014-12-11 20	3
100135783	5831801	0	null	1453	2014-12-11 20	3
100135783	5831801	0	null	1453	2014-12-11 20	3
100135783	149626393	0	null	6058	2014-11-19 20	1
100135783	262824767	0	null	2683	2014-12-09 22	1
100135783	9348188	0	null	1169	2014-12-09 21	3
100135783	9348188	0	null	1169	2014-12-09 21	3
100135783	9348188	0	null	1169	2014-12-09 21	3
100135783	265096961	0	null	3673	2014-11-18 20	2
100135783	265096961	0	null	3673	2014-11-18 20	2
100135783	253515566	0	95qbk63	11406	2014-12-08 22	1
100135783	345367768	0	null	9086	2014-12-17 17	1
100135783	303350664	0	null	13686	2014-12-10 22	1
100135783	193164064	0	null	12996	2014-12-09 21	2
100135783	193164064	0	null	12996	2014-12-09 21	2
100135783	57336455	0	null	12791	2014-11-18 15	7
100135783	57336455	0	null	12791	2014-11-23 13	7
100135783	57336455	0	null	12791	2014-11-18 15	7
100135783	57336455	0	null	12791	2014-11-18 15	7
100135783	57336455	0	null	12791	2014-11-23 13	7
100135783	57336455	0	null	12791	2014-11-23 13	7
100135783	57336455	0	null	12791	2014-11-18 15	7
100135783	185265441	0	null	4008	2014-12-17 17	1
100135783	104111792	0	null	9086	2014-12-10 22	1
100135783	226776244	0	95qbk6d	889	2014-12-18 17	3
100135783	226776244	0	95qbkqn	889	2014-12-18 17	3
100135783	226776244	0	95qbkqo	889	2014-12-18 17	3
100135783	115570377	0	95qbk64	7390	2014-11-29 21	1
100135783	149983149	0	null	3266	2014-12-10 22	3
100135783	149983149	0	null	3266	2014-12-10 22	3
100135783	149983149	0	null	3266	2014-12-10 22	3
100135783	367329973	0	null	3673	2014-11-18 20	2
100135783	367329973	0	null	3673	2014-11-18 20	2
100135783	128168187	0	null	11406	2014-12-10 22	1
100135783	280761599	0	null	9593	2014-12-10 21	4
100135783	280761599	0	null	9593	2014-12-10 21	4
100135783	280761599	0	null	9593	2014-12-10 21	4
100135783	280761599	0	null	9593	2014-12-10 21	4
100135783	400300312	0	null	8561	2014-12-10 22	3
100135783	400300312	0	null	8561	2014-12-10 22	3
100135783	400300312	0	null	8561	2014-12-10 22	3
100135783	192391583	0	null	12488	2014-12-13 13	1
100135783	244980477	0	null	10894	2014-11-18 20	2
100135783	244980477	0	null	10894	2014-11-18 20	2
100135783	188752029	0	null	3660	2014-12-10 22	1
100135783	147886074	0	null	12791	2014-12-14 21	2
100135783	147886074	0	null	12791	2014-12-14 21	2
100135783	94176913	0	null	10290	2014-12-12 15	1
100135783	374311403	0	null	3673	2014-12-11 20	4
100135783	374311403	0	null	3673	2014-12-11 20	4
100135783	374311403	0	null	3673	2014-12-11 20	4
100135783	374311403	0	null	3673	2014-12-11 20	4
100135783	262838959	0	null	5027	2014-12-11 18	1
100135783	324125078	0	null	12488	2014-12-11 21	2
100135783	324125078	0	null	12488	2014-12-12 12	2
100135783	2317335	0	null	11406	2014-12-17 17	1
100135783	14679899	0	95qbk75	3381	2014-12-07 21	1
100135783	339613228	0	null	9280	2014-11-23 21	1
100135783	100231517	0	null	3723	2014-12-17 17	1
100135783	370164239	0	null	3673	2014-11-18 20	2
100135783	370164239	0	null	3673	2014-11-18 20	2
100135783	247194227	0	95qbk6v	1169	2014-12-13 20	3
100135783	247194227	0	95qbk60	1169	2014-12-13 20	3
100135783	247194227	0	95qbkq3	1169	2014-12-13 20	3
100135783	126198792	0	null	1453	2014-12-11 20	1
100135783	310340040	0	null	10544	2014-12-15 20	2
100135783	310340040	0	null	10544	2014-12-15 20	2
100135783	329035723	0	null	11406	2014-12-08 17	1
100135783	220994523	0	null	10523	2014-12-14 21	1
100135783	256597271	0	95qbk66	2158	2014-11-29 22	2
100135783	256597271	0	95qbk5o	2158	2014-11-29 22	2
100135783	243385724	0	95qbk6v	11552	2014-12-07 21	4
100135783	243385724	0	95qbk5m	11552	2014-12-07 21	4
100135783	243385724	0	95qbk6w	11552	2014-12-07 21	4
100135783	243385724	0	95qbk60	11552	2014-12-07 21	4
100135783	267703626	0	null	3475	2014-12-07 12	4
100135783	267703626	0	null	3475	2014-12-07 12	4
100135783	267703626	0	null	3475	2014-12-07 12	4
100135783	267703626	0	null	3475	2014-12-07 12	4
100135783	287996188	0	95qbk6w	2158	2014-11-29 22	6
100135783	287996188	0	95qbk60	2158	2014-11-29 22	6
100135783	287996188	0	95qbk6w	2158	2014-11-29 22	6
100135783	287996188	0	95qbkrm	2158	2014-11-29 22	6
100135783	287996188	0	95qbk4f	2158	2014-11-29 22	6
100135783	287996188	0	95qbkqs	2158	2014-11-29 22	6
100135783	161187088	0	null	3673	2014-11-18 20	4
100135783	161187088	0	null	3673	2014-11-18 20	4
100135783	161187088	0	null	3673	2014-11-18 20	4
100135783	161187088	0	null	3673	2014-11-18 20	4
100135783	103342135	0	null	6794	2014-12-11 21	1
100135783	170141030	0	95qbkq7	6794	2014-12-13 20	1
100135783	77754193	0	null	6794	2014-12-11 21	3
100135783	77754193	0	null	6794	2014-12-11 21	3
100135783	77754193	0	null	6794	2014-12-11 21	3
100135783	368476823	0	null	3673	2014-12-11 20	1
100135783	149643500	0	95qbk5d	7390	2014-11-29 21	3
100135783	149643500	0	95qbkqt	7390	2014-11-29 21	3
100135783	149643500	0	95qbk6p	7390	2014-11-29 21	3
100135783	307042908	0	null	9086	2014-12-10 22	4
100135783	307042908	0	null	9086	2014-12-10 22	4
100135783	307042908	0	null	9086	2014-12-10 22	4
100135783	307042908	0	null	9086	2014-12-10 22	4
100135783	399909799	0	null	12791	2014-12-14 20	3
100135783	399909799	0	null	12791	2014-12-14 20	3
100135783	399909799	0	null	12791	2014-12-14 20	3
100135783	305473034	0	null	10356	2014-12-10 22	3
100135783	305473034	0	null	10356	2014-12-10 22	3
100135783	305473034	0	null	10356	2014-12-10 22	3
100135783	76504562	0	null	12791	2014-11-18 15	1
100135783	93759161	0	null	2284	2014-11-23 11	3
100135783	93759161	0	null	2284	2014-11-23 11	3
100135783	93759161	0	null	2284	2014-11-23 11	3
100135783	202139968	0	null	12791	2014-12-14 21	2
100135783	202139968	0	null	12791	2014-12-14 21	2
100135783	300982704	0	null	9086	2014-12-10 22	3
100135783	300982704	0	null	9086	2014-12-10 22	3
100135783	300982704	0	null	9086	2014-12-10 22	3
100135783	275602076	0	95qbkqn	12488	2014-12-07 19	1
100135783	214789371	0	null	2993	2014-12-14 21	2
100135783	214789371	0	null	2993	2014-12-14 21	2
100135783	34010073	0	null	7572	2014-12-10 22	1
100135783	174317790	0	null	11406	2014-12-17 17	1
100135783	13776604	0	null	10544	2014-12-15 20	4
100135783	13776604	0	null	10544	2014-12-15 20	4
100135783	13776604	0	null	10544	2014-12-15 20	4
100135783	13776604	0	null	10544	2014-12-15 20	4
100135783	110322072	0	null	6344	2014-11-18 12	1
100135783	373160048	0	null	2777	2014-12-10 22	1
100135783	270445722	0	null	3475	2014-12-07 10	6
100135783	270445722	0	null	3475	2014-12-07 12	6
100135783	270445722	0	null	3475	2014-12-07 12	6
100135783	270445722	0	null	3475	2014-12-07 12	6
100135783	270445722	0	null	3475	2014-12-07 12	6
100135783	270445722	0	null	3475	2014-12-07 10	6
100135783	23667508	0	null	10431	2014-12-10 22	3
100135783	23667508	0	null	10431	2014-12-10 22	3
100135783	23667508	0	null	10431	2014-12-10 22	3
100135783	142129867	0	null	4282	2014-12-09 22	1
100135783	286418271	0	null	9017	2014-12-10 22	1
100135783	189210304	0	null	3673	2014-11-18 20	2
100135783	189210304	0	null	3673	2014-11-18 20	2
100135783	305059277	0	95qbkq1	2158	2014-11-29 21	3
100135783	305059277	0	95qbk7i	2158	2014-11-29 21	3
100135783	305059277	0	95qbkq1	2158	2014-11-29 21	3
100135783	374768108	0	null	12791	2014-12-14 21	1
100135783	150025246	0	null	9280	2014-11-23 21	1
100135783	34985184	0	null	3673	2014-11-18 20	1
100135783	87530798	0	null	11824	2014-12-04 21	1
100135783	250284095	0	null	1453	2014-12-11 20	1
100135783	240533634	0	null	6989	2014-12-10 22	3
100135783	240533634	0	null	6989	2014-12-10 22	3
100135783	240533634	0	null	6989	2014-12-10 22	3
100135783	309035823	0	95qbkqu	2158	2014-11-29 21	1
100135783	305256176	0	95qbk7i	9086	2014-12-13 20	3
100135783	305256176	0	95qbk4d	9086	2014-12-13 20	3
100135783	305256176	0	95qbk6p	9086	2014-12-13 20	3
100135783	84858751	0	95qbk5o	1169	2014-12-13 20	1
100135783	334220334	0	null	2993	2014-12-11 20	1
100135783	106900876	0	null	11406	2014-12-17 17	3
100135783	106900876	0	null	11406	2014-12-17 17	3
100135783	106900876	0	null	11406	2014-12-17 17	3
100135783	389747465	0	null	12488	2014-12-05 20	1
100135783	25674162	0	95qbk6p	3381	2014-11-29 20	3
100135783	25674162	0	95qbkrm	3381	2014-11-29 20	3
100135783	25674162	0	95qbk65	3381	2014-11-29 20	3
100135783	133866358	0	null	12791	2014-12-14 20	1
100135783	329139769	0	null	10431	2014-12-10 22	1
100135783	187495387	0	null	7572	2014-12-10 22	1
100135783	154193	0	null	11824	2014-12-04 21	1
100135783	380725067	0	95qbk62	12488	2014-12-07 19	1
100135783	50685763	0	null	1453	2014-12-11 20	1
100135783	186697772	0	null	1169	2014-12-09 22	3
100135783	186697772	0	null	1169	2014-12-09 22	3
100135783	186697772	0	null	1169	2014-12-09 22	3
100135783	66093835	0	95qbkrm	12488	2014-12-07 19	1
100135783	382561968	0	null	1169	2014-12-10 22	3
100135783	382561968	0	null	1169	2014-12-10 22	3
100135783	382561968	0	null	1169	2014-12-10 22	3
100135783	306372290	0	95qbk66	9815	2014-11-29 22	1
100135783	104390410	0	null	12996	2014-12-17 17	1
100135783	231387193	0	95qbkq2	6194	2014-11-29 22	3
100135783	231387193	0	95qbk5o	6194	2014-11-29 22	3
100135783	231387193	0	95qbkqn	6194	2014-11-29 22	3
100135783	135811897	0	null	7572	2014-12-10 22	1
100135783	204995241	0	95qbkq1	7390	2014-11-29 21	1
100135783	310848441	0	null	1242	2014-12-10 22	1
100135783	15505000	0	null	7484	2014-11-25 17	1
100135783	257184395	0	null	1453	2014-12-11 20	1
100135783	59609046	0	null	3673	2014-11-18 20	2
100135783	59609046	0	null	3673	2014-11-18 20	2
100135783	32389451	0	null	10523	2014-12-15 15	1
100135783	15234979	0	null	11406	2014-12-08 17	1
100135783	211886416	0	null	9593	2014-12-10 21	1
100135783	385794564	0	null	10356	2014-12-10 22	3
100135783	385794564	0	null	10356	2014-12-10 22	3
100135783	385794564	0	null	10356	2014-12-10 22	3
100135783	5462627	0	95qbk62	4224	2014-12-13 20	1
100135783	78364176	0	null	3673	2014-11-18 20	2
100135783	78364176	0	null	3673	2014-11-18 20	2
100135783	10185208	0	null	12791	2014-12-14 21	2
100135783	10185208	0	null	12791	2014-12-14 21	2
100135783	317408246	0	null	12791	2014-11-23 13	3
100135783	317408246	0	null	12791	2014-11-23 13	3
100135783	317408246	0	null	12791	2014-11-23 13	3
100135783	90055728	0	95qbk6w	9815	2014-12-13 20	4
100135783	90055728	0	95qbkq1	9815	2014-12-13 20	4
100135783	90055728	0	95qbk75	9815	2014-12-13 20	4
100135783	90055728	0	95qbk6t	9815	2014-12-13 20	4
100135783	332738573	0	null	1169	2014-12-09 22	4
100135783	332738573	0	null	1169	2014-12-09 22	4
100135783	332738573	0	null	1169	2014-12-09 22	4
100135783	332738573	0	null	1169	2014-12-09 22	4
100135783	341734720	0	null	12996	2014-12-09 21	3
100135783	341734720	0	null	12996	2014-12-09 21	3
100135783	341734720	0	null	12996	2014-12-09 21	3
100135783	33030851	0	null	10344	2014-11-19 20	2
100135783	33030851	0	null	10344	2014-11-19 20	2
100135783	139643273	0	null	6593	2014-12-10 22	3
100135783	139643273	0	null	6593	2014-12-10 22	3
100135783	139643273	0	null	6593	2014-12-10 22	3
100135783	81025484	0	null	11406	2014-12-10 22	3
100135783	81025484	0	null	11406	2014-12-10 22	3
100135783	81025484	0	null	11406	2014-12-10 22	3
100135783	164260648	0	95qbk66	10120	2014-12-13 20	2
100135783	164260648	0	95qbk74	10120	2014-12-13 20	2
100135783	217712930	0	95qbk7w	12488	2014-12-07 19	3
100135783	217712930	0	95qbk79	12488	2014-12-07 19	3
100135783	217712930	0	95qbkqs	12488	2014-12-07 19	3
100135783	274457152	0	null	9593	2014-12-10 21	1
100135783	31421869	0	null	12488	2014-12-05 20	3
100135783	31421869	0	null	12488	2014-12-05 20	3
100135783	31421869	0	null	12488	2014-12-05 20	3
100135783	182674415	0	null	10120	2014-12-17 17	2
100135783	182674415	0	null	10120	2014-12-17 17	2
100135783	349476145	0	95qbk6i	1169	2014-11-29 22	4
100135783	349476145	0	95qbkqs	1169	2014-11-29 22	4
100135783	349476145	0	95qbk64	1169	2014-11-29 22	4
100135783	349476145	0	95qbk5m	1169	2014-11-29 22	4
100135783	188130075	0	null	13686	2014-12-10 22	3
100135783	188130075	0	null	13686	2014-12-10 22	3
100135783	188130075	0	null	13686	2014-12-10 22	3
100135783	202008727	0	null	12996	2014-12-09 21	1
100135783	16606019	0	null	10544	2014-12-15 20	3
100135783	16606019	0	null	10544	2014-12-15 20	3
100135783	16606019	0	null	10544	2014-12-15 20	3
100135783	200779942	0	95qbkqv	2158	2014-11-29 21	7
100135783	200779942	0	95qbkq1	2158	2014-11-29 21	7
100135783	200779942	0	null	2158	2014-12-02 09	7
100135783	200779942	0	95qbk4d	2158	2014-11-29 21	7
100135783	200779942	0	95qbk7i	2158	2014-11-29 21	7
100135783	200779942	0	null	2158	2014-12-02 09	7
100135783	200779942	0	95qbk4d	2158	2014-11-29 21	7
100135783	250431072	0	95qbk6h	12791	2014-12-13 20	3
100135783	250431072	0	95qbk5m	12791	2014-12-13 20	3
100135783	250431072	0	95qbk61	12791	2014-12-13 20	3
100135783	78666198	0	null	3944	2014-11-19 20	4
100135783	78666198	0	null	3944	2014-11-19 20	4
100135783	78666198	0	null	3944	2014-11-19 20	4
100135783	78666198	0	null	3944	2014-11-19 20	4
100135783	118006513	0	null	1169	2014-12-09 21	3
100135783	118006513	0	null	1169	2014-12-09 21	3
100135783	118006513	0	null	1169	2014-12-09 21	3
100135783	55307765	0	95qbk65	3673	2014-12-07 21	3
100135783	55307765	0	95qbk5o	3673	2014-12-07 21	3
100135783	55307765	0	95qbk61	3673	2014-12-07 21	3
100135783	217985892	0	null	9086	2014-12-10 22	1
100135783	44869270	0	null	11406	2014-12-08 17	1
100135783	318316309	0	null	7663	2014-12-17 17	3
100135783	318316309	0	null	7663	2014-12-17 17	3
100135783	318316309	0	null	7663	2014-12-17 17	3
100135783	272716835	0	null	12791	2014-12-14 20	1
100135783	29815897	0	95qbk4f	12791	2014-12-13 20	3
100135783	29815897	0	95qbk5d	12791	2014-12-13 20	3
100135783	29815897	0	95qbk6k	12791	2014-12-13 20	3
100135783	329214679	0	95qbk6i	5773	2014-11-29 22	3
100135783	329214679	0	95qbk6u	5773	2014-11-29 22	3
100135783	329214679	0	95qbk5m	5773	2014-11-29 22	3
100135783	306276667	0	null	3673	2014-12-11 20	3
100135783	306276667	0	null	3673	2014-12-11 20	3
100135783	306276667	0	null	3673	2014-12-11 20	3
100135783	72034559	0	null	9820	2014-11-18 21	1
100135783	161156950	0	null	3979	2014-11-19 20	1
100135783	242892968	0	null	12996	2014-12-09 21	3
100135783	242892968	0	null	12996	2014-12-09 21	3
100135783	242892968	0	null	12996	2014-12-09 21	3
100135783	68482152	0	null	9569	2014-12-08 17	1
100135783	290302695	0	null	10894	2014-11-18 20	2
100135783	290302695	0	null	10894	2014-11-18 20	2
100135783	70723562	0	null	11406	2014-12-10 22	3
100135783	70723562	0	null	11406	2014-12-10 22	3
100135783	70723562	0	null	11406	2014-12-10 22	3
100135783	213504025	0	95qbk6l	889	2014-12-18 17	3
100135783	213504025	0	95qbk6d	889	2014-12-18 17	3
100135783	213504025	0	95qbkqk	889	2014-12-18 17	3
100135783	138249700	0	null	9086	2014-12-17 17	2
100135783	138249700	0	null	9086	2014-12-09 21	2
100135783	146403258	0	null	11406	2014-12-10 22	1
100135783	390377771	0	null	11652	2014-11-18 21	1
100135783	148738141	0	null	3475	2014-12-07 12	3
100135783	148738141	0	null	3475	2014-12-07 12	3
100135783	148738141	0	null	3475	2014-12-07 12	3
100135783	285373715	0	95qbk61	12488	2014-12-08 22	2
100135783	285373715	0	95qbk7w	12488	2014-12-08 22	2
100135783	261041915	0	null	12488	2014-12-05 20	4
100135783	261041915	0	null	12488	2014-12-05 20	4
100135783	261041915	0	null	12488	2014-12-05 20	4
100135783	261041915	0	null	12488	2014-12-05 20	4
100135783	265375578	0	null	8327	2014-12-10 22	1
100135783	196522586	0	null	9593	2014-12-10 21	1
100135783	284931923	0	null	4008	2014-12-17 17	1
100135783	401483806	0	null	10356	2014-12-10 22	3
100135783	401483806	0	null	10356	2014-12-10 22	3
100135783	401483806	0	null	10356	2014-12-10 22	3
100135783	353017322	0	95qbk74	2158	2014-11-29 22	3
100135783	353017322	0	95qbkrm	2158	2014-11-29 22	3
100135783	353017322	0	95qbk6i	2158	2014-11-29 22	3
100135783	402425325	0	95qbk7w	12791	2014-11-29 23	4
100135783	402425325	0	95qbkqu	12791	2014-11-29 23	4
100135783	402425325	0	95qbkq0	12791	2014-11-29 23	4
100135783	402425325	0	95qbkq2	12791	2014-11-29 23	4
100135783	110117185	0	null	12488	2014-12-11 21	15
100135783	110117185	0	null	12488	2014-12-11 21	15
100135783	110117185	0	null	12488	2014-12-13 13	15
100135783	110117185	0	95qbk7i	12488	2014-12-07 19	15
100135783	110117185	0	null	12488	2014-12-11 21	15
100135783	110117185	0	95qbk67	12488	2014-12-07 19	15
100135783	110117185	0	null	12488	2014-12-11 21	15
100135783	110117185	0	null	12488	2014-12-11 21	15
100135783	110117185	0	null	12488	2014-12-12 14	15
100135783	110117185	0	95qbk60	12488	2014-12-07 19	15
100135783	110117185	0	95qbkrm	12488	2014-12-07 19	15
100135783	110117185	0	null	12488	2014-12-11 21	15
100135783	110117185	0	null	12488	2014-12-12 14	15
100135783	110117185	0	null	12488	2014-12-11 21	15
100135783	110117185	0	null	12488	2014-12-12 12	15
100135783	161950634	0	null	3673	2014-12-11 20	1
100135783	368511846	0	null	3673	2014-11-18 20	2
100135783	368511846	0	null	3673	2014-11-18 20	2
100135783	255032253	0	null	3475	2014-12-07 12	3
100135783	255032253	0	null	3475	2014-12-07 12	3
100135783	255032253	0	null	3475	2014-12-07 12	3
100135783	142161009	0	95qbk4d	9086	2014-12-13 20	1
100135783	287302005	0	null	7663	2014-12-10 22	3
100135783	287302005	0	null	7663	2014-12-10 22	3
100135783	287302005	0	null	7663	2014-12-10 22	3
100135783	126129911	0	null	3673	2014-11-18 20	4
100135783	126129911	0	null	3673	2014-11-18 20	4
100135783	126129911	0	null	3673	2014-11-18 20	4
100135783	126129911	0	null	3673	2014-11-18 20	4
100135783	386911210	0	null	3673	2014-12-11 20	1
100135783	18949016	0	null	5027	2014-12-11 18	1
100135783	105966906	0	null	12488	2014-12-12 10	6
100135783	105966906	0	null	12488	2014-12-11 21	6
100135783	105966906	0	null	12488	2014-12-11 21	6
100135783	105966906	0	null	12488	2014-12-11 21	6
100135783	105966906	0	95qbk4f	12488	2014-12-07 19	6
100135783	105966906	0	null	12488	2014-12-11 21	6
100135783	36560280	0	null	4269	2014-12-11 20	1
100135783	376521263	0	null	1242	2014-12-17 17	3
100135783	376521263	0	null	1242	2014-12-17 17	3
100135783	376521263	0	null	1242	2014-12-17 17	3
100135783	55006593	0	null	2777	2014-12-10 22	1
100135783	62966400	0	null	12488	2014-12-12 12	1
100135783	361697021	0	null	3673	2014-12-11 20	1
100135783	81431482	0	null	4584	2014-11-19 20	1
100135783	61250548	0	95qbkqn	2158	2014-11-29 22	2
100135783	61250548	0	95qbk4f	2158	2014-11-29 22	2
100135783	129671254	0	null	6691	2014-12-17 17	1
100135783	30348759	0	null	12791	2014-11-18 16	3
100135783	30348759	0	null	12791	2014-11-18 16	3
100135783	30348759	0	null	12791	2014-11-18 16	3
100135783	181371107	0	95qbk63	11406	2014-12-08 22	1
100135783	71194015	0	95qbk6r	7390	2014-11-29 21	3
100135783	71194015	0	95qbk6t	7390	2014-11-29 21	3
100135783	71194015	0	95qbk66	7390	2014-11-29 21	3
100135783	292302418	0	95qbk65	5773	2014-11-29 22	3
100135783	292302418	0	95qbkq2	5773	2014-11-29 22	3
100135783	292302418	0	95qbk79	5773	2014-11-29 22	3
100135783	11626417	0	null	3673	2014-12-11 20	1
100135783	321001979	0	null	10735	2014-12-10 22	3
100135783	321001979	0	null	10735	2014-12-10 22	3
100135783	321001979	0	null	10735	2014-12-10 22	3
100135783	210384667	0	95qbk5o	6794	2014-12-13 20	1
100135783	184826446	0	null	5027	2014-12-11 18	1
100135783	327777707	0	null	1169	2014-12-09 21	3
100135783	327777707	0	null	1169	2014-12-09 21	3
100135783	327777707	0	null	1169	2014-12-09 21	3
100135783	134970163	0	null	3673	2014-12-11 20	1
100135783	316087475	0	null	3266	2014-12-10 22	3
100135783	316087475	0	null	3266	2014-12-10 22	3
100135783	316087475	0	null	3266	2014-12-10 22	3
100135783	180689274	0	null	3475	2014-12-07 12	3
100135783	180689274	0	null	3475	2014-12-07 12	3
100135783	180689274	0	null	3475	2014-12-07 12	3
100135783	235289712	0	null	10523	2014-12-15 15	1
100135783	314262549	0	null	10523	2014-12-15 15	1
100135783	400188221	0	null	9086	2014-12-17 18	1
100135783	375111286	0	null	5712	2014-12-10 22	1
100135783	45878676	0	null	3709	2014-11-19 20	2
100135783	45878676	0	null	3709	2014-11-19 20	2
100135783	283056144	0	null	11824	2014-12-04 21	1
100135783	332780262	0	null	12685	2014-12-17 20	2
100135783	332780262	0	null	12685	2014-12-17 20	2
100135783	240645456	0	95qbk74	7484	2014-12-08 22	2
100135783	240645456	0	95qbk66	7484	2014-12-08 22	2
100135783	295089897	0	95qbk7w	1169	2014-12-13 20	3
100135783	295089897	0	95qbkqs	1169	2014-12-13 20	3
100135783	295089897	0	95qbk5o	1169	2014-12-13 20	3
100135783	301609580	0	null	8561	2014-12-10 22	1
100135783	291488536	0	null	3475	2014-12-07 12	4
100135783	291488536	0	null	3475	2014-12-07 12	4
100135783	291488536	0	null	3475	2014-12-07 12	4
100135783	291488536	0	null	3475	2014-12-07 12	4
100135783	263869944	0	null	1978	2014-12-10 21	3
100135783	263869944	0	null	1978	2014-12-10 21	3
100135783	263869944	0	null	1978	2014-12-10 21	3
100135783	286529220	0	null	12791	2014-11-23 13	6
100135783	286529220	0	null	12791	2014-11-23 13	6
100135783	286529220	0	null	12791	2014-11-23 13	6
100135783	286529220	0	null	12791	2014-11-23 13	6
100135783	286529220	0	null	12791	2014-11-18 16	6
100135783	286529220	0	null	12791	2014-11-18 16	6
100135783	183708806	0	null	3475	2014-12-07 10	2
100135783	183708806	0	null	3475	2014-12-07 10	2
100135783	86220213	0	null	3673	2014-11-18 20	4
100135783	86220213	0	null	3673	2014-11-18 20	4
100135783	86220213	0	null	3673	2014-11-18 20	4
100135783	86220213	0	null	3673	2014-11-18 20	4
100135783	235412136	0	null	9593	2014-12-10 22	1
100135783	19885284	0	null	5712	2014-12-10 22	1
100135783	350542871	0	null	1843	2014-12-17 20	2
100135783	350542871	0	null	1843	2014-12-17 20	2
100135783	234039455	0	null	3673	2014-12-11 20	1
100135783	106748887	0	null	3475	2014-12-07 10	1
100135783	217189025	0	null	10344	2014-11-19 20	1
100135783	346676117	0	null	12791	2014-11-23 13	3
100135783	346676117	0	null	12791	2014-11-23 13	3
100135783	346676117	0	null	12791	2014-11-23 13	3
100135783	155824258	0	null	3673	2014-12-12 14	4
100135783	155824258	0	null	3673	2014-12-11 20	4
100135783	155824258	0	null	3673	2014-12-11 20	4
100135783	155824258	0	null	3673	2014-12-11 20	4
100135783	198312297	0	null	12791	2014-11-23 13	1
100135783	140525700	0	95qbk5m	8210	2014-12-13 21	2
100135783	140525700	0	95qbkqb	8210	2014-12-13 21	2
100135783	223943030	0	null	9593	2014-12-10 21	1
100135783	335443460	0	null	3673	2014-12-11 20	3
100135783	335443460	0	null	3673	2014-12-11 20	3
100135783	335443460	0	null	3673	2014-12-11 20	3
100135783	217840249	0	null	10120	2014-12-10 22	1
100135783	193716849	0	null	3956	2014-12-08 17	3
100135783	193716849	0	null	3956	2014-12-08 17	3
100135783	193716849	0	null	3956	2014-12-08 17	3
100135783	338712674	0	null	10544	2014-12-15 20	2
100135783	338712674	0	null	10544	2014-12-15 20	2
100135783	169416751	0	95qbkqs	2993	2014-12-07 21	1
100135783	393775857	0	95qbk6v	1463	2014-12-13 20	1
100135783	128069839	0	95qbkqn	3673	2014-12-07 21	1
100135783	245023378	0	null	10356	2014-12-17 17	4
100135783	245023378	0	null	10356	2014-12-17 17	4
100135783	245023378	0	null	10356	2014-12-17 17	4
100135783	245023378	0	null	10356	2014-12-17 17	4
100135783	64407180	0	null	11406	2014-12-08 17	1
100135783	36467429	0	null	5027	2014-12-11 18	1
100135783	75593632	0	null	12996	2014-12-09 21	1
100135783	144640	0	95qbkqn	5773	2014-11-29 22	3
100135783	144640	0	95qbk62	5773	2014-11-29 22	3
100135783	144640	0	95qbkqs	5773	2014-11-29 22	3
100135783	196910344	0	null	9569	2014-12-08 17	1
100135783	19560650	0	null	12488	2014-12-11 21	1
100135783	273011646	0	null	10523	2014-12-15 15	1
100135783	400602997	0	null	10063	2014-12-10 22	1
100135783	167250356	0	95qbk4d	9820	2014-12-07 21	1
100135783	387573297	0	null	11406	2014-12-08 17	1
100135783	9152245	0	null	12996	2014-12-09 21	3
100135783	9152245	0	null	12996	2014-12-09 21	3
100135783	9152245	0	null	12996	2014-12-09 21	3
100135783	100682065	0	null	9569	2014-12-08 17	3
100135783	100682065	0	null	9569	2014-12-08 17	3
100135783	100682065	0	null	9569	2014-12-08 17	3
100135783	300909857	0	95qbk6u	9569	2014-12-08 22	1
100135783	341105211	0	null	8561	2014-12-10 22	1
100135783	42945	0	null	11406	2014-11-19 09	1
100135783	176851972	0	null	3956	2014-12-10 22	1
100135783	264084447	0	95qbkqa	10120	2014-12-13 20	2
100135783	264084447	0	95qbk4d	10120	2014-12-13 20	2
100135783	212357811	0	95qbkrm	1169	2014-12-13 20	1
100135783	337173335	0	95qbk6k	12791	2014-11-29 23	2
100135783	337173335	0	95qbk4d	12791	2014-11-29 23	2
100135783	262486221	0	null	9829	2014-12-08 17	2
100135783	262486221	0	null	9829	2014-12-08 17	2
100135783	149865571	0	null	9086	2014-12-17 17	2
100135783	149865571	0	null	9086	2014-12-10 22	2
100135783	231827460	0	95qbkqn	12488	2014-12-07 19	1
100135783	307883587	0	null	7484	2014-12-14 21	1
100135783	170093099	0	95qbkq2	3673	2014-12-07 21	1
100135783	317443621	0	null	12996	2014-12-09 21	1
100135783	199667346	0	95qbk75	1169	2014-12-13 20	1
100135783	213625255	0	95qbk6q	12488	2014-12-07 19	1
100135783	380459722	0	null	3673	2014-12-17 20	2
100135783	380459722	0	null	3673	2014-12-17 20	2
100135783	42711947	0	null	5712	2014-12-10 22	1
100135783	19758632	0	null	3673	2014-12-17 20	3
100135783	19758632	0	null	3673	2014-12-17 20	3
100135783	19758632	0	null	3673	2014-12-17 20	3
100135783	301226191	0	null	10523	2014-12-15 15	1
100135783	240901487	0	null	3944	2014-12-17 20	4
100135783	240901487	0	null	3944	2014-12-17 20	4
100135783	240901487	0	null	3944	2014-12-17 20	4
100135783	240901487	0	null	3944	2014-12-17 20	4
100135783	345191843	0	null	11406	2014-12-10 22	1
100135783	117604391	0	null	5027	2014-12-14 21	1
100135783	13208646	0	null	3475	2014-12-07 12	5
100135783	13208646	0	null	3475	2014-12-07 12	5
100135783	13208646	0	null	3475	2014-12-07 12	5
100135783	13208646	0	null	3475	2014-12-07 12	5
100135783	13208646	0	null	3475	2014-12-07 12	5
100135783	207081833	0	null	5712	2014-12-10 22	1
100135783	370186751	0	null	6344	2014-11-18 12	1
100135783	278545011	0	null	11406	2014-12-08 17	3
100135783	278545011	0	null	11406	2014-12-08 17	3
100135783	278545011	0	null	11406	2014-12-08 17	3
100135783	208416930	0	null	8371	2014-11-19 20	2
100135783	208416930	0	null	8371	2014-11-19 20	2
100135783	32416154	0	null	10290	2014-12-12 15	1
100135783	287804778	0	null	12996	2014-12-09 21	1
100135783	136458392	0	95qbk7w	2158	2014-11-29 21	1
100135783	101478025	0	null	9396	2014-11-18 20	2
100135783	101478025	0	null	9396	2014-11-18 20	2
100135783	208198114	0	null	11824	2014-12-04 21	3
100135783	208198114	0	null	11824	2014-12-04 21	3
100135783	208198114	0	null	11824	2014-12-04 21	3
100135783	74589296	0	null	5027	2014-12-11 18	1
100135783	132309981	0	null	10544	2014-12-15 20	3
100135783	132309981	0	null	10544	2014-12-15 20	3
100135783	132309981	0	null	10544	2014-12-15 20	3
100135783	127840028	0	95qbk6w	9815	2014-11-29 21	1
100135783	209250294	0	null	12488	2014-12-11 21	2
100135783	209250294	0	null	12488	2014-12-11 21	2
100135783	141526324	0	null	6794	2014-12-11 21	1
100135783	72833488	0	null	3673	2014-11-18 20	2
100135783	72833488	0	null	3673	2014-11-18 20	2
100135783	203742976	0	null	6194	2014-11-29 20	2
100135783	203742976	0	null	6194	2014-11-29 20	2
100135783	326608103	0	null	2667	2014-11-18 21	2
100135783	326608103	0	null	2667	2014-11-18 21	2
100135783	353054211	0	null	5712	2014-12-10 22	1
