100121281	13526828	0	null	1083	2014-12-10 16	1
100121281	190414951	0	95lknu5	5232	2014-11-26 18	1
100121281	196051429	0	null	5027	2014-11-29 22	1
100121281	336839038	0	95lkn0j	3940	2014-11-18 19	2
100121281	336839038	0	95lknsb	3940	2014-11-18 19	2
100121281	200712059	0	95lkn0m	5232	2014-11-26 18	3
100121281	200712059	0	95lkn0d	5232	2014-11-26 18	3
100121281	200712059	0	95lkn1l	5232	2014-11-26 18	3
100121281	51193695	0	95lknsf	11279	2014-12-09 21	1
100121281	330186624	0	95lkn1o	9327	2014-11-30 11	3
100121281	330186624	0	95lknv4	9327	2014-11-30 11	3
100121281	330186624	0	95lknuv	9327	2014-11-30 11	3
100121281	335034116	0	null	11279	2014-12-09 10	2
100121281	335034116	0	null	11279	2014-12-09 10	2
100121281	136400892	0	95lkr7p	13230	2014-12-08 17	3
100121281	136400892	0	95lkrwj	13230	2014-12-08 17	3
100121281	136400892	0	95lkrrg	13230	2014-12-08 17	3
100121281	307640739	0	95lknu0	5749	2014-12-06 17	1
100121281	17562282	0	95lknu1	5749	2014-12-02 19	1
100121281	247277147	0	95lknv2	6513	2014-12-07 15	4
100121281	247277147	0	95lknvs	6513	2014-12-07 15	4
100121281	247277147	0	95lknu4	6513	2014-12-07 15	4
100121281	247277147	0	95lknu4	6513	2014-12-07 15	4
100121281	7485493	0	null	4676	2014-12-09 10	2
100121281	7485493	0	null	4676	2014-12-09 10	2
100121281	398984792	0	95lkr7r	6344	2014-11-19 13	1
100121281	381692525	0	null	5027	2014-11-29 21	1
100121281	220850746	0	null	5399	2014-12-02 11	2
100121281	220850746	0	null	5399	2014-12-02 11	2
100121281	78094453	0	95lkntc	4190	2014-11-30 11	4
100121281	78094453	0	95lknu1	4190	2014-11-30 11	4
100121281	78094453	0	95lknur	4190	2014-11-30 11	4
100121281	78094453	0	95lknvq	4190	2014-11-30 11	4
100121281	78596388	0	95lknu4	6795	2014-12-14 19	2
100121281	78596388	0	95lkn0o	6795	2014-12-14 19	2
100121281	162017673	0	null	5232	2014-11-26 09	1
100121281	144710964	0	null	5027	2014-11-29 21	1
100121281	22967916	0	null	5399	2014-12-01 12	3
100121281	22967916	0	null	5399	2014-12-01 12	3
100121281	22967916	0	null	5399	2014-12-01 12	3
100121281	47627841	0	null	5399	2014-12-11 09	2
100121281	47627841	0	null	5399	2014-12-11 09	2
100121281	40405160	0	95lkn1o	4269	2014-11-30 11	3
100121281	40405160	0	95lknsf	4269	2014-11-30 11	3
100121281	40405160	0	null	4269	2014-12-11 13	3
100121281	213038347	0	95lknu0	1083	2014-12-07 14	1
100121281	119742762	0	95lkn1l	451	2014-12-13 20	1
100121281	118291879	0	95lknv5	13396	2014-11-30 11	1
100121281	29884705	0	null	5027	2014-11-29 21	3
100121281	29884705	0	null	5027	2014-11-29 21	3
100121281	29884705	0	null	5027	2014-11-29 21	3
100121281	9530449	0	null	451	2014-12-11 13	1
100121281	350820435	0	null	8291	2014-12-14 22	1
100121281	385068306	0	null	1083	2014-12-10 16	1
100121281	204446146	0	null	13665	2014-12-14 22	2
100121281	204446146	0	null	13665	2014-12-14 22	2
100121281	113734464	0	null	5027	2014-11-29 21	1
100121281	243093942	0	null	7911	2014-12-14 22	2
100121281	243093942	0	null	7911	2014-12-14 22	2
100121281	262481777	0	null	5399	2014-11-29 22	1
100121281	46896571	0	null	4676	2014-11-26 09	3
100121281	46896571	0	null	4676	2014-11-26 09	3
100121281	46896571	0	null	4676	2014-11-26 09	3
100121281	329047530	0	95lkn0e	13230	2014-11-26 22	4
100121281	329047530	0	95lknu1	13230	2014-11-26 22	4
100121281	329047530	0	95lknuq	13230	2014-11-26 22	4
100121281	329047530	0	95lknvq	13230	2014-11-26 22	4
100121281	379053148	0	95lknv7	5232	2014-11-26 18	1
100121281	195093435	0	95lknvq	13230	2014-11-26 22	4
100121281	195093435	0	95lknu1	13230	2014-11-26 22	4
100121281	195093435	0	95lknvq	13230	2014-11-26 22	4
100121281	195093435	0	95lkn1l	13230	2014-11-26 22	4
100121281	304221348	0	null	6209	2014-11-27 13	2
100121281	304221348	0	null	6209	2014-11-27 13	2
100121281	97728812	0	null	10481	2014-12-11 13	1
100121281	160399779	0	null	1083	2014-12-10 16	1
100121281	13671130	0	95lkn0d	13230	2014-11-26 22	3
100121281	13671130	0	95lknu0	13230	2014-11-26 22	3
100121281	13671130	0	95lknuu	13230	2014-11-26 22	3
100121281	28070180	0	95lkrrd	4999	2014-12-08 17	2
100121281	28070180	0	95lkr74	4999	2014-12-08 17	2
100121281	229222156	0	null	7195	2014-11-25 10	2
100121281	229222156	0	null	7195	2014-11-25 10	2
100121281	121139895	0	95lknsf	5232	2014-12-13 20	1
100121281	182093627	0	95lkn0k	1083	2014-12-11 23	1
100121281	151403103	0	95lkr72	1863	2014-11-19 12	1
100121281	91520195	0	null	12368	2014-11-23 22	2
100121281	91520195	0	null	12368	2014-11-23 22	2
100121281	3491675	0	null	4676	2014-11-26 10	1
100121281	247037441	0	95lkn1h	1083	2014-12-01 20	4
100121281	247037441	0	95lknuv	1083	2014-12-01 20	4
100121281	247037441	0	95lkn1j	1083	2014-12-01 20	4
100121281	247037441	0	95lkn0d	1083	2014-12-01 20	4
100121281	299558031	0	null	5206	2014-12-15 21	1
100121281	221256203	0	null	1083	2014-12-11 09	2
100121281	221256203	0	null	1083	2014-12-11 09	2
100121281	120183505	0	95lkrrm	7712	2014-11-26 12	1
100121281	117324901	0	null	5027	2014-11-29 21	1
100121281	385604673	0	null	5027	2014-11-29 21	1
100121281	68922513	0	null	5027	2014-11-29 21	1
100121281	262493970	0	95lknv6	13230	2014-11-26 22	1
100121281	339493963	0	95lkntt	5399	2014-12-07 15	2
100121281	339493963	0	95lkntt	5399	2014-12-07 15	2
100121281	76929075	0	95lkntu	8877	2014-12-14 10	9
100121281	76929075	0	95lknu2	8877	2014-12-14 10	9
100121281	76929075	0	95lkn0k	8877	2014-12-14 10	9
100121281	76929075	0	95lknu0	8877	2014-12-14 10	9
100121281	76929075	0	95lkn1j	8877	2014-12-14 10	9
100121281	76929075	0	95lknu4	8877	2014-12-14 10	9
100121281	76929075	0	95lkn0d	8877	2014-12-14 10	9
100121281	76929075	0	95lknvr	8877	2014-12-14 11	9
100121281	76929075	0	95lkn0g	8877	2014-12-14 10	9
100121281	228337878	0	95lknuc	9053	2014-12-14 19	2
100121281	228337878	0	95lkn0a	9053	2014-12-14 19	2
100121281	165533216	0	null	3271	2014-12-05 11	2
100121281	165533216	0	null	3271	2014-12-05 11	2
100121281	172535084	0	null	12982	2014-12-12 09	2
100121281	172535084	0	null	12982	2014-12-12 08	2
100121281	375899723	0	null	4676	2014-11-26 10	1
100121281	399257411	0	95lkhw1	1083	2014-12-12 07	10
100121281	399257411	0	95lkhrw	1083	2014-12-12 07	10
100121281	399257411	0	95lknu1	1083	2014-12-11 23	10
100121281	399257411	0	95lkhwo	1083	2014-12-12 07	10
100121281	399257411	0	95lknv5	1083	2014-12-11 23	10
100121281	399257411	0	95lkhwn	1083	2014-12-12 07	10
100121281	399257411	0	95lkhri	1083	2014-12-12 07	10
100121281	399257411	0	95lkhre	1083	2014-12-12 07	10
100121281	399257411	0	95lknvh	1083	2014-12-11 23	10
100121281	399257411	0	95lkhr0	1083	2014-12-12 07	10
100121281	267818285	0	95lkntc	3660	2014-12-07 15	4
100121281	267818285	0	95lkn0l	3660	2014-12-07 15	4
100121281	267818285	0	95lkn0f	3660	2014-12-07 15	4
100121281	267818285	0	95lkn0f	3660	2014-12-07 15	4
100121281	53555356	0	95lkr1q	1863	2014-12-05 20	1
100121281	173913336	0	null	5399	2014-11-29 22	3
100121281	173913336	0	null	5399	2014-11-29 22	3
100121281	173913336	0	null	5399	2014-11-29 22	3
100121281	25630241	0	null	5027	2014-11-29 21	3
100121281	25630241	0	null	5027	2014-11-29 21	3
100121281	25630241	0	null	5027	2014-11-29 21	3
100121281	10054861	0	null	2825	2014-12-02 11	3
100121281	10054861	0	95lkr6v	2825	2014-12-02 12	3
100121281	10054861	0	null	2825	2014-12-02 11	3
100121281	365405107	0	null	5027	2014-11-29 21	1
100121281	277119563	0	null	11279	2014-12-09 10	2
100121281	277119563	0	null	11279	2014-12-09 10	2
100121281	24212002	0	95lknu1	390	2014-11-18 19	2
100121281	24212002	0	95lknuq	390	2014-11-18 19	2
100121281	77892891	0	95lknvh	9261	2014-12-08 21	1
100121281	143996904	0	null	5399	2014-12-01 12	2
100121281	143996904	0	null	5399	2014-12-01 12	2
100121281	191425211	0	null	9261	2014-12-10 10	1
100121281	296961660	0	null	5232	2014-11-27 12	3
100121281	296961660	0	null	5232	2014-11-27 12	3
100121281	296961660	0	null	5232	2014-11-27 12	3
100121281	160849931	0	null	1083	2014-12-02 11	2
100121281	160849931	0	null	1083	2014-12-02 11	2
100121281	188302483	0	95lkr6c	1863	2014-12-05 20	1
100121281	386629087	0	95lkwrf	5027	2014-12-07 21	1
100121281	280524879	0	95lkwrr	5027	2014-12-07 21	1
100121281	312295863	0	95lknuq	1083	2014-12-11 23	3
100121281	312295863	0	95lkn1o	1083	2014-12-11 23	3
100121281	312295863	0	95lknut	1083	2014-12-11 23	3
100121281	164613416	0	null	1159	2014-12-11 13	2
100121281	164613416	0	null	1159	2014-12-11 13	2
100121281	301736723	0	95lknu4	6000	2014-12-09 21	1
100121281	287702406	0	95lkn1k	12368	2014-12-09 21	1
100121281	246956189	0	95lkr71	8849	2014-11-19 13	1
100121281	369492495	0	95lknt3	6513	2014-12-02 19	3
100121281	369492495	0	95lknu4	6513	2014-12-02 19	3
100121281	369492495	0	95lknvr	6513	2014-12-02 19	3
100121281	239604707	0	null	5027	2014-12-10 16	1
100121281	6375163	0	95lknu4	8877	2014-12-14 11	14
100121281	6375163	0	95lknu3	8877	2014-12-16 19	14
100121281	6375163	0	95lkn0m	8877	2014-12-14 10	14
100121281	6375163	0	95lkn0f	8877	2014-12-14 11	14
100121281	6375163	0	95lknv5	8877	2014-12-16 19	14
100121281	6375163	0	95lknuh	8877	2014-12-16 19	14
100121281	6375163	0	95lknv7	8877	2014-12-14 10	14
100121281	6375163	0	95lkn0a	8877	2014-12-14 10	14
100121281	6375163	0	95lknus	8877	2014-12-14 10	14
100121281	6375163	0	95lkn0e	8877	2014-12-14 11	14
100121281	6375163	0	95lkn0d	8877	2014-12-14 11	14
100121281	6375163	0	95lknut	8877	2014-12-14 10	14
100121281	6375163	0	95lkn1m	8877	2014-12-14 11	14
100121281	6375163	0	95lkn1o	8877	2014-12-16 19	14
100121281	92401255	0	95lkn0m	10507	2014-12-14 19	1
100121281	91492005	0	null	4676	2014-11-26 10	1
100121281	196511421	0	95lkr6q	5494	2014-11-19 13	3
100121281	196511421	0	95lkr71	5494	2014-11-19 13	3
100121281	196511421	0	95lkr7w	5494	2014-11-19 13	3
100121281	18503828	0	95lknvq	4676	2014-11-30 11	2
100121281	18503828	0	95lknu6	4676	2014-11-30 11	2
100121281	193955758	0	95lknuw	13230	2014-11-26 22	1
100121281	13534112	0	95lkrrk	5894	2014-12-08 17	3
100121281	13534112	0	95lkr70	5894	2014-12-08 17	3
100121281	13534112	0	95lkr66	5894	2014-12-08 17	3
100121281	383218848	0	null	11623	2014-11-28 13	1
100121281	146673636	0	95lknuu	4676	2014-11-30 11	3
100121281	146673636	0	95lkn0e	4676	2014-11-30 11	3
100121281	146673636	0	95lknu5	4676	2014-11-30 11	3
100121281	102283489	0	95lknus	437	2014-12-09 21	2
100121281	102283489	0	95lkn1i	437	2014-12-09 21	2
100121281	97063600	0	95lkn0f	1083	2014-12-07 14	1
100121281	12163426	0	95lknuq	1083	2014-12-11 23	5
100121281	12163426	0	95lknuc	1083	2014-12-11 23	5
100121281	12163426	0	95lknv7	1083	2014-12-11 23	5
100121281	12163426	0	95lkn0a	1083	2014-12-11 23	5
100121281	12163426	0	95lknuh	1083	2014-12-11 23	5
100121281	387628878	0	95lknu0	1083	2014-12-11 23	3
100121281	387628878	0	95lknuq	1083	2014-12-11 23	3
100121281	387628878	0	95lknu4	1083	2014-12-11 23	3
100121281	272465418	0	95lknus	10773	2014-11-24 18	2
100121281	272465418	0	95lkn1m	10773	2014-11-24 18	2
100121281	400262265	0	95lkn1m	5232	2014-12-01 20	3
100121281	400262265	0	95lkntt	5232	2014-12-01 20	3
100121281	400262265	0	95lkn0i	5232	2014-12-01 20	3
100121281	292959494	0	95lkr2q	10894	2014-12-05 20	2
100121281	292959494	0	95lkr7d	10894	2014-12-05 20	2
100121281	44073789	0	95lknur	437	2014-12-07 15	1
100121281	261425032	0	null	5399	2014-11-29 22	1
100121281	144955392	0	95lkn0f	1863	2014-12-06 17	1
100121281	84012136	0	95lkhrq	10894	2014-12-12 07	1
100121281	94265338	0	95lknup	5017	2014-11-22 18	2
100121281	94265338	0	95lkn1o	5017	2014-11-22 18	2
100121281	133044703	0	null	6575	2014-11-27 13	2
100121281	133044703	0	null	6575	2014-11-27 13	2
100121281	376243484	0	95lknuu	1083	2014-12-01 21	1
100121281	264328657	0	null	4676	2014-11-26 10	1
100121281	220100694	0	95lknv4	1083	2014-12-01 21	3
100121281	220100694	0	95lkn1j	1083	2014-12-01 21	3
100121281	220100694	0	95lknvp	1083	2014-12-01 21	3
100121281	146976171	0	null	10894	2014-12-12 08	2
100121281	146976171	0	null	10894	2014-12-12 08	2
100121281	21029633	0	null	1083	2014-12-02 11	3
100121281	21029633	0	null	1083	2014-12-02 11	3
100121281	21029633	0	null	1083	2014-12-02 11	3
100121281	144073082	0	null	1083	2014-12-01 14	3
100121281	144073082	0	null	1083	2014-12-01 14	3
100121281	144073082	0	null	1083	2014-12-01 14	3
100121281	345937494	0	95lkr72	5027	2014-11-19 12	4
100121281	345937494	0	95lknu0	5027	2014-11-18 19	4
100121281	345937494	0	95lkr72	5027	2014-11-19 12	4
100121281	345937494	0	95lknu6	5027	2014-11-18 19	4
100121281	17292222	0	95lkr7k	5494	2014-11-19 13	1
100121281	241388469	0	95lkr71	4640	2014-11-26 12	3
100121281	241388469	0	95lkr6u	4640	2014-11-26 12	3
100121281	241388469	0	95lkr6q	4640	2014-11-26 12	3
100121281	105730080	0	null	10894	2014-11-27 15	3
100121281	105730080	0	null	10894	2014-11-27 15	3
100121281	105730080	0	95lkn0e	10894	2014-11-18 19	3
100121281	246191183	0	null	4676	2014-11-26 10	3
100121281	246191183	0	null	4676	2014-11-26 10	3
100121281	246191183	0	null	4676	2014-11-26 10	3
100121281	125822359	0	95lknvp	13932	2014-11-18 19	2
100121281	125822359	0	95lknvp	13932	2014-11-18 19	2
100121281	35269053	0	95lkr26	5653	2014-12-05 20	1
100121281	191303216	0	null	8291	2014-12-12 12	2
100121281	191303216	0	null	8291	2014-12-12 12	2
100121281	33543547	0	null	1083	2014-11-25 12	2
100121281	33543547	0	null	1083	2014-11-25 12	2
100121281	334351497	0	95lkn0f	5494	2014-12-02 19	2
100121281	334351497	0	95lknuq	5494	2014-12-02 19	2
100121281	363277235	0	95lkn0j	1083	2014-11-30 19	4
100121281	363277235	0	95lknu2	1083	2014-11-30 19	4
100121281	363277235	0	95lknvq	1083	2014-11-30 19	4
100121281	363277235	0	95lknv4	1083	2014-11-30 19	4
100121281	28145579	0	95lkn1l	1083	2014-12-02 19	16
100121281	28145579	0	95lkntu	1083	2014-12-01 21	16
100121281	28145579	0	95lkn1i	1083	2014-12-06 11	16
100121281	28145579	0	95lkn0o	1083	2014-12-06 11	16
100121281	28145579	0	95lknu5	1083	2014-12-01 21	16
100121281	28145579	0	95lknvp	1083	2014-12-01 21	16
100121281	28145579	0	95lkn0j	1083	2014-12-01 21	16
100121281	28145579	0	95lknu9	1083	2014-12-06 11	16
100121281	28145579	0	95lkntc	1083	2014-12-06 11	16
100121281	28145579	0	95lkn1m	1083	2014-12-01 21	16
100121281	28145579	0	95lknu7	1083	2014-12-01 21	16
100121281	28145579	0	95lkn0o	1083	2014-12-01 21	16
100121281	28145579	0	95lkn0m	1083	2014-12-01 21	16
100121281	28145579	0	95lkn0e	1083	2014-12-02 19	16
100121281	28145579	0	95lkn0f	1083	2014-12-01 21	16
100121281	28145579	0	95lknus	1083	2014-12-06 11	16
100121281	357377727	0	95lkr71	1863	2014-11-19 12	3
100121281	357377727	0	95lkr7q	1863	2014-11-19 12	3
100121281	357377727	0	95lkr6c	1863	2014-11-19 12	3
100121281	37497385	0	95lknvp	1083	2014-12-07 14	3
100121281	37497385	0	95lkn1j	1083	2014-12-07 14	3
100121281	37497385	0	95lkn0j	1083	2014-12-07 14	3
100121281	247894113	0	95lkn0b	5027	2014-12-11 21	2
100121281	247894113	0	95lknu3	5027	2014-12-11 21	2
100121281	193057533	0	null	2953	2014-11-27 15	2
100121281	193057533	0	null	2953	2014-11-27 15	2
100121281	198780892	0	95lkhrw	10894	2014-12-12 07	1
100121281	276866194	0	95lkn1o	451	2014-12-11 21	2
100121281	276866194	0	95lknu2	451	2014-12-11 21	2
100121281	54867250	0	95lkhrv	1083	2014-12-12 07	1
100121281	128613931	0	95lkn1l	1083	2014-12-11 23	1
100121281	162792819	0	null	1863	2014-11-20 09	1
100121281	266610092	0	95lkhro	1083	2014-12-12 07	7
100121281	266610092	0	95lkhrn	1083	2014-12-12 07	7
100121281	266610092	0	95lkhrw	1083	2014-12-12 07	7
100121281	266610092	0	95lkn0l	1083	2014-12-07 14	7
100121281	266610092	0	null	1083	2014-12-12 06	7
100121281	266610092	0	null	1083	2014-12-12 06	7
100121281	266610092	0	null	1083	2014-12-12 06	7
100121281	376041142	0	null	5027	2014-11-29 21	1
100121281	338918647	0	95lkr75	1083	2014-12-10 14	1
100121281	293517202	0	null	6000	2014-12-08 14	3
100121281	293517202	0	null	6000	2014-12-08 14	3
100121281	293517202	0	null	6000	2014-12-08 14	3
100121281	17616723	0	95lkn0e	10533	2014-12-06 17	2
100121281	17616723	0	95lkn0j	10533	2014-12-06 17	2
100121281	290727306	0	95lknuw	5232	2014-11-26 18	3
100121281	290727306	0	95lkn0l	5232	2014-11-26 18	3
100121281	290727306	0	95lknur	5232	2014-11-26 18	3
100121281	224936017	0	null	13230	2014-11-29 22	1
100121281	323494010	0	95lknvh	508	2014-11-18 19	2
100121281	323494010	0	95lkn1l	508	2014-11-18 19	2
100121281	365165814	0	95lknv6	5232	2014-11-26 18	3
100121281	365165814	0	95lkn1j	5232	2014-11-26 18	3
100121281	365165814	0	95lkn1o	5232	2014-11-26 18	3
100121281	145875902	0	95lknu7	5399	2014-11-30 11	2
100121281	145875902	0	95lknsg	5399	2014-11-30 11	2
100121281	68767735	0	95lknun	5399	2014-11-18 19	2
100121281	68767735	0	95lknu7	5399	2014-11-18 19	2
100121281	352912326	0	95lknu5	1083	2014-12-11 23	3
100121281	352912326	0	95lknsf	1083	2014-12-11 23	3
100121281	352912326	0	95lknu5	1083	2014-12-11 23	3
100121281	359830684	0	95lkhr2	1083	2014-12-12 07	2
100121281	359830684	0	95lkrrl	1083	2014-12-10 15	2
100121281	380797554	0	95lkhr5	1083	2014-12-12 08	1
100121281	317547773	0	null	12189	2014-12-09 10	3
100121281	317547773	0	null	12189	2014-12-09 10	3
100121281	317547773	0	null	12189	2014-12-09 10	3
100121281	277134479	0	95lkn1l	437	2014-12-09 21	1
100121281	184562569	0	null	6513	2014-12-11 09	2
100121281	184562569	0	null	6513	2014-12-11 09	2
100121281	263372322	0	null	4676	2014-11-26 10	3
100121281	263372322	0	null	4676	2014-11-26 10	3
100121281	263372322	0	null	4676	2014-11-26 10	3
100121281	166535947	0	95lknun	1083	2014-12-01 20	3
100121281	166535947	0	95lknu9	1083	2014-12-01 20	3
100121281	166535947	0	95lknur	1083	2014-12-01 20	3
100121281	300781661	0	95lknup	9261	2014-12-11 22	1
100121281	232292099	0	95lknu2	1083	2014-12-11 23	3
100121281	232292099	0	95lkhw6	1083	2014-12-12 07	3
100121281	232292099	0	95lknv6	1083	2014-12-07 14	3
100121281	403290	0	95lknu0	451	2014-12-09 21	2
100121281	403290	0	95lkn0i	451	2014-12-09 21	2
100121281	79446881	0	null	4370	2014-12-10 10	2
100121281	79446881	0	null	4370	2014-12-10 10	2
100121281	129083626	0	null	5027	2014-11-29 21	3
100121281	129083626	0	null	5027	2014-11-29 21	3
100121281	129083626	0	null	5027	2014-11-29 21	3
100121281	299772765	0	null	552	2014-11-27 15	13
100121281	299772765	0	null	552	2014-11-28 10	13
100121281	299772765	0	null	552	2014-11-25 14	13
100121281	299772765	0	null	552	2014-11-25 14	13
100121281	299772765	0	null	552	2014-11-25 14	13
100121281	299772765	0	null	552	2014-11-28 10	13
100121281	299772765	0	null	552	2014-11-27 15	13
100121281	299772765	0	null	552	2014-11-18 10	13
100121281	299772765	0	null	552	2014-11-28 10	13
100121281	299772765	0	null	552	2014-11-25 14	13
100121281	299772765	0	null	552	2014-11-25 14	13
100121281	299772765	0	null	552	2014-11-28 10	13
100121281	299772765	0	null	552	2014-11-18 10	13
100121281	81253507	0	95lkr6p	5494	2014-11-19 13	3
100121281	81253507	0	95lkr7n	5494	2014-11-19 13	3
100121281	81253507	0	95lkr67	5494	2014-11-19 13	3
100121281	398005698	0	95lkn1l	13230	2014-11-18 19	2
100121281	398005698	0	95lknur	13230	2014-11-18 19	2
100121281	192384667	0	95lkr6o	1863	2014-12-05 20	1
100121281	341494981	0	null	11279	2014-11-18 10	2
100121281	341494981	0	null	11279	2014-11-18 10	2
100121281	191341725	0	95lkhrc	1083	2014-12-12 07	2
100121281	191341725	0	95lkhwm	1083	2014-12-12 07	2
100121281	114891579	0	95lkn0a	6344	2014-11-18 19	3
100121281	114891579	0	95lkn0i	6344	2014-11-18 19	3
100121281	114891579	0	95lkn0e	6344	2014-11-18 19	3
100121281	217681317	0	95lkn0i	1083	2014-12-11 23	4
100121281	217681317	0	95lknu6	1083	2014-12-11 23	4
100121281	217681317	0	95lknu0	1083	2014-12-11 23	4
100121281	217681317	0	95lknup	1083	2014-12-11 23	4
100121281	242793426	0	null	10507	2014-12-11 13	1
100121281	148661794	0	null	10507	2014-12-12 12	1
100121281	67486746	0	95lkr6u	1863	2014-11-19 12	1
100121281	223344668	0	95lkn0i	1863	2014-12-02 19	3
100121281	223344668	0	95lkn0m	1863	2014-12-02 19	3
100121281	223344668	0	95lkn0b	1863	2014-12-02 19	3
100121281	358796930	0	null	1083	2014-12-02 11	3
100121281	358796930	0	null	1083	2014-12-02 11	3
100121281	358796930	0	null	1083	2014-12-02 11	3
100121281	149227391	0	95lkr6i	3424	2014-11-20 17	1
100121281	107261462	0	null	9276	2014-11-30 00	3
100121281	107261462	0	null	9276	2014-11-30 00	3
100121281	107261462	0	null	9276	2014-11-30 00	3
100121281	357337048	0	null	4676	2014-11-26 10	1
100121281	388234296	0	null	8930	2014-11-27 13	2
100121281	388234296	0	null	8930	2014-11-27 13	2
100121281	108589843	0	95lknv9	451	2014-12-06 17	3
100121281	108589843	0	95lkn0m	451	2014-12-07 15	3
100121281	108589843	0	95lknu2	451	2014-12-07 15	3
100121281	77286906	0	null	5399	2014-11-29 22	1
100121281	198083851	0	95lkrq3	1863	2014-11-21 18	5
100121281	198083851	0	95lkrqv	1863	2014-11-21 18	5
100121281	198083851	0	null	1863	2014-11-19 20	5
100121281	198083851	0	null	1863	2014-11-21 11	5
100121281	198083851	0	null	1863	2014-11-19 20	5
100121281	268987658	0	95lkn0a	1083	2014-12-01 20	4
100121281	268987658	0	95lknup	1083	2014-12-01 20	4
100121281	268987658	0	95lknu2	1083	2014-12-01 20	4
100121281	268987658	0	95lknv7	1083	2014-12-01 20	4
100121281	259172228	0	null	1083	2014-12-12 06	1
100121281	184890514	0	95lknu1	5232	2014-11-26 18	1
100121281	318058915	0	null	5689	2014-11-27 15	2
100121281	318058915	0	null	5689	2014-11-27 15	2
100121281	113948399	0	null	4676	2014-11-26 10	2
100121281	113948399	0	null	4676	2014-11-26 10	2
100121281	186049780	0	null	5399	2014-11-29 21	1
100121281	68135578	0	95lknuu	5399	2014-11-30 11	2
100121281	68135578	0	95lknvq	5399	2014-11-30 11	2
100121281	281429969	0	null	5232	2014-11-23 22	1
100121281	89262815	0	95lkn1l	3472	2014-11-18 19	3
100121281	89262815	0	95lknvp	3472	2014-11-18 19	3
100121281	89262815	0	95lknu4	3472	2014-11-18 19	3
100121281	220296337	0	null	5399	2014-11-29 22	1
100121281	366630880	0	95lkhwm	11279	2014-12-12 07	2
100121281	366630880	0	95lkhrc	11279	2014-12-12 07	2
100121281	233916864	0	null	11279	2014-12-14 22	2
100121281	233916864	0	null	11279	2014-12-14 22	2
100121281	394924126	0	95lknvq	1083	2014-12-01 20	1
100121281	159823127	0	95lkn0e	5399	2014-11-26 22	1
100121281	309362601	0	95lknu9	13230	2014-12-07 15	2
100121281	309362601	0	95lkn1m	13230	2014-12-07 15	2
100121281	242224586	0	95lknuh	1083	2014-12-07 14	19
100121281	242224586	0	95lknur	1083	2014-12-07 14	19
100121281	242224586	0	95lknsg	1083	2014-12-07 14	19
100121281	242224586	0	95lkr6c	1083	2014-12-10 15	19
100121281	242224586	0	95lkrrk	1083	2014-12-10 15	19
100121281	242224586	0	95lkn0d	1083	2014-12-07 14	19
100121281	242224586	0	95lknuc	1083	2014-12-09 21	19
100121281	242224586	0	null	1083	2014-12-10 16	19
100121281	242224586	0	95lknvr	1083	2014-12-07 14	19
100121281	242224586	0	95lkrre	1083	2014-12-10 15	19
100121281	242224586	0	95lknv7	1083	2014-12-07 14	19
100121281	242224586	0	95lkwwo	1083	2014-12-07 21	19
100121281	242224586	0	95lkn1l	1083	2014-12-07 14	19
100121281	242224586	0	95lkr6q	1083	2014-12-10 15	19
100121281	242224586	0	null	1083	2014-12-10 16	19
100121281	242224586	0	null	1083	2014-12-07 16	19
100121281	242224586	0	95lknv5	1083	2014-12-07 14	19
100121281	242224586	0	95lknsf	1083	2014-12-09 21	19
100121281	242224586	0	95lknu0	1083	2014-12-07 14	19
100121281	153135266	0	95lkn0f	13230	2014-11-30 11	2
100121281	153135266	0	95lkn1o	13230	2014-11-30 11	2
100121281	393301758	0	95lknsf	5232	2014-11-26 18	1
100121281	376929314	0	null	7146	2014-12-12 10	7
100121281	376929314	0	null	7146	2014-12-12 10	7
100121281	376929314	0	null	7146	2014-12-12 10	7
100121281	376929314	0	null	7146	2014-12-12 11	7
100121281	376929314	0	null	7146	2014-12-12 10	7
100121281	376929314	0	null	7146	2014-12-12 11	7
100121281	376929314	0	null	7146	2014-12-12 10	7
100121281	249441342	0	95lknu7	9261	2014-12-11 22	1
100121281	95347182	0	95lknv4	3472	2014-11-18 19	3
100121281	95347182	0	95lkn1o	3472	2014-11-18 19	3
100121281	95347182	0	95lknuu	3472	2014-11-18 19	3
100121281	377407667	0	95lkn1m	1863	2014-12-06 17	2
100121281	377407667	0	95lknu1	1863	2014-12-06 17	2
100121281	169706454	0	null	10961	2014-11-22 13	4
100121281	169706454	0	null	10961	2014-11-22 13	4
100121281	169706454	0	null	10961	2014-11-22 13	4
100121281	169706454	0	null	10961	2014-11-22 13	4
100121281	155721659	0	95lkhri	1083	2014-12-12 08	10
100121281	155721659	0	95lknuq	1083	2014-12-11 23	10
100121281	155721659	0	95lkhrn	1083	2014-12-12 07	10
100121281	155721659	0	null	1083	2014-12-12 06	10
100121281	155721659	0	null	1083	2014-12-12 08	10
100121281	155721659	0	95lknvq	1083	2014-12-11 23	10
100121281	155721659	0	95lknvh	1083	2014-12-11 23	10
100121281	155721659	0	95lkhrv	1083	2014-12-12 07	10
100121281	155721659	0	95lkntt	1083	2014-12-11 23	10
100121281	155721659	0	null	1083	2014-12-12 06	10
100121281	23653069	0	95lkr6h	1863	2014-11-19 12	3
100121281	23653069	0	95lkrrl	1863	2014-11-19 12	3
100121281	23653069	0	95lkr6w	1863	2014-11-19 12	3
100121281	299956640	0	95lknur	5503	2014-12-07 15	2
100121281	299956640	0	95lkn1o	5503	2014-12-07 15	2
100121281	240164168	0	95lknu1	5395	2014-12-09 21	1
100121281	367136139	0	95lknvr	1083	2014-12-06 17	3
100121281	367136139	0	95lknuu	1083	2014-12-06 17	3
100121281	367136139	0	95lknu3	1083	2014-12-06 17	3
100121281	230587895	0	null	1083	2014-12-12 06	3
100121281	230587895	0	95lkr6h	1083	2014-12-10 14	3
100121281	230587895	0	95lknvp	1083	2014-12-11 23	3
100121281	183927988	0	95lknsf	1083	2014-12-07 14	3
100121281	183927988	0	95lknup	1083	2014-12-07 14	3
100121281	183927988	0	95lkn1l	1083	2014-12-07 14	3
100121281	276091803	0	95lknu5	4190	2014-12-08 21	2
100121281	276091803	0	95lkn0f	4190	2014-12-08 21	2
100121281	101839531	0	null	5399	2014-11-27 15	2
100121281	101839531	0	null	5399	2014-11-27 15	2
100121281	383789626	0	null	1083	2014-12-02 11	2
100121281	383789626	0	null	1083	2014-12-02 11	2
100121281	168957390	0	null	9261	2014-12-10 10	1
100121281	377357538	0	null	5749	2014-11-30 00	2
100121281	377357538	0	null	5749	2014-11-30 00	2
100121281	337811565	0	null	10894	2014-12-12 09	1
100121281	415396	0	95lkn1i	3381	2014-12-09 21	2
100121281	415396	0	95lkn0o	3381	2014-12-09 21	2
100121281	177796605	0	null	5027	2014-11-29 21	1
100121281	386936270	0	null	5027	2014-11-29 21	1
100121281	388719621	0	95lkn0i	5399	2014-12-07 15	1
100121281	345739632	0	null	5027	2014-11-29 22	3
100121281	345739632	0	null	5027	2014-11-29 22	3
100121281	345739632	0	null	5027	2014-11-29 22	3
100121281	314335150	0	null	9541	2014-12-16 09	5
100121281	314335150	0	null	9541	2014-12-16 09	5
100121281	314335150	0	null	9541	2014-12-16 09	5
100121281	314335150	0	null	9541	2014-12-16 09	5
100121281	314335150	0	null	9541	2014-12-16 09	5
100121281	54991820	0	95lkn0o	5232	2014-12-01 20	1
100121281	380722740	0	95lkn0k	1083	2014-12-01 20	1
100121281	300060001	0	95lkn1m	9261	2014-12-14 19	3
100121281	300060001	0	95lknvq	9261	2014-12-14 19	3
100121281	300060001	0	95lknuq	9261	2014-12-14 19	3
100121281	390963988	0	95lknvq	5395	2014-12-06 17	2
100121281	390963988	0	95lknvp	5395	2014-12-06 17	2
100121281	401966088	0	95lkr7n	5494	2014-11-19 13	3
100121281	401966088	0	95lkr62	5494	2014-11-19 13	3
100121281	401966088	0	95lkr71	5494	2014-11-19 13	3
100121281	132741950	0	95lkn0k	5399	2014-11-26 22	2
100121281	132741950	0	95lknv4	5399	2014-11-26 22	2
100121281	89630226	0	95lkn0e	1083	2014-12-01 21	1
100121281	181554611	0	null	5027	2014-11-29 21	4
100121281	181554611	0	null	5027	2014-11-29 21	4
100121281	181554611	0	null	5027	2014-11-29 21	4
100121281	181554611	0	null	5027	2014-11-29 21	4
100121281	372456836	0	null	1710	2014-11-28 13	1
100121281	21077732	0	null	6295	2014-11-20 09	1
100121281	257171258	0	null	9261	2014-12-10 10	3
100121281	257171258	0	null	9261	2014-12-10 10	3
100121281	257171258	0	null	9261	2014-12-10 10	3
100121281	217775579	0	95lknu4	1863	2014-12-06 17	1
100121281	152666814	0	95lknvh	451	2014-12-14 19	2
100121281	152666814	0	95lkn0l	451	2014-12-14 19	2
100121281	369371754	0	null	1083	2014-12-01 14	1
100121281	162151966	0	95lkh5g	1083	2014-12-12 07	3
100121281	162151966	0	95lkhrm	1083	2014-12-12 07	3
100121281	162151966	0	95lkhwi	1083	2014-12-12 07	3
100121281	72887050	0	null	1083	2014-12-12 06	1
100121281	213817840	0	95lknur	1083	2014-12-07 14	1
100121281	28002179	0	95lkn0i	5503	2014-12-09 21	1
100121281	261455998	0	null	10894	2014-12-12 11	1
100121281	64776321	0	95lknu4	8877	2014-12-14 10	6
100121281	64776321	0	95lknu5	8877	2014-12-14 10	6
100121281	64776321	0	95lkn0k	8877	2014-12-14 10	6
100121281	64776321	0	95lkn0d	8877	2014-12-14 10	6
100121281	64776321	0	95lknu0	8877	2014-12-14 10	6
100121281	64776321	0	95lknvh	8877	2014-12-14 10	6
100121281	340887279	0	95lknu4	5232	2014-12-02 19	1
100121281	209535511	0	95lkn0d	4676	2014-11-30 11	2
100121281	209535511	0	95lkn0f	4676	2014-11-30 11	2
100121281	250171081	0	null	889	2014-12-09 10	2
100121281	250171081	0	null	889	2014-12-09 10	2
100121281	16217554	0	null	1083	2014-11-25 12	2
100121281	16217554	0	null	1083	2014-11-25 12	2
100121281	212054370	0	null	3271	2014-12-10 10	1
100121281	330753574	0	null	1083	2014-11-25 12	2
100121281	330753574	0	null	1083	2014-11-25 12	2
100121281	294531710	0	null	7146	2014-12-12 10	5
100121281	294531710	0	null	7146	2014-12-12 10	5
100121281	294531710	0	null	7146	2014-12-12 10	5
100121281	294531710	0	null	7146	2014-12-12 10	5
100121281	294531710	0	null	7146	2014-12-12 10	5
100121281	183527226	0	95lknut	1083	2014-12-01 20	4
100121281	183527226	0	95lknu4	1083	2014-12-01 20	4
100121281	183527226	0	95lknu1	1083	2014-12-01 21	4
100121281	183527226	0	95lknvr	1083	2014-12-01 20	4
100121281	394358809	0	95lkn1j	13396	2014-11-30 11	1
100121281	69950423	0	95lkh5g	1083	2014-12-12 07	2
100121281	69950423	0	95lkhra	1083	2014-12-12 07	2
100121281	244412657	0	95lknvp	12368	2014-12-06 17	1
100121281	399317351	0	95lkn1k	10894	2014-12-01 21	1
100121281	270474678	0	95lknu5	10894	2014-12-06 17	3
100121281	270474678	0	95lknu2	10894	2014-12-06 17	3
100121281	270474678	0	95lkn1o	10894	2014-12-06 17	3
100121281	2605478	0	95lknuh	5232	2014-12-13 20	1
100121281	328310236	0	null	5027	2014-11-29 21	1
100121281	286898350	0	95lkn0d	6000	2014-12-14 19	3
100121281	286898350	0	95lkn0j	6000	2014-12-14 19	3
100121281	286898350	0	95lkn1m	6000	2014-12-14 19	3
100121281	122631195	0	null	1083	2014-11-23 22	2
100121281	122631195	0	null	1083	2014-11-23 22	2
100121281	177309522	0	null	6209	2014-11-27 13	2
100121281	177309522	0	null	6209	2014-11-27 13	2
100121281	48138584	0	95lknvh	10961	2014-11-30 19	3
100121281	48138584	0	95lkn0i	10961	2014-11-30 19	3
100121281	48138584	0	95lkn1m	10961	2014-11-30 19	3
100121281	158353649	0	95lkr5f	5494	2014-11-19 13	3
100121281	158353649	0	95lkr7h	5494	2014-11-19 13	3
100121281	158353649	0	95lkr7n	5494	2014-11-19 13	3
100121281	34102362	0	95lknu9	1863	2014-12-13 20	1
100121281	46716473	0	95lkhw4	1083	2014-12-12 07	6
100121281	46716473	0	95lkhwo	1083	2014-12-12 07	6
100121281	46716473	0	null	1083	2014-12-12 06	6
100121281	46716473	0	95lkhr0	1083	2014-12-12 07	6
100121281	46716473	0	95lkhrm	1083	2014-12-12 07	6
100121281	46716473	0	95lkhwo	1083	2014-12-12 07	6
100121281	93703728	0	null	9517	2014-11-18 10	1
100121281	335771075	0	null	8291	2014-11-27 15	2
100121281	335771075	0	null	8291	2014-11-27 15	2
100121281	307151557	0	95lkn1o	12368	2014-12-06 17	2
100121281	307151557	0	95lknu0	12368	2014-12-06 17	2
100121281	228439088	0	95lknv6	3472	2014-11-18 19	2
100121281	228439088	0	95lknvh	3472	2014-11-18 19	2
100121281	74800159	0	null	3940	2014-11-28 10	2
100121281	74800159	0	null	3940	2014-11-28 10	2
100121281	66104576	0	95lknu5	1083	2014-12-07 14	1
100121281	99616738	0	95lkhhp	1083	2014-12-12 08	1
100121281	39915393	0	95lkn1l	12368	2014-12-07 15	1
100121281	320469740	0	95lknuu	5689	2014-11-30 11	1
100121281	345842992	0	null	4676	2014-11-26 10	1
100121281	74643416	0	95lknu4	6000	2014-12-07 15	1
100121281	36407066	0	95lknv6	451	2014-12-14 19	2
100121281	36407066	0	95lkn0j	451	2014-12-14 19	2
100121281	28695068	0	95lkr6d	1863	2014-12-05 20	1
100121281	149127045	0	null	13665	2014-12-12 11	1
100121281	262624507	0	95lknvq	11552	2014-12-09 21	2
100121281	262624507	0	95lknu5	11552	2014-12-09 21	2
100121281	79566941	0	null	5232	2014-11-18 10	2
100121281	79566941	0	null	5232	2014-11-18 10	2
100121281	333364792	0	null	10049	2014-11-26 09	1
100121281	396153001	0	95lkr6h	1843	2014-12-05 20	1
100121281	127961266	0	95lkn1k	3271	2014-12-14 19	3
100121281	127961266	0	95lknu1	3271	2014-12-14 19	3
100121281	127961266	0	95lknu0	3271	2014-12-14 19	3
100121281	377244011	0	95lkn1m	7811	2014-12-02 19	2
100121281	377244011	0	95lkntu	7811	2014-12-02 19	2
100121281	274614261	0	95lknvh	451	2014-12-02 19	2
100121281	274614261	0	95lknu0	451	2014-12-02 19	2
100121281	141430905	0	null	5399	2014-11-27 15	2
100121281	141430905	0	null	5399	2014-11-27 15	2
100121281	371112471	0	95lkn0j	5399	2014-12-11 22	4
100121281	371112471	0	null	5399	2014-11-29 22	4
100121281	371112471	0	95lknu4	5399	2014-12-11 22	4
100121281	371112471	0	95lkn0a	5399	2014-12-11 22	4
100121281	71319432	0	null	3940	2014-11-28 10	1
100121281	370087567	0	95lknuw	1083	2014-12-07 14	1
100121281	33018440	0	95lkr1u	1863	2014-12-05 20	1
100121281	219163267	0	null	4676	2014-11-26 10	1
100121281	183047974	0	null	4676	2014-11-26 10	1
100121281	53795505	0	95lkn0m	9261	2014-12-06 17	2
100121281	53795505	0	95lkntc	9261	2014-12-06 17	2
100121281	56220142	0	95lkr11	1863	2014-12-05 20	1
100121281	175475902	0	null	12368	2014-12-12 09	1
100121281	126996827	0	null	3099	2014-11-20 14	1
100121281	195969740	0	null	7146	2014-12-12 11	3
100121281	195969740	0	null	7146	2014-12-12 11	3
100121281	195969740	0	null	7146	2014-12-12 11	3
100121281	201418850	0	null	7957	2014-11-27 15	3
100121281	201418850	0	null	7957	2014-11-27 15	3
100121281	201418850	0	null	7957	2014-11-27 15	3
100121281	378505955	0	null	5027	2014-11-29 21	1
100121281	110609270	0	95lknv4	1083	2014-12-01 21	3
100121281	110609270	0	95lkn1m	1083	2014-12-01 21	3
100121281	110609270	0	95lkn1k	1083	2014-12-01 21	3
100121281	184016764	0	95lkrqg	5027	2014-12-05 20	1
100121281	290727258	0	null	4676	2014-11-26 10	3
100121281	290727258	0	null	4676	2014-11-26 10	3
100121281	290727258	0	null	4676	2014-11-26 10	3
100121281	333314083	0	95lknu4	9552	2014-12-09 21	1
100121281	280069887	0	95lknuu	5395	2014-12-14 19	2
100121281	280069887	0	95lknsb	5395	2014-12-14 19	2
100121281	201270532	0	null	7195	2014-11-18 10	1
100121281	129471992	0	95lkntc	11824	2014-12-06 17	2
100121281	129471992	0	95lknus	11824	2014-12-06 17	2
100121281	148130928	0	95lknun	1083	2014-12-07 14	3
100121281	148130928	0	95lknvp	1083	2014-12-07 14	3
100121281	148130928	0	95lkntc	1083	2014-12-07 14	3
100121281	263698994	0	null	5027	2014-11-29 21	1
100121281	158683344	0	95lkr6h	1863	2014-12-05 20	1
100121281	303352841	0	null	4190	2014-11-18 10	2
100121281	303352841	0	null	4190	2014-11-18 10	2
100121281	53069458	0	null	6513	2014-11-27 15	2
100121281	53069458	0	null	6513	2014-11-27 15	2
100121281	144402037	0	95lkr6h	10894	2014-12-16 12	5
100121281	144402037	0	95lkrre	10894	2014-12-16 12	5
100121281	144402037	0	null	10894	2014-12-12 11	5
100121281	144402037	0	95lkr5o	10894	2014-12-16 12	5
100121281	144402037	0	null	10894	2014-12-12 11	5
100121281	242110463	0	95lkrrm	7911	2014-12-08 17	3
100121281	242110463	0	95lkr7r	7911	2014-12-08 17	3
100121281	242110463	0	95lkr5d	7911	2014-12-08 17	3
100121281	1748343	0	95lkr6o	1863	2014-12-05 20	1
100121281	310313824	0	null	11279	2014-12-09 10	2
100121281	310313824	0	null	11279	2014-12-09 10	2
100121281	303589589	0	95lkn1j	3271	2014-12-11 22	5
100121281	303589589	0	null	3271	2014-12-10 10	5
100121281	303589589	0	null	3271	2014-12-10 10	5
100121281	303589589	0	null	3271	2014-12-10 10	5
100121281	303589589	0	null	3271	2014-12-10 10	5
100121281	310720160	0	95lkr7s	5494	2014-11-19 13	1
100121281	211351905	0	95lknun	10507	2014-12-13 20	1
100121281	169454060	0	95lkr71	2866	2014-12-08 17	2
100121281	169454060	0	95lkr5n	2866	2014-12-08 17	2
100121281	232352070	0	95lkn1l	5232	2014-11-26 18	1
100121281	172320848	0	null	3271	2014-12-10 10	1
100121281	5800011	0	null	3940	2014-12-12 12	2
100121281	5800011	0	null	3940	2014-12-12 12	2
100121281	186860147	0	null	10481	2014-11-27 13	2
100121281	186860147	0	null	10481	2014-11-27 13	2
100121281	2088188	0	95lkn1a	6936	2014-12-07 15	2
100121281	2088188	0	95lkn0m	6936	2014-12-07 15	2
100121281	4735095	0	null	4676	2014-12-09 10	2
100121281	4735095	0	null	4676	2014-12-09 10	2
100121281	54397744	0	95lkrqc	5027	2014-12-05 20	1
100121281	61803987	0	null	5894	2014-11-20 09	10
100121281	61803987	0	null	5894	2014-11-20 09	10
100121281	61803987	0	null	5894	2014-11-18 11	10
100121281	61803987	0	null	5894	2014-11-18 10	10
100121281	61803987	0	95lkr5f	5894	2014-11-19 12	10
100121281	61803987	0	null	5894	2014-11-18 11	10
100121281	61803987	0	null	5894	2014-11-20 09	10
100121281	61803987	0	null	5894	2014-11-18 10	10
100121281	61803987	0	95lkr5f	5894	2014-11-19 12	10
100121281	61803987	0	null	5894	2014-11-18 10	10
100121281	269932540	0	null	4676	2014-11-26 10	1
100121281	322671429	0	95lkn1k	5232	2014-11-26 18	1
100121281	357628777	0	95lknvp	5399	2014-11-26 22	1
100121281	143962103	0	95lknus	13230	2014-11-18 19	4
100121281	143962103	0	95lkn0d	13230	2014-11-18 19	4
100121281	143962103	0	95lkntv	13230	2014-11-18 19	4
100121281	143962103	0	95lknsb	13230	2014-11-18 19	4
100121281	329578017	0	95lkr5l	5494	2014-11-19 13	5
100121281	329578017	0	null	5494	2014-11-27 15	5
100121281	329578017	0	95lkr6q	5494	2014-11-19 13	5
100121281	329578017	0	null	5494	2014-11-27 15	5
100121281	329578017	0	95lkr6c	5494	2014-11-19 13	5
100121281	202372279	0	null	9412	2014-12-09 10	1
100121281	180782183	0	95lkn1k	6576	2014-11-30 19	2
100121281	180782183	0	95lkn1m	6576	2014-11-30 19	2
100121281	155028114	0	null	11279	2014-11-18 10	2
100121281	155028114	0	null	11279	2014-11-18 10	2
100121281	78796376	0	95lknuv	1083	2014-12-07 14	1
100121281	32153692	0	null	10894	2014-12-10 16	1
100121281	341830482	0	null	4676	2014-11-26 10	1
100121281	46065475	0	null	6402	2014-12-01 12	2
100121281	46065475	0	null	6402	2014-12-01 12	2
100121281	254120327	0	null	5027	2014-11-29 21	1
100121281	143205504	0	null	1083	2014-12-12 06	4
100121281	143205504	0	95lknvh	1083	2014-12-07 14	4
100121281	143205504	0	95lkntt	1083	2014-12-07 14	4
100121281	143205504	0	95lknu2	1083	2014-12-07 14	4
100121281	37099853	0	null	4676	2014-11-26 10	18
100121281	37099853	0	null	4676	2014-11-26 10	18
100121281	37099853	0	null	4676	2014-11-26 10	18
100121281	37099853	0	null	4676	2014-11-26 10	18
100121281	37099853	0	null	4676	2014-11-27 15	18
100121281	37099853	0	null	4676	2014-11-26 10	18
100121281	37099853	0	null	4676	2014-11-26 10	18
100121281	37099853	0	null	4676	2014-11-26 10	18
100121281	37099853	0	null	4676	2014-11-26 10	18
100121281	37099853	0	null	4676	2014-11-26 10	18
100121281	37099853	0	null	4676	2014-11-26 10	18
100121281	37099853	0	null	4676	2014-11-26 10	18
100121281	37099853	0	null	4676	2014-11-26 11	18
100121281	37099853	0	null	4676	2014-11-28 13	18
100121281	37099853	0	null	4676	2014-11-26 11	18
100121281	37099853	0	null	4676	2014-11-26 10	18
100121281	37099853	0	null	4676	2014-11-28 13	18
100121281	37099853	0	null	4676	2014-11-27 15	18
100121281	147038293	0	95lkn0d	5232	2014-12-01 20	1
100121281	348489617	0	null	10894	2014-11-25 10	1
100121281	221935359	0	null	1396	2014-11-26 10	2
100121281	221935359	0	null	1396	2014-11-26 10	2
100121281	258926049	0	95lknu0	5232	2014-11-26 18	3
100121281	258926049	0	95lknv7	5232	2014-11-26 18	3
100121281	258926049	0	95lknv7	5232	2014-11-26 18	3
100121281	291047489	0	null	9552	2014-11-27 13	1
100121281	271381904	0	95lkrrd	11279	2014-11-21 18	3
100121281	271381904	0	95lkr7k	11279	2014-11-21 16	3
100121281	271381904	0	95lkr6k	11279	2014-11-21 18	3
100121281	380862427	0	95lkhrg	1083	2014-12-12 07	1
100121281	192851760	0	95lkn1k	14079	2014-12-07 15	2
100121281	192851760	0	95lknu4	14079	2014-12-07 15	2
100121281	362178433	0	null	5027	2014-11-23 22	1
100121281	45394713	0	null	3271	2014-12-10 10	1
100121281	4088788	0	null	4676	2014-11-26 10	1
100121281	206661890	0	95lknsg	1083	2014-12-01 21	1
100121281	49434866	0	null	8849	2014-11-23 22	1
100121281	312652874	0	95lkhr0	1083	2014-12-12 07	3
100121281	312652874	0	95lkhhp	1083	2014-12-12 07	3
100121281	312652874	0	95lkhrq	1083	2014-12-12 07	3
100121281	339726419	0	null	1159	2014-12-09 10	2
100121281	339726419	0	null	1159	2014-12-09 10	2
100121281	194109912	0	95lknu9	5232	2014-11-30 19	4
100121281	194109912	0	95lkn0m	5232	2014-11-30 19	4
100121281	194109912	0	95lknu4	5232	2014-11-30 19	4
100121281	194109912	0	95lknu4	5232	2014-11-30 19	4
100121281	112984288	0	95lknvh	5232	2014-11-26 18	1
100121281	182348034	0	null	4676	2014-11-26 10	1
100121281	155226915	0	null	1083	2014-12-11 09	2
100121281	155226915	0	null	1083	2014-12-11 09	2
100121281	246439150	0	95lknsg	5232	2014-11-26 18	3
100121281	246439150	0	95lknv5	5232	2014-11-26 18	3
100121281	246439150	0	95lkn0d	5232	2014-11-26 18	3
100121281	240306080	0	95lknt3	13396	2014-11-30 11	7
100121281	240306080	0	95lkntt	13396	2014-11-30 11	7
100121281	240306080	0	95lknsc	13396	2014-11-30 11	7
100121281	240306080	0	95lkn1k	13396	2014-11-30 11	7
100121281	240306080	0	95lknuc	13396	2014-11-30 11	7
100121281	240306080	0	95lknvp	13396	2014-11-30 11	7
100121281	240306080	0	95lkn0e	13396	2014-11-30 11	7
100121281	275691780	0	null	437	2014-11-27 12	1
100121281	128929028	0	95lkr6h	5494	2014-11-19 13	1
100121281	162771801	0	null	3271	2014-12-11 13	1
100121281	76112253	0	95lkr14	5027	2014-12-05 20	1
100121281	145933388	0	null	11925	2014-12-11 13	2
100121281	145933388	0	null	11925	2014-12-11 13	2
100121281	280311713	0	null	6541	2014-12-01 12	1
100121281	218563664	0	null	4676	2014-11-26 10	3
100121281	218563664	0	null	4676	2014-11-26 10	3
100121281	218563664	0	null	4676	2014-11-26 10	3
100121281	139440570	0	95lkr6f	451	2014-12-05 20	1
100121281	198648339	0	null	1159	2014-12-14 22	1
100121281	42444067	0	null	5027	2014-11-29 21	1
100121281	404069319	0	null	3424	2014-11-23 22	5
100121281	404069319	0	95lkr7s	3424	2014-11-20 17	5
100121281	404069319	0	95lkr6h	3424	2014-11-20 17	5
100121281	404069319	0	95lkr6b	3424	2014-11-20 17	5
100121281	404069319	0	null	3424	2014-11-23 22	5
100121281	127654750	0	null	5399	2014-11-29 21	1
100121281	48984907	0	95lknun	1083	2014-12-07 14	5
100121281	48984907	0	95lknv7	1083	2014-12-11 23	5
100121281	48984907	0	95lkn1o	1083	2014-12-07 14	5
100121281	48984907	0	95lknut	1083	2014-12-07 14	5
100121281	48984907	0	95lknsf	1083	2014-12-07 14	5
100121281	34952844	0	95lkr5g	5206	2014-12-08 17	3
100121281	34952844	0	95lkr74	5206	2014-12-08 17	3
100121281	34952844	0	95lkrre	5206	2014-12-08 17	3
100121281	293252889	0	95lkn0d	3472	2014-11-18 19	1
100121281	219819589	0	null	451	2014-12-01 12	1
100121281	220511716	0	95lkn0e	7712	2014-12-02 19	1
100121281	90765065	0	95lkhrw	1083	2014-12-12 07	4
100121281	90765065	0	95lkhro	1083	2014-12-12 07	4
100121281	90765065	0	95lkhw6	1083	2014-12-12 07	4
100121281	90765065	0	95lkhr4	1083	2014-12-12 07	4
100121281	400180492	0	95lkr6q	5494	2014-11-19 13	1
100121281	169214531	0	95lkn1m	1083	2014-12-01 20	1
100121281	301532195	0	95lknur	5399	2014-12-07 15	4
100121281	301532195	0	95lkn1o	5399	2014-12-07 15	4
100121281	301532195	0	95lkn0f	5399	2014-12-07 15	4
100121281	301532195	0	95lkn0m	5399	2014-12-07 15	4
100121281	235968892	0	null	11279	2014-12-09 10	2
100121281	235968892	0	null	11279	2014-12-09 10	2
100121281	92964928	0	null	4676	2014-11-26 10	1
100121281	339958507	0	95lkn0g	1083	2014-12-07 14	3
100121281	339958507	0	95lknu0	1083	2014-12-07 14	3
100121281	339958507	0	95lknuv	1083	2014-12-07 14	3
100121281	230174276	0	95lkn0d	1083	2014-12-07 14	1
100121281	75051620	0	95lkr7d	1863	2014-12-05 20	1
100121281	127388331	0	null	5894	2014-11-20 11	2
100121281	127388331	0	null	5894	2014-11-20 11	2
100121281	195950957	0	null	11279	2014-11-20 11	3
100121281	195950957	0	null	11279	2014-11-20 11	3
100121281	195950957	0	null	11279	2014-11-20 11	3
100121281	301609179	0	null	4190	2014-11-18 10	2
100121281	301609179	0	null	4190	2014-11-18 10	2
100121281	270743160	0	95lknv4	5232	2014-11-26 18	1
100121281	3929650	0	95lkn0d	1083	2014-12-07 14	1
100121281	375958956	0	95lknu3	6000	2014-12-14 19	1
100121281	310507899	0	null	390	2014-11-18 10	2
100121281	310507899	0	null	390	2014-11-18 10	2
100121281	125370722	0	95lkrrw	1083	2014-12-10 14	1
100121281	48026310	0	95lknun	5689	2014-12-06 17	2
100121281	48026310	0	95lkn0f	5689	2014-12-06 17	2
100121281	88872807	0	95lkn0d	3381	2014-12-07 15	1
100121281	99864318	0	null	6513	2014-12-02 11	3
100121281	99864318	0	null	6513	2014-12-02 11	3
100121281	99864318	0	null	6513	2014-12-02 11	3
100121281	342345036	0	95lknu0	5399	2014-11-30 11	2
100121281	342345036	0	95lknsb	5399	2014-11-30 11	2
100121281	178817907	0	95lknu5	12753	2014-12-14 19	2
100121281	178817907	0	95lkn0k	12753	2014-12-14 19	2
100121281	251808174	0	95lkhro	1083	2014-12-12 07	1
100121281	126019126	0	95lknuv	8877	2014-12-14 10	2
100121281	126019126	0	95lkn0j	8877	2014-12-14 10	2
100121281	404298685	0	95lkn0m	5395	2014-12-02 19	2
100121281	404298685	0	95lknvp	5395	2014-12-02 19	2
100121281	417912	0	95lkhra	5399	2014-12-12 07	1
100121281	116080141	0	null	13280	2014-12-09 10	1
100121281	196280049	0	null	13230	2014-11-25 10	1
100121281	88208446	0	95lkn0j	1121	2014-11-30 19	2
100121281	88208446	0	95lknv7	1121	2014-11-30 19	2
100121281	388894514	0	95lkr6u	1083	2014-12-10 15	1
100121281	21704993	0	95lknvr	1083	2014-12-07 14	1
100121281	269309648	0	95lkr6d	6513	2014-12-05 20	2
100121281	269309648	0	95lkr7k	6513	2014-12-05 20	2
100121281	354884988	0	95lknut	1083	2014-12-11 23	2
100121281	354884988	0	95lkn0f	1083	2014-12-07 14	2
100121281	103414541	0	95lkn1o	8849	2014-11-24 18	2
100121281	103414541	0	95lknv9	8849	2014-11-24 18	2
100121281	190449774	0	null	13230	2014-11-29 22	1
100121281	21380388	0	null	4370	2014-12-14 22	3
100121281	21380388	0	null	4370	2014-12-14 22	3
100121281	21380388	0	null	4370	2014-12-14 22	3
100121281	196179446	0	null	8877	2014-11-30 00	2
100121281	196179446	0	null	8877	2014-11-30 00	2
100121281	110468974	0	null	9261	2014-12-10 10	4
100121281	110468974	0	null	9261	2014-12-10 10	4
100121281	110468974	0	null	9261	2014-12-10 10	4
100121281	110468974	0	null	9261	2014-12-10 10	4
100121281	221887716	0	null	11824	2014-11-18 10	2
100121281	221887716	0	null	11824	2014-11-18 10	2
100121281	21595779	0	95lknuh	1083	2014-12-11 23	1
100121281	100925594	0	95lknsb	1863	2014-12-13 20	2
100121281	100925594	0	95lkn1j	1863	2014-12-13 20	2
100121281	41682986	0	95lknu4	2153	2014-12-02 19	2
100121281	41682986	0	95lkn0d	2153	2014-12-02 19	2
100121281	122700342	0	95lknu1	5232	2014-12-01 20	1
100121281	364153085	0	95lknv9	7344	2014-11-18 19	2
100121281	364153085	0	95lkn0d	7344	2014-11-18 19	2
100121281	30075377	0	95lknvq	552	2014-12-09 21	2
100121281	30075377	0	95lkntt	552	2014-12-09 21	2
100121281	54183198	0	95lkn1o	5894	2014-12-06 17	2
100121281	54183198	0	95lkn0d	5894	2014-12-06 17	2
100121281	339037838	0	null	5027	2014-11-29 21	4
100121281	339037838	0	null	5027	2014-11-29 21	4
100121281	339037838	0	null	5027	2014-11-29 21	4
100121281	339037838	0	null	5027	2014-11-29 21	4
100121281	359407870	0	95lknu7	5232	2014-11-26 18	3
100121281	359407870	0	95lkn0d	5232	2014-11-26 18	3
100121281	359407870	0	95lkn0f	5232	2014-11-26 18	3
100121281	297116810	0	null	12368	2014-11-23 22	2
100121281	297116810	0	null	12368	2014-11-23 22	2
100121281	139660841	0	null	5027	2014-11-26 10	2
100121281	139660841	0	null	5027	2014-11-26 10	2
100121281	202300639	0	null	4676	2014-11-26 10	1
100121281	102195276	0	null	3099	2014-11-18 11	2
100121281	102195276	0	null	3099	2014-11-18 11	2
100121281	242343129	0	95lkwr7	5027	2014-12-07 21	1
100121281	109580319	0	null	1083	2014-11-23 22	2
100121281	109580319	0	null	1083	2014-11-23 22	2
100121281	7107186	0	null	1863	2014-12-15 21	2
100121281	7107186	0	null	1863	2014-12-15 21	2
100121281	160819870	0	95lkn0m	6513	2014-12-07 15	3
100121281	160819870	0	95lknus	6513	2014-12-07 15	3
100121281	160819870	0	95lknvw	6513	2014-12-07 15	3
100121281	363053368	0	95lkntu	13230	2014-11-26 22	4
100121281	363053368	0	95lkn0f	13230	2014-11-26 22	4
100121281	363053368	0	95lkn1k	13230	2014-11-26 22	4
100121281	363053368	0	95lkn0m	13230	2014-11-26 22	4
100121281	404357297	0	95lkwwm	5027	2014-12-07 21	1
100121281	63132123	0	null	4676	2014-11-18 10	2
100121281	63132123	0	null	4676	2014-11-18 10	2
100121281	371198089	0	95lkr6q	1863	2014-11-19 12	1
100121281	205171980	0	95lknu4	1083	2014-12-07 14	11
100121281	205171980	0	95lkn0d	1083	2014-12-01 20	11
100121281	205171980	0	95lknvh	1083	2014-12-11 23	11
100121281	205171980	0	null	1083	2014-12-12 06	11
100121281	205171980	0	95lkn0l	1083	2014-12-11 23	11
100121281	205171980	0	95lknu4	1083	2014-12-11 23	11
100121281	205171980	0	95lknuw	1083	2014-12-07 14	11
100121281	205171980	0	95lknvp	1083	2014-12-07 14	11
100121281	205171980	0	95lknv9	1083	2014-12-07 14	11
100121281	205171980	0	null	1083	2014-12-12 06	11
100121281	205171980	0	null	1083	2014-12-12 06	11
100121281	219105682	0	95lknu4	1083	2014-12-11 23	1
100121281	73921664	0	95lkn0e	5232	2014-12-01 20	3
100121281	73921664	0	95lknv5	5232	2014-12-01 20	3
100121281	73921664	0	95lknv6	5232	2014-12-01 20	3
100121281	358942854	0	null	3424	2014-11-23 22	4
100121281	358942854	0	null	3424	2014-11-24 07	4
100121281	358942854	0	null	3424	2014-11-23 22	4
100121281	358942854	0	null	3424	2014-11-24 07	4
100121281	70223040	0	95lkhrd	1083	2014-12-12 08	1
100121281	334715411	0	95lkn0d	1083	2014-11-30 19	1
100121281	94692653	0	95lknu4	9261	2014-12-14 19	2
100121281	94692653	0	95lknuu	9261	2014-12-14 19	2
100121281	270371380	0	95lkn0o	6795	2014-11-18 19	1
100121281	6529319	0	null	5027	2014-11-29 21	3
100121281	6529319	0	null	5027	2014-11-29 21	3
100121281	6529319	0	null	5027	2014-11-29 21	3
100121281	111977190	0	null	9261	2014-12-10 10	4
100121281	111977190	0	null	9261	2014-12-10 10	4
100121281	111977190	0	null	9261	2014-12-10 10	4
100121281	111977190	0	null	9261	2014-12-10 10	4
100121281	296786777	0	null	8877	2014-12-01 10	1
100121281	257104809	0	95lknsf	8849	2014-11-30 19	3
100121281	257104809	0	95lkn0e	8849	2014-11-30 19	3
100121281	257104809	0	95lknu6	8849	2014-11-30 19	3
100121281	304171820	0	95lkn1l	10507	2014-12-14 19	3
100121281	304171820	0	95lknu2	10507	2014-12-14 19	3
100121281	304171820	0	95lknvh	10507	2014-12-14 19	3
100121281	156198304	0	95lkn0e	5399	2014-11-26 22	2
100121281	156198304	0	95lkn0b	5399	2014-11-26 22	2
100121281	338178906	0	95lkn0m	9261	2014-12-11 22	1
100121281	148461528	0	null	10392	2014-12-09 09	1
100121281	339766491	0	95lknvp	1083	2014-12-06 18	2
100121281	339766491	0	95lknuc	1083	2014-12-06 18	2
100121281	65195594	0	95lkn0k	1863	2014-11-18 19	2
100121281	65195594	0	95lkn0o	1863	2014-11-18 19	2
100121281	282022109	0	95lkn0k	5232	2014-11-26 18	3
100121281	282022109	0	95lkn0b	5232	2014-11-26 18	3
100121281	282022109	0	95lknvh	5232	2014-11-26 18	3
100121281	118082757	0	null	10894	2014-12-11 13	2
100121281	118082757	0	null	10894	2014-12-11 13	2
100121281	24588273	0	null	3940	2014-12-15 21	1
100121281	182454949	0	95lkn0o	6513	2014-11-26 22	2
100121281	182454949	0	95lknsf	6513	2014-11-26 22	2
100121281	300909706	0	95lknt3	1083	2014-12-01 21	1
100121281	317155354	0	null	12368	2014-11-18 10	2
100121281	317155354	0	null	12368	2014-11-18 10	2
100121281	310313544	0	95lkhw7	1083	2014-12-12 07	1
100121281	113726424	0	null	1083	2014-11-23 22	3
100121281	113726424	0	null	1083	2014-11-23 22	3
100121281	113726424	0	null	1083	2014-11-23 22	3
100121281	133651557	0	95lkhra	3271	2014-12-12 08	9
100121281	133651557	0	95lknup	3271	2014-12-11 22	9
100121281	133651557	0	null	3271	2014-12-12 06	9
100121281	133651557	0	null	3271	2014-12-12 06	9
100121281	133651557	0	95lkhrm	3271	2014-12-12 08	9
100121281	133651557	0	95lkn1m	3271	2014-12-11 22	9
100121281	133651557	0	95lknvq	3271	2014-12-11 22	9
100121281	133651557	0	95lknvp	3271	2014-12-11 22	9
100121281	133651557	0	95lknun	3271	2014-12-11 22	9
100121281	92088522	0	null	12368	2014-11-20 09	2
100121281	92088522	0	null	12368	2014-11-20 09	2
100121281	161255134	0	null	8849	2014-12-11 13	1
100121281	148619488	0	null	11279	2014-11-18 10	2
100121281	148619488	0	null	11279	2014-11-18 10	2
100121281	380070347	0	95lkr6d	1863	2014-12-05 20	1
100121281	330750788	0	null	11279	2014-12-09 10	1
100121281	58866306	0	95lknv4	3472	2014-11-18 19	2
100121281	58866306	0	95lknv6	3472	2014-11-18 19	2
100121281	272979770	0	95lknus	1083	2014-12-11 23	1
100121281	355228430	0	95lkhrc	1083	2014-12-12 07	2
100121281	355228430	0	95lkr7h	1083	2014-12-10 14	2
100121281	366057909	0	null	1810	2014-12-01 10	1
100121281	151589904	0	95lkr6e	1863	2014-12-05 20	5
100121281	151589904	0	95lkr6k	1863	2014-12-05 20	5
100121281	151589904	0	95lkr6g	1863	2014-12-05 20	5
100121281	151589904	0	95lkr7a	1863	2014-12-05 20	5
100121281	151589904	0	95lkr7d	1863	2014-12-05 20	5
100121281	21725328	0	null	6795	2014-12-01 12	2
100121281	21725328	0	null	6795	2014-12-01 12	2
100121281	326920018	0	null	2825	2014-12-11 13	1
100121281	14087919	0	95lkn0o	5232	2014-11-26 18	3
100121281	14087919	0	95lknu4	5232	2014-11-26 18	3
100121281	14087919	0	95lkn1o	5232	2014-11-26 18	3
100121281	303799650	0	95lkn0f	5232	2014-12-01 20	1
100121281	100530201	0	null	6795	2014-12-14 22	1
100121281	195247169	0	null	11279	2014-12-09 10	2
100121281	195247169	0	null	11279	2014-12-09 10	2
100121281	47230757	0	95lknu4	6295	2014-12-07 15	2
100121281	47230757	0	95lkn0k	6295	2014-12-07 15	2
100121281	136949488	0	95lkr5e	7957	2014-11-19 12	4
100121281	136949488	0	95lkr6k	7957	2014-11-19 12	4
100121281	136949488	0	null	7957	2014-11-25 14	4
100121281	136949488	0	null	7957	2014-11-25 14	4
100121281	257286979	0	null	4269	2014-12-02 11	2
100121281	257286979	0	null	4269	2014-12-02 11	2
100121281	354843270	0	null	5027	2014-11-29 21	3
100121281	354843270	0	null	5027	2014-11-29 21	3
100121281	354843270	0	null	5027	2014-11-29 21	3
100121281	186986303	0	95lknt3	1083	2014-12-11 23	4
100121281	186986303	0	95lknuw	1083	2014-12-07 14	4
100121281	186986303	0	95lkn1j	1083	2014-12-07 14	4
100121281	186986303	0	95lkn0d	1083	2014-12-07 14	4
100121281	33373838	0	95lknu5	1083	2014-12-11 23	1
100121281	287298326	0	null	8877	2014-12-14 15	11
100121281	287298326	0	95lkn0d	8877	2014-12-14 11	11
100121281	287298326	0	95lknuc	8877	2014-12-14 11	11
100121281	287298326	0	95lkn0e	8877	2014-12-14 19	11
100121281	287298326	0	null	8877	2014-12-14 15	11
100121281	287298326	0	95lkn0d	8877	2014-12-14 19	11
100121281	287298326	0	95lknu3	8877	2014-12-14 11	11
100121281	287298326	0	95lknus	8877	2014-12-14 19	11
100121281	287298326	0	95lknuu	8877	2014-12-14 11	11
100121281	287298326	0	95lknvq	8877	2014-12-14 19	11
100121281	287298326	0	95lkn1h	8877	2014-12-14 11	11
100121281	195060082	0	null	5206	2014-12-11 13	1
100121281	271184275	0	null	10894	2014-12-15 21	1
100121281	297310376	0	null	10392	2014-11-30 00	3
100121281	297310376	0	null	10392	2014-11-30 00	3
100121281	297310376	0	null	10392	2014-11-30 00	3
100121281	54433499	0	null	5027	2014-11-29 22	1
100121281	64314175	0	95lknv6	552	2014-12-09 21	2
100121281	64314175	0	95lknvq	552	2014-12-09 21	2
100121281	200102417	0	95lknv4	1083	2014-12-07 14	2
100121281	200102417	0	95lkntu	1083	2014-12-07 14	2
100121281	138097590	0	95lkn1o	1083	2014-12-11 23	1
100121281	264795995	0	null	5027	2014-11-25 10	3
100121281	264795995	0	null	5027	2014-11-25 10	3
100121281	264795995	0	null	5027	2014-11-29 21	3
100121281	342372325	0	null	5232	2014-11-26 09	1
100121281	348000781	0	95lknu6	1083	2014-12-06 17	4
100121281	348000781	0	95lkn0j	1083	2014-12-06 17	4
100121281	348000781	0	95lkn1j	1083	2014-12-06 18	4
100121281	348000781	0	95lknvp	1083	2014-12-06 18	4
100121281	387666828	0	95lkn1o	1083	2014-12-01 21	1
100121281	360812438	0	null	12189	2014-12-09 10	1
100121281	389453225	0	95lknus	5232	2014-11-26 22	2
100121281	389453225	0	95lkn0g	5232	2014-11-26 22	2
100121281	322329370	0	null	5399	2014-12-01 12	15
100121281	322329370	0	95lknv5	5399	2014-12-11 23	15
100121281	322329370	0	null	5399	2014-12-10 10	15
100121281	322329370	0	null	5399	2014-12-01 12	15
100121281	322329370	0	95lknv4	5399	2014-12-11 23	15
100121281	322329370	0	95lknvq	5399	2014-12-11 23	15
100121281	322329370	0	null	5399	2014-12-01 12	15
100121281	322329370	0	null	5399	2014-12-10 10	15
100121281	322329370	0	95lkn0d	5399	2014-12-11 23	15
100121281	322329370	0	95lkn0i	5399	2014-12-11 23	15
100121281	322329370	0	null	5399	2014-12-01 12	15
100121281	322329370	0	null	5399	2014-12-01 12	15
100121281	322329370	0	null	5399	2014-12-10 10	15
100121281	322329370	0	95lkn0i	5399	2014-12-11 23	15
100121281	322329370	0	null	5399	2014-12-10 10	15
100121281	81945967	0	null	5027	2014-11-20 10	12
100121281	81945967	0	95lkn0m	5027	2014-11-18 19	12
100121281	81945967	0	null	5027	2014-11-27 15	12
100121281	81945967	0	null	5027	2014-11-27 15	12
100121281	81945967	0	null	5027	2014-11-20 10	12
100121281	81945967	0	null	5027	2014-12-11 09	12
100121281	81945967	0	null	5027	2014-12-11 09	12
100121281	81945967	0	null	5027	2014-12-11 09	12
100121281	81945967	0	null	5027	2014-12-11 09	12
100121281	81945967	0	95lkn0j	5027	2014-11-18 19	12
100121281	81945967	0	null	5027	2014-12-11 09	12
100121281	81945967	0	null	5027	2014-12-11 09	12
100121281	11595224	0	95lknup	14079	2014-11-18 19	2
100121281	11595224	0	95lkn0d	14079	2014-11-18 19	2
100121281	31757532	0	null	5689	2014-12-12 12	1
100121281	341171379	0	95lkn1i	1083	2014-12-07 14	1
100121281	95158450	0	null	5027	2014-11-29 21	1
100121281	277538608	0	null	9517	2014-11-27 15	2
100121281	277538608	0	null	9517	2014-11-27 15	2
100121281	374899766	0	null	552	2014-12-01 10	2
100121281	374899766	0	null	552	2014-12-01 10	2
100121281	166005853	0	95lknu9	13230	2014-11-26 22	1
100121281	395159233	0	95lknvq	12189	2014-12-14 19	2
100121281	395159233	0	95lkn0m	12189	2014-12-14 19	2
100121281	266675277	0	95lknuw	1083	2014-12-01 21	1
100121281	383792202	0	null	5206	2014-12-12 09	2
100121281	383792202	0	null	5206	2014-12-12 09	2
100121281	343439274	0	95lkn0l	8095	2014-11-30 19	2
100121281	343439274	0	95lknsf	8095	2014-11-30 19	2
100121281	324912351	0	95lknu0	1083	2014-12-07 14	3
100121281	324912351	0	95lknu4	1083	2014-12-07 14	3
100121281	324912351	0	95lkn1m	1083	2014-12-07 14	3
100121281	46086316	0	95lknsg	552	2014-12-09 21	2
100121281	46086316	0	95lknuq	552	2014-12-09 21	2
100121281	322677587	0	null	10049	2014-11-23 22	1
100121281	346650798	0	null	12345	2014-11-26 09	1
100121281	14942293	0	95lkr6u	9053	2014-12-08 17	3
100121281	14942293	0	95lkr70	9053	2014-12-08 17	3
100121281	14942293	0	95lkr72	9053	2014-12-08 17	3
100121281	158631210	0	95lknuh	4676	2014-11-30 11	2
100121281	158631210	0	95lknu5	4676	2014-11-30 11	2
100121281	383455686	0	95lkr6h	1863	2014-11-19 13	1
100121281	164709093	0	null	4370	2014-12-15 21	1
100121281	176764040	0	95lknu0	2236	2014-12-11 21	3
100121281	176764040	0	95lkn0a	2236	2014-12-11 21	3
100121281	176764040	0	95lkn0o	2236	2014-12-11 21	3
100121281	218852671	0	null	5027	2014-12-11 09	2
100121281	218852671	0	null	5027	2014-12-11 09	2
100121281	281779470	0	95lknsg	10049	2014-11-18 19	2
100121281	281779470	0	95lkn0n	10049	2014-11-18 19	2
100121281	59282528	0	95lkn0g	5027	2014-12-07 15	2
100121281	59282528	0	95lknuh	5027	2014-12-07 15	2
100121281	151427612	0	null	4676	2014-11-26 10	3
100121281	151427612	0	null	4676	2014-11-26 10	3
100121281	151427612	0	null	4676	2014-11-26 10	3
100121281	165504670	0	null	5494	2014-11-27 15	3
100121281	165504670	0	null	5494	2014-11-27 15	3
100121281	165504670	0	95lkr67	5494	2014-11-19 13	3
100121281	188179122	0	95lknut	4676	2014-12-14 18	4
100121281	188179122	0	95lknvh	4676	2014-12-14 18	4
100121281	188179122	0	95lknu5	4676	2014-12-14 18	4
100121281	188179122	0	95lkn0m	4676	2014-12-14 18	4
100121281	238670119	0	95lknuw	5135	2014-12-02 19	1
100121281	123082951	0	null	6513	2014-12-02 11	3
100121281	123082951	0	null	6513	2014-12-02 11	3
100121281	123082951	0	null	6513	2014-12-02 11	3
100121281	385411761	0	95lknvq	1083	2014-12-01 20	3
100121281	385411761	0	95lkn1k	1083	2014-12-01 20	3
100121281	385411761	0	95lknu4	1083	2014-12-01 20	3
100121281	205505254	0	null	814	2014-11-23 22	1
100121281	294521358	0	95lkn1l	1083	2014-12-01 21	3
100121281	294521358	0	95lknu0	1083	2014-12-01 21	3
100121281	294521358	0	95lknun	1083	2014-12-01 21	3
100121281	289684891	0	95lknsf	4247	2014-11-30 19	1
100121281	302917576	0	95lknu4	1083	2014-12-11 23	1
100121281	262111554	0	95lkn0o	1863	2014-12-02 19	3
100121281	262111554	0	95lknvw	1863	2014-12-02 19	3
100121281	262111554	0	95lknuq	1863	2014-12-02 19	3
100121281	393209354	0	95lkhwh	1083	2014-12-12 08	1
100121281	156047018	0	null	11776	2014-11-27 13	2
100121281	156047018	0	null	11776	2014-11-27 13	2
100121281	77044116	0	95lknvh	3271	2014-12-11 22	3
100121281	77044116	0	95lknuh	3271	2014-12-11 22	3
100121281	77044116	0	95lknvp	3271	2014-12-11 22	3
100121281	185394715	0	95lkn0m	9552	2014-12-14 19	2
100121281	185394715	0	95lknvp	9552	2014-12-14 19	2
100121281	169527832	0	null	11279	2014-12-14 22	3
100121281	169527832	0	null	11279	2014-12-14 22	3
100121281	169527832	0	null	11279	2014-12-14 22	3
100121281	300394857	0	95lknu5	3271	2014-12-11 22	1
100121281	203293252	0	null	10481	2014-11-27 13	2
100121281	203293252	0	null	10481	2014-11-27 13	2
100121281	398871423	0	null	11279	2014-11-18 10	2
100121281	398871423	0	null	11279	2014-11-18 10	2
100121281	97357743	0	95lkn0j	7712	2014-12-02 19	2
100121281	97357743	0	95lknv5	7712	2014-12-02 19	2
100121281	395015937	0	null	5689	2014-11-29 21	1
100121281	58119340	0	95lkr71	5494	2014-11-19 13	1
100121281	357208737	0	95lkr7m	1863	2014-12-05 20	1
