100029775	165927164	0	9t4qcca	11623	2014-12-18 13	2
100029775	165927164	0	9t4qc30	11623	2014-12-18 13	2
100029775	21968905	0	9t4qcc0	4370	2014-12-17 17	3
100029775	21968905	0	9t4qccd	4370	2014-12-17 17	3
100029775	21968905	0	9t4qcc1	4370	2014-12-17 17	3
100029775	201267064	0	9t4qcce	4584	2014-12-18 13	2
100029775	201267064	0	9t4qcc7	4584	2014-12-18 13	2
100029775	332750651	0	null	6054	2014-12-03 16	2
100029775	332750651	0	null	6054	2014-12-03 16	2
100029775	274868112	0	null	5867	2014-12-17 13	7
100029775	274868112	0	9t4qccv	5867	2014-12-18 10	7
100029775	274868112	0	9t4qc32	5867	2014-12-18 10	7
100029775	274868112	0	9t4qc3l	5867	2014-12-18 10	7
100029775	274868112	0	null	5867	2014-12-17 13	7
100029775	274868112	0	null	5867	2014-12-17 13	7
100029775	274868112	0	9t4qc3a	5867	2014-12-18 10	7
100029775	244339393	0	null	10314	2014-12-12 11	2
100029775	244339393	0	null	10314	2014-12-12 11	2
100029775	348454140	0	null	11552	2014-12-07 00	2
100029775	348454140	0	null	11552	2014-12-07 00	2
100029775	339327091	0	null	3673	2014-12-07 00	2
100029775	339327091	0	null	3673	2014-12-07 00	2
100029775	255125223	0	null	552	2014-12-14 11	2
100029775	255125223	0	null	552	2014-12-14 11	2
100029775	381631006	0	null	1863	2014-12-03 15	7
100029775	381631006	0	null	1863	2014-12-03 15	7
100029775	381631006	0	null	1863	2014-12-03 15	7
100029775	381631006	0	null	1863	2014-12-03 16	7
100029775	381631006	0	null	1863	2014-12-03 16	7
100029775	381631006	0	null	1863	2014-12-03 15	7
100029775	381631006	0	null	1863	2014-12-03 15	7
100029775	169956891	0	null	1863	2014-12-03 23	2
100029775	169956891	0	null	1863	2014-12-03 23	2
100029775	211663560	0	null	3673	2014-12-15 11	2
100029775	211663560	0	null	3673	2014-12-15 11	2
100029775	30464936	0	null	10314	2014-12-15 11	2
100029775	30464936	0	null	10314	2014-12-15 11	2
100029775	402678392	0	null	1863	2014-12-03 23	2
100029775	402678392	0	null	1863	2014-12-03 23	2
100029775	243466972	0	null	3673	2014-12-01 23	9
100029775	243466972	0	9t4qccw	3673	2014-12-12 11	9
100029775	243466972	0	null	3673	2014-12-01 22	9
100029775	243466972	0	9t4qcc1	3673	2014-12-12 11	9
100029775	243466972	0	9t4qcc5	3673	2014-12-12 11	9
100029775	243466972	0	null	3673	2014-12-01 23	9
100029775	243466972	0	null	3673	2014-12-01 23	9
100029775	243466972	0	null	3673	2014-12-01 23	9
100029775	243466972	0	null	3673	2014-12-01 23	9
100029775	252286076	0	null	1863	2014-12-03 15	8
100029775	252286076	0	null	1863	2014-12-04 22	8
100029775	252286076	0	null	1863	2014-12-04 15	8
100029775	252286076	0	null	1863	2014-12-04 15	8
100029775	252286076	0	null	1863	2014-12-04 15	8
100029775	252286076	0	null	1863	2014-12-04 22	8
100029775	252286076	0	null	1863	2014-12-03 15	8
100029775	252286076	0	null	1863	2014-12-03 15	8
100029775	270821337	0	null	5867	2014-12-17 13	1
100029775	322517411	0	null	1863	2014-12-03 16	2
100029775	322517411	0	null	1863	2014-12-03 16	2
100029775	50365355	0	null	14079	2014-12-12 11	4
100029775	50365355	0	null	14079	2014-12-12 11	4
100029775	50365355	0	null	14079	2014-12-12 11	4
100029775	50365355	0	null	14079	2014-12-12 11	4
100029775	20016043	0	null	1863	2014-12-04 11	4
100029775	20016043	0	null	1863	2014-12-07 00	4
100029775	20016043	0	null	1863	2014-12-04 11	4
100029775	20016043	0	null	1863	2014-12-07 00	4
100029775	118033464	0	null	4120	2014-11-27 15	2
100029775	118033464	0	null	4120	2014-11-27 15	2
100029775	195394110	0	null	1863	2014-12-03 15	2
100029775	195394110	0	null	1863	2014-12-03 15	2
100029775	311703684	0	null	9232	2014-12-14 11	2
100029775	311703684	0	null	9232	2014-12-14 11	2
100029775	299499510	0	null	1863	2014-12-03 16	2
100029775	299499510	0	null	1863	2014-12-03 16	2
100029775	261875973	0	null	5867	2014-12-17 13	2
100029775	261875973	0	null	5867	2014-12-17 13	2
100029775	274695037	0	null	5867	2014-12-17 13	2
100029775	274695037	0	null	5867	2014-12-17 13	2
100029775	402741154	0	null	1863	2014-11-30 21	4
100029775	402741154	0	null	1863	2014-11-30 21	4
100029775	402741154	0	null	1863	2014-11-30 21	4
100029775	402741154	0	null	1863	2014-11-30 21	4
100029775	154764599	0	null	1863	2014-12-03 16	4
100029775	154764599	0	null	1863	2014-12-03 16	4
100029775	154764599	0	null	1863	2014-12-03 16	4
100029775	154764599	0	null	1863	2014-12-03 16	4
100029775	80155387	0	null	1863	2014-12-03 15	5
100029775	80155387	0	null	1863	2014-12-03 15	5
100029775	80155387	0	9t4qcb6	1863	2014-12-15 15	5
100029775	80155387	0	null	1863	2014-12-03 15	5
100029775	80155387	0	9t4qcad	1863	2014-12-15 15	5
100029775	106222285	0	null	3509	2014-11-28 10	2
100029775	106222285	0	null	3509	2014-11-28 10	2
100029775	137621297	0	null	1863	2014-12-02 10	1
100029775	346277745	0	null	10223	2014-12-18 11	3
100029775	346277745	0	null	10223	2014-12-18 11	3
100029775	346277745	0	null	10223	2014-12-18 11	3
100029775	8021729	0	9t4qcc1	4370	2014-12-17 17	3
100029775	8021729	0	9t4qccw	4370	2014-12-17 17	3
100029775	8021729	0	9t4qcb5	4370	2014-12-17 17	3
100029775	132193956	0	null	13230	2014-11-19 15	3
100029775	132193956	0	null	13230	2014-11-19 15	3
100029775	132193956	0	null	13230	2014-11-19 15	3
100029775	67429074	0	null	1863	2014-12-03 16	2
100029775	67429074	0	null	1863	2014-12-03 16	2
100029775	61251128	0	9t4qccd	5894	2014-12-17 17	2
100029775	61251128	0	9t4qcck	5894	2014-12-17 17	2
100029775	218022085	0	9t4qcao	10314	2014-12-15 15	5
100029775	218022085	0	9t4qcbp	10314	2014-12-15 15	5
100029775	218022085	0	null	10314	2014-12-15 11	5
100029775	218022085	0	null	10314	2014-12-15 11	5
100029775	218022085	0	9t4qcem	10314	2014-12-15 15	5
100029775	304235745	0	null	3628	2014-12-01 23	2
100029775	304235745	0	null	3628	2014-12-01 23	2
100029775	199125599	0	null	1863	2014-12-03 15	2
100029775	199125599	0	null	1863	2014-12-03 15	2
100029775	297443044	0	null	10223	2014-12-16 15	2
100029775	297443044	0	null	10223	2014-12-16 15	2
100029775	263129708	0	null	1863	2014-12-03 15	4
100029775	263129708	0	null	1863	2014-12-03 15	4
100029775	263129708	0	null	1863	2014-12-03 15	4
100029775	263129708	0	null	1863	2014-12-03 15	4
100029775	155889263	0	9t4qcch	1863	2014-12-15 15	2
100029775	155889263	0	9t4qcgw	1863	2014-12-15 15	2
100029775	70394849	0	null	6513	2014-12-09 18	5
100029775	70394849	0	null	6513	2014-12-09 18	5
100029775	70394849	0	null	6513	2014-12-09 18	5
100029775	70394849	0	null	6513	2014-12-09 18	5
100029775	70394849	0	null	6513	2014-12-09 18	5
100029775	283564938	0	9t4qc3k	5894	2014-12-18 10	6
100029775	283564938	0	9t4qccp	5894	2014-12-18 10	6
100029775	283564938	0	null	5894	2014-12-09 18	6
100029775	283564938	0	9t4qcc5	5894	2014-12-18 10	6
100029775	283564938	0	null	5894	2014-12-09 18	6
100029775	283564938	0	null	5894	2014-12-09 18	6
100029775	205052614	0	null	10223	2014-12-16 13	3
100029775	205052614	0	null	10223	2014-12-16 13	3
100029775	205052614	0	null	10223	2014-12-16 13	3
100029775	347082951	0	null	8095	2014-12-07 00	2
100029775	347082951	0	null	8095	2014-12-07 00	2
100029775	246012058	0	null	214	2014-12-14 11	1
100029775	369442037	0	null	11623	2014-12-12 16	2
100029775	369442037	0	null	11623	2014-12-12 16	2
100029775	378347665	0	null	1863	2014-12-03 15	4
100029775	378347665	0	null	1863	2014-12-03 15	4
100029775	378347665	0	null	1863	2014-12-03 15	4
100029775	378347665	0	null	1863	2014-12-03 15	4
100029775	238681741	0	null	3673	2014-11-29 12	11
100029775	238681741	0	null	3673	2014-11-30 21	11
100029775	238681741	0	null	3673	2014-11-29 12	11
100029775	238681741	0	null	3673	2014-11-29 04	11
100029775	238681741	0	null	3673	2014-12-02 17	11
100029775	238681741	0	null	3673	2014-11-29 12	11
100029775	238681741	0	null	3673	2014-12-02 17	11
100029775	238681741	0	null	3673	2014-11-29 04	11
100029775	238681741	0	null	3673	2014-11-30 21	11
100029775	238681741	0	null	3673	2014-11-29 00	11
100029775	238681741	0	null	3673	2014-11-30 21	11
100029775	237966754	0	null	3628	2014-12-03 11	2
100029775	237966754	0	null	3628	2014-12-03 11	2
100029775	45616906	0	null	3628	2014-11-21 16	2
100029775	45616906	0	null	3628	2014-11-21 16	2
100029775	49063582	0	null	9559	2014-12-15 11	4
100029775	49063582	0	null	9559	2014-12-15 11	4
100029775	49063582	0	null	9559	2014-12-15 11	4
100029775	49063582	0	null	9559	2014-12-15 11	4
100029775	25884323	0	null	231	2014-11-20 10	2
100029775	25884323	0	null	231	2014-11-20 10	2
100029775	80033468	0	null	1863	2014-12-03 23	2
100029775	80033468	0	null	1863	2014-12-03 23	2
100029775	297779603	0	null	740	2014-12-03 16	4
100029775	297779603	0	null	740	2014-12-03 16	4
100029775	297779603	0	null	740	2014-12-03 16	4
100029775	297779603	0	null	740	2014-12-03 16	4
100029775	130639998	0	null	214	2014-12-15 09	4
100029775	130639998	0	null	214	2014-12-14 11	4
100029775	130639998	0	null	214	2014-12-14 11	4
100029775	130639998	0	null	214	2014-12-15 09	4
100029775	287413918	0	null	5689	2014-12-13 00	29
100029775	287413918	0	null	5689	2014-12-13 00	29
100029775	287413918	0	null	5689	2014-12-16 15	29
100029775	287413918	0	null	5689	2014-12-12 23	29
100029775	287413918	0	null	5689	2014-12-12 23	29
100029775	287413918	0	9t4qcnd	5689	2014-12-15 15	29
100029775	287413918	0	null	5689	2014-12-12 23	29
100029775	287413918	0	null	5689	2014-12-13 00	29
100029775	287413918	0	null	5689	2014-12-13 16	29
100029775	287413918	0	null	5689	2014-12-13 00	29
100029775	287413918	0	null	5689	2014-12-12 23	29
100029775	287413918	0	null	5689	2014-12-13 00	29
100029775	287413918	0	9t4qcc6	5689	2014-12-12 11	29
100029775	287413918	0	null	5689	2014-12-13 00	29
100029775	287413918	0	null	5689	2014-12-12 23	29
100029775	287413918	0	null	5689	2014-12-13 16	29
100029775	287413918	0	9t4qcag	5689	2014-12-15 15	29
100029775	287413918	0	null	5689	2014-12-13 00	29
100029775	287413918	0	9t4qcad	5689	2014-12-15 15	29
100029775	287413918	0	9t4qcal	5689	2014-12-15 15	29
100029775	287413918	0	null	5689	2014-12-13 00	29
100029775	287413918	0	null	5689	2014-12-12 23	29
100029775	287413918	0	null	5689	2014-12-13 00	29
100029775	287413918	0	null	5689	2014-12-13 00	29
100029775	287413918	0	null	5689	2014-12-16 15	29
100029775	287413918	0	null	5689	2014-12-12 23	29
100029775	287413918	0	9t4qcb5	5689	2014-12-15 15	29
100029775	287413918	0	9t4qc37	5689	2014-12-12 11	29
100029775	287413918	0	null	5689	2014-12-12 11	29
100029775	247380548	0	9t4qcck	10223	2014-12-18 13	3
100029775	247380548	0	9t4qc3g	10223	2014-12-18 13	3
100029775	247380548	0	9t4qcc6	10223	2014-12-18 13	3
100029775	153973127	0	null	6235	2014-12-14 11	3
100029775	153973127	0	null	6235	2014-12-14 11	3
100029775	153973127	0	null	6235	2014-12-14 11	3
100029775	211143155	0	null	1863	2014-12-03 23	9
100029775	211143155	0	9t4qc3t	1863	2014-12-12 11	9
100029775	211143155	0	9t4qcc1	1863	2014-12-12 11	9
100029775	211143155	0	null	1863	2014-12-04 11	9
100029775	211143155	0	null	1863	2014-12-03 23	9
100029775	211143155	0	9t4qcc1	1863	2014-12-12 11	9
100029775	211143155	0	null	1863	2014-12-04 11	9
100029775	211143155	0	null	1863	2014-12-03 23	9
100029775	211143155	0	null	1863	2014-12-04 11	9
100029775	373763090	0	null	10223	2014-12-12 11	3
100029775	373763090	0	null	10223	2014-12-12 11	3
100029775	373763090	0	null	10223	2014-12-12 11	3
100029775	138489215	0	null	3673	2014-11-29 13	1
100029775	350942199	0	null	5894	2014-12-15 13	2
100029775	350942199	0	null	5894	2014-12-15 13	2
100029775	75616466	0	null	5867	2014-12-17 13	3
100029775	75616466	0	null	5867	2014-12-17 13	3
100029775	75616466	0	null	5867	2014-12-17 13	3
100029775	8361174	0	9t4qcca	1863	2014-12-18 13	2
100029775	8361174	0	9t4qccg	1863	2014-12-18 13	2
100029775	354103995	0	null	1863	2014-12-04 11	2
100029775	354103995	0	null	1863	2014-12-04 11	2
100029775	214252945	0	null	10392	2014-11-27 15	13
100029775	214252945	0	null	10392	2014-12-03 10	13
100029775	214252945	0	null	10392	2014-12-01 19	13
100029775	214252945	0	null	10392	2014-11-27 16	13
100029775	214252945	0	null	10392	2014-11-27 15	13
100029775	214252945	0	null	10392	2014-11-28 16	13
100029775	214252945	0	null	10392	2014-12-01 19	13
100029775	214252945	0	null	10392	2014-11-27 15	13
100029775	214252945	0	null	10392	2014-11-28 16	13
100029775	214252945	0	null	10392	2014-11-28 16	13
100029775	214252945	0	null	10392	2014-12-03 10	13
100029775	214252945	0	null	10392	2014-11-27 16	13
100029775	214252945	0	null	10392	2014-12-01 17	13
100029775	365505232	0	null	10223	2014-11-27 15	2
100029775	365505232	0	null	10223	2014-11-27 15	2
100029775	402253684	0	null	1863	2014-12-03 16	4
100029775	402253684	0	null	1863	2014-12-03 16	4
100029775	402253684	0	null	1863	2014-12-03 16	4
100029775	402253684	0	null	1863	2014-12-03 16	4
100029775	294025724	0	null	3673	2014-12-01 22	3
100029775	294025724	0	null	3673	2014-12-07 00	3
100029775	294025724	0	null	3673	2014-12-07 00	3
100029775	372383844	0	null	8874	2014-11-21 16	2
100029775	372383844	0	null	8874	2014-11-21 16	2
100029775	365811867	0	null	5894	2014-12-16 13	2
100029775	365811867	0	null	5894	2014-12-16 13	2
100029775	235787727	0	null	6402	2014-11-28 10	2
100029775	235787727	0	null	6402	2014-11-28 10	2
100029775	87557153	0	9t4qcbm	10894	2014-12-18 13	3
100029775	87557153	0	9t4qcc6	10894	2014-12-18 13	3
100029775	87557153	0	9t4qccn	10894	2014-12-18 13	3
100029775	296528289	0	null	3628	2014-12-07 00	3
100029775	296528289	0	null	3628	2014-12-07 00	3
100029775	296528289	0	null	3628	2014-12-07 00	3
100029775	282470272	0	null	10223	2014-12-12 16	2
100029775	282470272	0	null	10223	2014-12-12 16	2
100029775	17988661	0	null	8528	2014-12-15 13	12
100029775	17988661	0	null	8528	2014-12-14 11	12
100029775	17988661	0	null	8528	2014-12-15 13	12
100029775	17988661	0	null	8528	2014-12-14 11	12
100029775	17988661	0	null	8528	2014-12-15 13	12
100029775	17988661	0	null	8528	2014-12-15 13	12
100029775	17988661	0	null	8528	2014-12-15 13	12
100029775	17988661	0	null	8528	2014-12-14 01	12
100029775	17988661	0	null	8528	2014-12-15 13	12
100029775	17988661	0	null	8528	2014-12-14 11	12
100029775	17988661	0	null	8528	2014-12-15 13	12
100029775	17988661	0	null	8528	2014-12-15 13	12
100029775	159109394	0	null	740	2014-12-03 16	4
100029775	159109394	0	null	740	2014-12-03 16	4
100029775	159109394	0	null	740	2014-12-03 16	4
100029775	159109394	0	null	740	2014-12-03 16	4
100029775	216532638	0	null	4953	2014-12-07 00	7
100029775	216532638	0	null	4953	2014-12-07 00	7
100029775	216532638	0	null	4953	2014-12-07 00	7
100029775	216532638	0	null	4953	2014-12-07 00	7
100029775	216532638	0	null	4953	2014-12-07 00	7
100029775	216532638	0	null	4953	2014-12-07 00	7
100029775	216532638	0	null	4953	2014-12-07 00	7
100029775	46228183	0	null	10894	2014-12-03 23	5
100029775	46228183	0	null	10894	2014-12-04 22	5
100029775	46228183	0	null	10894	2014-12-04 22	5
100029775	46228183	0	null	10894	2014-12-03 23	5
100029775	46228183	0	null	10894	2014-12-03 21	5
100029775	200641128	0	null	1863	2014-12-03 16	2
100029775	200641128	0	null	1863	2014-12-03 16	2
100029775	128989040	0	9t4qc37	5232	2014-12-17 17	3
100029775	128989040	0	9t4qcc1	5232	2014-12-17 17	3
100029775	128989040	0	9t4qcbq	5232	2014-12-17 17	3
100029775	11803344	0	null	10223	2014-12-16 13	3
100029775	11803344	0	null	10223	2014-12-16 13	3
100029775	11803344	0	null	10223	2014-12-16 13	3
100029775	210028911	0	null	7143	2014-12-15 06	3
100029775	210028911	0	null	7143	2014-12-15 06	3
100029775	210028911	0	null	7143	2014-12-15 06	3
100029775	36591792	0	null	5894	2014-12-09 18	9
100029775	36591792	0	null	5894	2014-12-09 18	9
100029775	36591792	0	null	5894	2014-12-09 18	9
100029775	36591792	0	9t4qcc6	5894	2014-12-18 10	9
100029775	36591792	0	null	5894	2014-12-09 18	9
100029775	36591792	0	9t4qc3b	5894	2014-12-18 10	9
100029775	36591792	0	null	5894	2014-12-09 18	9
100029775	36591792	0	null	5894	2014-12-09 18	9
100029775	36591792	0	9t4qc3f	5894	2014-12-18 10	9
100029775	296717135	0	null	11279	2014-11-19 15	2
100029775	296717135	0	null	11279	2014-11-19 15	2
100029775	8679034	0	null	3783	2014-11-21 19	2
100029775	8679034	0	null	3783	2014-11-21 17	2
100029775	198524629	0	9t4qcbr	2825	2014-12-17 17	2
100029775	198524629	0	9t4qccs	2825	2014-12-17 17	2
100029775	395485891	0	null	1863	2014-12-04 11	2
100029775	395485891	0	null	1863	2014-12-04 11	2
100029775	8652879	0	9t4qc3n	1863	2014-12-18 13	3
100029775	8652879	0	9t4qcc5	1863	2014-12-18 13	3
100029775	8652879	0	9t4qccb	1863	2014-12-18 13	3
100029775	79140857	0	null	5894	2014-12-09 18	2
100029775	79140857	0	null	5894	2014-12-09 18	2
100029775	29438683	0	null	1863	2014-12-03 15	3
100029775	29438683	0	null	1863	2014-12-03 16	3
100029775	29438683	0	null	1863	2014-12-03 16	3
100029775	14212887	0	null	10304	2014-11-30 21	2
100029775	14212887	0	null	10304	2014-11-30 21	2
100029775	123133114	0	null	1863	2014-12-03 16	2
100029775	123133114	0	null	1863	2014-12-03 16	2
100029775	121572843	0	null	3628	2014-12-01 23	2
100029775	121572843	0	null	3628	2014-12-01 23	2
100029775	165528313	0	null	1863	2014-12-07 00	2
100029775	165528313	0	null	1863	2014-12-07 00	2
100029775	48896808	0	null	13288	2014-11-18 02	2
100029775	48896808	0	null	13288	2014-11-18 02	2
100029775	67085340	0	null	11623	2014-12-07 00	10
100029775	67085340	0	null	11623	2014-12-07 00	10
100029775	67085340	0	null	11623	2014-12-07 00	10
100029775	67085340	0	null	11623	2014-12-07 00	10
100029775	67085340	0	null	11623	2014-12-07 00	10
100029775	67085340	0	null	11623	2014-12-07 00	10
100029775	67085340	0	null	11623	2014-12-07 00	10
100029775	67085340	0	null	11623	2014-12-07 00	10
100029775	67085340	0	null	11623	2014-12-07 00	10
100029775	67085340	0	null	11623	2014-12-07 00	10
100029775	313616193	0	null	8528	2014-12-14 11	3
100029775	313616193	0	null	8528	2014-12-15 10	3
100029775	313616193	0	null	8528	2014-12-14 11	3
100029775	150563006	0	null	3628	2014-12-01 23	1
100029775	32720344	0	9t4qcb6	1863	2014-12-15 15	2
100029775	32720344	0	9t4qcbi	1863	2014-12-15 15	2
100029775	223294204	0	null	12564	2014-12-16 15	2
100029775	223294204	0	null	12564	2014-12-16 15	2
100029775	367777162	0	null	740	2014-12-03 16	2
100029775	367777162	0	null	740	2014-12-03 16	2
100029775	80940727	0	null	756	2014-12-01 22	2
100029775	80940727	0	null	756	2014-12-01 22	2
100029775	404506492	0	null	1863	2014-12-03 16	2
100029775	404506492	0	null	1863	2014-12-03 16	2
100029775	54049624	0	null	9559	2014-12-06 11	2
100029775	54049624	0	null	9559	2014-12-06 11	2
100029775	268913076	0	null	1863	2014-12-03 15	2
100029775	268913076	0	null	1863	2014-12-03 15	2
100029775	400780241	0	null	1863	2014-12-03 16	2
100029775	400780241	0	null	1863	2014-12-03 16	2
100029775	97350436	0	null	8528	2014-12-14 11	2
100029775	97350436	0	null	8528	2014-12-14 11	2
100029775	187177856	0	null	14079	2014-12-12 16	2
100029775	187177856	0	null	14079	2014-12-12 16	2
100029775	330345353	0	null	3628	2014-12-01 23	2
100029775	330345353	0	null	3628	2014-12-01 23	2
100029775	181239230	0	null	1863	2014-12-03 16	2
100029775	181239230	0	null	1863	2014-12-03 16	2
100029775	104599592	0	null	10314	2014-12-12 16	2
100029775	104599592	0	null	10314	2014-12-12 16	2
100029775	326201591	0	null	9559	2014-12-12 15	4
100029775	326201591	0	null	9559	2014-12-12 15	4
100029775	326201591	0	null	9559	2014-12-12 15	4
100029775	326201591	0	9t4qc3g	9559	2014-12-12 12	4
100029775	239362693	0	null	5894	2014-12-09 18	2
100029775	239362693	0	null	5894	2014-12-09 18	2
100029775	167854422	0	9t4qcbr	2825	2014-12-17 17	2
100029775	167854422	0	9t4qcc6	2825	2014-12-17 17	2
100029775	99115400	0	null	1863	2014-12-03 16	4
100029775	99115400	0	null	1863	2014-12-03 16	4
100029775	99115400	0	null	1863	2014-12-03 16	4
100029775	99115400	0	null	1863	2014-12-03 16	4
100029775	200480861	0	null	1863	2014-12-03 18	3
100029775	200480861	0	null	1863	2014-12-03 18	3
100029775	200480861	0	null	1863	2014-12-03 18	3
100029775	222229697	0	null	3628	2014-12-14 11	12
100029775	222229697	0	null	3628	2014-12-12 15	12
100029775	222229697	0	null	3628	2014-12-14 11	12
100029775	222229697	0	9t4qccd	3628	2014-12-12 14	12
100029775	222229697	0	9t4qcc7	3628	2014-12-12 14	12
100029775	222229697	0	null	3628	2014-12-15 11	12
100029775	222229697	0	null	3628	2014-12-12 15	12
100029775	222229697	0	null	3628	2014-12-12 15	12
100029775	222229697	0	null	3628	2014-12-12 15	12
100029775	222229697	0	null	3628	2014-12-15 11	12
100029775	222229697	0	null	3628	2014-12-12 15	12
100029775	222229697	0	null	3628	2014-12-14 11	12
100029775	103488152	0	null	1863	2014-12-03 15	2
100029775	103488152	0	null	1863	2014-12-03 15	2
100029775	263097356	0	null	7143	2014-12-15 06	2
100029775	263097356	0	null	7143	2014-12-15 06	2
100029775	169159280	0	null	9559	2014-12-16 15	2
100029775	169159280	0	null	9559	2014-12-16 15	2
100029775	169916818	0	null	3628	2014-12-01 23	2
100029775	169916818	0	null	3628	2014-12-01 23	2
100029775	96582824	0	9t4qcc6	11279	2014-12-11 16	1
100029775	185631584	0	null	10314	2014-12-07 00	2
100029775	185631584	0	null	10314	2014-12-07 00	2
100029775	230835230	0	null	8528	2014-12-15 10	2
100029775	230835230	0	null	8528	2014-12-15 10	2
100029775	384465405	0	null	740	2014-12-03 16	3
100029775	384465405	0	null	740	2014-12-03 16	3
100029775	384465405	0	null	740	2014-12-03 16	3
100029775	227487208	0	null	2610	2014-12-12 11	4
100029775	227487208	0	null	2610	2014-12-12 11	4
100029775	227487208	0	null	2610	2014-12-12 11	4
100029775	227487208	0	null	2610	2014-12-12 11	4
100029775	317407270	0	null	3628	2014-11-18 02	2
100029775	317407270	0	null	3628	2014-11-18 02	2
100029775	63698519	0	null	8528	2014-12-16 15	3
100029775	63698519	0	null	8528	2014-12-16 15	3
100029775	63698519	0	null	8528	2014-12-16 15	3
100029775	177870759	0	null	1863	2014-12-03 16	2
100029775	177870759	0	null	1863	2014-12-03 16	2
100029775	9160080	0	null	1863	2014-12-01 22	3
100029775	9160080	0	null	1863	2014-12-01 22	3
100029775	9160080	0	null	1863	2014-12-01 22	3
100029775	391300822	0	null	4999	2014-11-18 01	2
100029775	391300822	0	null	4999	2014-11-18 01	2
100029775	228754898	0	null	13041	2014-11-21 16	2
100029775	228754898	0	null	13041	2014-11-21 16	2
100029775	255555053	0	null	13230	2014-12-09 18	2
100029775	255555053	0	null	13230	2014-12-09 18	2
100029775	191599505	0	null	3673	2014-11-29 13	4
100029775	191599505	0	null	3673	2014-11-29 13	4
100029775	191599505	0	null	3673	2014-11-29 13	4
100029775	191599505	0	null	3673	2014-11-29 13	4
100029775	237240936	0	null	13230	2014-12-09 18	2
100029775	237240936	0	null	13230	2014-12-09 18	2
100029775	182952513	0	null	1863	2014-12-03 15	2
100029775	182952513	0	null	1863	2014-12-03 15	2
100029775	135293475	0	null	3673	2014-12-07 02	5
100029775	135293475	0	null	3673	2014-12-07 00	5
100029775	135293475	0	null	3673	2014-12-07 02	5
100029775	135293475	0	null	3673	2014-12-01 22	5
100029775	135293475	0	null	3673	2014-12-01 22	5
100029775	279864700	0	9t4qc3b	4584	2014-12-12 10	3
100029775	279864700	0	9t4qccv	4584	2014-12-12 10	3
100029775	279864700	0	9t4qccs	4584	2014-12-12 10	3
100029775	334897404	0	9t4qc3f	10223	2014-12-12 10	6
100029775	334897404	0	9t4qcci	10223	2014-12-12 11	6
100029775	334897404	0	9t4qcci	10223	2014-12-12 11	6
100029775	334897404	0	9t4qcc2	10223	2014-12-12 10	6
100029775	334897404	0	9t4qccr	10223	2014-12-12 11	6
100029775	334897404	0	9t4qcb5	10223	2014-12-12 11	6
100029775	205264014	0	9t4qccb	1863	2014-12-18 13	2
100029775	205264014	0	9t4qcc0	1863	2014-12-18 13	2
100029775	210807832	0	null	3628	2014-12-01 23	2
100029775	210807832	0	null	3628	2014-12-01 23	2
100029775	56574541	0	null	6689	2014-12-16 12	5
100029775	56574541	0	null	6689	2014-12-14 11	5
100029775	56574541	0	null	6689	2014-12-14 11	5
100029775	56574541	0	null	6689	2014-12-16 12	5
100029775	56574541	0	null	6689	2014-12-14 11	5
100029775	14815609	0	null	5867	2014-12-17 13	2
100029775	14815609	0	null	5867	2014-12-17 13	2
100029775	107389904	0	9t4qcg5	1863	2014-12-15 15	2
100029775	107389904	0	9t4qcem	1863	2014-12-15 15	2
100029775	261470843	0	null	3673	2014-12-01 23	4
100029775	261470843	0	null	3673	2014-12-01 23	4
100029775	261470843	0	null	3673	2014-12-01 22	4
100029775	261470843	0	null	3673	2014-12-01 22	4
