100167622	29972344	0	null	3709	2014-11-22 11	2
100167622	29972344	0	null	3709	2014-11-22 11	2
100167622	255851564	0	null	9051	2014-12-14 20	2
100167622	255851564	0	null	9051	2014-12-14 20	2
100167622	96863113	0	null	3064	2014-12-09 15	2
100167622	96863113	0	null	3064	2014-12-09 15	2
100167622	110430634	0	null	5395	2014-12-13 22	3
100167622	110430634	0	null	5395	2014-12-13 22	3
100167622	110430634	0	null	5395	2014-12-13 22	3
100167622	15729293	0	null	11553	2014-12-10 16	2
100167622	15729293	0	null	11553	2014-12-10 16	2
100167622	183061119	0	null	10271	2014-12-03 14	2
100167622	183061119	0	null	10271	2014-12-03 14	2
100167622	60195704	0	null	1863	2014-11-22 09	6
100167622	60195704	0	null	1863	2014-11-22 09	6
100167622	60195704	0	null	1863	2014-12-13 22	6
100167622	60195704	0	null	1863	2014-12-13 22	6
100167622	60195704	0	null	1863	2014-11-22 09	6
100167622	60195704	0	null	1863	2014-11-22 09	6
100167622	77386364	0	null	5457	2014-12-10 16	2
100167622	77386364	0	null	5457	2014-12-10 16	2
100167622	335074931	0	null	3064	2014-12-09 15	2
100167622	335074931	0	null	3064	2014-12-09 15	2
100167622	306245507	0	null	11552	2014-12-03 05	2
100167622	306245507	0	null	11552	2014-12-03 05	2
100167622	331654199	0	null	5457	2014-12-10 16	2
100167622	331654199	0	null	5457	2014-12-10 16	2
100167622	83702905	0	null	11279	2014-12-10 14	2
100167622	83702905	0	null	11279	2014-12-10 14	2
100167622	298428238	0	null	3424	2014-12-16 13	3
100167622	298428238	0	null	3424	2014-12-16 13	3
100167622	298428238	0	null	3424	2014-12-16 13	3
100167622	56337537	0	null	12630	2014-12-06 12	2
100167622	56337537	0	null	12630	2014-12-06 12	2
100167622	221848746	0	null	5457	2014-12-10 16	2
100167622	221848746	0	null	5457	2014-12-10 16	2
100167622	253556780	0	null	3475	2014-12-16 12	3
100167622	253556780	0	null	3475	2014-12-16 12	3
100167622	253556780	0	null	3475	2014-12-16 13	3
100167622	355465310	0	null	2225	2014-12-06 13	3
100167622	355465310	0	null	2225	2014-12-06 13	3
100167622	355465310	0	null	2225	2014-12-06 13	3
100167622	266723056	0	null	3895	2014-12-14 20	2
100167622	266723056	0	null	3895	2014-12-14 20	2
100167622	10565809	0	null	3472	2014-11-19 20	2
100167622	10565809	0	null	3472	2014-11-19 20	2
100167622	84785758	0	null	1863	2014-12-13 23	1
100167622	59677447	0	null	3064	2014-12-09 15	2
100167622	59677447	0	null	3064	2014-12-09 15	2
100167622	33812853	0	null	1863	2014-11-20 20	2
100167622	33812853	0	null	1863	2014-11-20 20	2
100167622	65420209	0	null	7428	2014-12-08 07	1
100167622	54243076	0	null	3064	2014-12-09 15	1
100167622	1614408	0	null	5457	2014-12-10 16	2
100167622	1614408	0	null	5457	2014-12-10 16	2
100167622	329505407	0	null	10242	2014-12-06 13	2
100167622	329505407	0	null	10242	2014-12-06 13	2
100167622	67389471	0	null	3064	2014-12-09 15	2
100167622	67389471	0	null	3064	2014-12-09 15	2
100167622	209472548	0	null	10271	2014-12-03 13	1
100167622	132021636	0	null	3424	2014-12-16 13	2
100167622	132021636	0	null	3424	2014-12-16 13	2
100167622	135893574	0	null	12630	2014-12-06 13	2
100167622	135893574	0	null	12630	2014-12-06 13	2
100167622	193135072	0	null	3064	2014-12-09 15	1
100167622	286849962	0	null	11279	2014-12-07 18	1
100167622	41292135	0	null	9397	2014-11-19 20	2
100167622	41292135	0	null	9397	2014-11-19 20	2
100167622	210893059	0	null	11553	2014-12-13 14	5
100167622	210893059	0	null	11553	2014-12-13 14	5
100167622	210893059	0	null	11553	2014-12-13 14	5
100167622	210893059	0	null	11553	2014-12-13 14	5
100167622	210893059	0	null	11553	2014-12-13 14	5
100167622	65344725	0	null	1863	2014-11-20 20	2
100167622	65344725	0	null	1863	2014-11-20 20	2
100167622	253775724	0	null	6255	2014-11-19 16	2
100167622	253775724	0	null	6255	2014-11-19 16	2
100167622	392900190	0	null	6054	2014-11-22 10	2
100167622	392900190	0	null	6054	2014-11-22 10	2
100167622	97082846	0	null	6255	2014-11-21 16	2
100167622	97082846	0	null	6255	2014-11-21 16	2
100167622	125451852	0	null	3895	2014-12-14 10	1
100167622	139958570	0	null	6344	2014-11-19 20	2
100167622	139958570	0	null	6344	2014-11-19 20	2
100167622	15093995	0	null	6513	2014-11-21 09	2
100167622	15093995	0	null	6513	2014-11-21 09	2
100167622	97383754	0	null	1863	2014-12-15 16	2
100167622	97383754	0	null	1863	2014-12-15 16	2
100167622	17849950	0	null	12029	2014-12-06 14	1
100167622	134170146	0	null	279	2014-12-06 13	1
100167622	184835542	0	null	11552	2014-11-30 16	3
100167622	184835542	0	null	11552	2014-11-30 16	3
100167622	184835542	0	null	11552	2014-11-30 16	3
100167622	202562748	0	null	1863	2014-11-19 10	15
100167622	202562748	0	null	1863	2014-11-20 20	15
100167622	202562748	0	null	1863	2014-11-20 20	15
100167622	202562748	0	null	1863	2014-11-20 20	15
100167622	202562748	0	null	1863	2014-11-22 11	15
100167622	202562748	0	null	1863	2014-11-22 09	15
100167622	202562748	0	null	1863	2014-11-20 20	15
100167622	202562748	0	null	1863	2014-11-19 12	15
100167622	202562748	0	null	1863	2014-11-22 09	15
100167622	202562748	0	null	1863	2014-11-22 09	15
100167622	202562748	0	null	1863	2014-11-19 10	15
100167622	202562748	0	null	1863	2014-11-19 12	15
100167622	202562748	0	null	1863	2014-11-20 20	15
100167622	202562748	0	null	1863	2014-11-20 20	15
100167622	202562748	0	null	1863	2014-11-22 09	15
100167622	99894705	0	null	3064	2014-12-09 15	2
100167622	99894705	0	null	3064	2014-12-09 15	2
100167622	244857831	0	null	3798	2014-12-03 08	3
100167622	244857831	0	null	3798	2014-12-03 08	3
100167622	244857831	0	null	3798	2014-12-03 05	3
100167622	40794501	0	null	6255	2014-11-19 16	2
100167622	40794501	0	null	6255	2014-11-19 16	2
100167622	363355240	0	null	4370	2014-12-18 19	2
100167622	363355240	0	null	4370	2014-12-18 19	2
100167622	112446710	0	null	5027	2014-12-01 20	3
100167622	112446710	0	null	5027	2014-12-01 20	3
100167622	112446710	0	null	5027	2014-12-01 20	3
100167622	75614164	0	null	12029	2014-12-06 14	2
100167622	75614164	0	null	12029	2014-12-06 14	2
100167622	308172431	0	null	9051	2014-12-10 16	2
100167622	308172431	0	null	9051	2014-12-10 16	2
100167622	222169247	0	null	11552	2014-11-30 16	2
100167622	222169247	0	null	11552	2014-11-30 16	2
100167622	316157149	0	null	5457	2014-12-10 16	2
100167622	316157149	0	null	5457	2014-12-10 16	2
100167622	100786015	0	null	6326	2014-12-14 07	1
100167622	355938162	0	null	6255	2014-12-01 20	2
100167622	355938162	0	null	6255	2014-12-01 20	2
100167622	265456072	0	null	5951	2014-12-06 13	2
100167622	265456072	0	null	5951	2014-12-06 13	2
100167622	310191971	0	null	5395	2014-12-13 22	3
100167622	310191971	0	null	5395	2014-12-13 22	3
100167622	310191971	0	null	5395	2014-12-13 22	3
100167622	65212865	0	null	4370	2014-11-22 08	2
100167622	65212865	0	null	4370	2014-11-22 08	2
100167622	370836098	0	null	7995	2014-12-15 16	2
100167622	370836098	0	null	7995	2014-12-15 17	2
100167622	79809985	0	null	3064	2014-12-09 15	2
100167622	79809985	0	null	3064	2014-12-09 15	2
100167622	382978763	0	null	11279	2014-12-10 14	2
100167622	382978763	0	null	11279	2014-12-10 14	2
100167622	241819709	0	null	9051	2014-12-10 16	2
100167622	241819709	0	null	9051	2014-12-10 16	2
100167622	251310775	0	null	11279	2014-12-10 14	2
100167622	251310775	0	null	11279	2014-12-10 14	2
100167622	129550959	0	null	1863	2014-11-20 20	2
100167622	129550959	0	null	1863	2014-11-20 20	2
100167622	82655670	0	null	5027	2014-11-21 16	5
100167622	82655670	0	null	5027	2014-11-22 09	5
100167622	82655670	0	null	5027	2014-11-22 09	5
100167622	82655670	0	null	5027	2014-11-21 16	5
100167622	82655670	0	null	5027	2014-11-21 16	5
100167622	5337451	0	null	1863	2014-12-13 23	2
100167622	5337451	0	null	1863	2014-12-13 23	2
100167622	50808784	0	null	3424	2014-12-16 13	3
100167622	50808784	0	null	3424	2014-12-16 13	3
100167622	50808784	0	null	3424	2014-12-16 13	3
100167622	284383592	0	null	6255	2014-11-22 08	3
100167622	284383592	0	null	6255	2014-11-22 08	3
100167622	284383592	0	null	6255	2014-11-22 08	3
100167622	106087404	0	null	3064	2014-12-09 15	2
100167622	106087404	0	null	3064	2014-12-09 15	2
100167622	330435936	0	null	11552	2014-12-10 13	2
100167622	330435936	0	null	11552	2014-12-10 13	2
100167622	32113422	0	null	2953	2014-11-21 16	5
100167622	32113422	0	null	2953	2014-11-21 16	5
100167622	32113422	0	null	2953	2014-12-18 14	5
100167622	32113422	0	null	2953	2014-11-21 16	5
100167622	32113422	0	null	2953	2014-12-18 14	5
100167622	272301192	0	null	1863	2014-11-20 20	2
100167622	272301192	0	null	1863	2014-11-20 20	2
100167622	2465946	0	null	3625	2014-11-19 20	6
100167622	2465946	0	null	3625	2014-11-19 20	6
100167622	2465946	0	null	3625	2014-11-19 20	6
100167622	2465946	0	null	3625	2014-11-19 20	6
100167622	2465946	0	null	3625	2014-11-19 20	6
100167622	2465946	0	null	3625	2014-11-19 20	6
100167622	267537866	0	null	9849	2014-12-06 13	1
100167622	157324364	0	null	3381	2014-12-05 19	3
100167622	157324364	0	null	3381	2014-12-05 19	3
100167622	157324364	0	null	3381	2014-12-05 19	3
100167622	66171016	0	null	2130	2014-11-20 20	1
100167622	230911608	0	null	1863	2014-12-15 16	1
100167622	325364399	0	null	3475	2014-12-16 12	3
100167622	325364399	0	null	3475	2014-12-16 13	3
100167622	325364399	0	null	3475	2014-12-16 13	3
100167622	276857399	0	null	1863	2014-11-20 20	2
100167622	276857399	0	null	1863	2014-11-20 20	2
100167622	35525693	0	null	3628	2014-12-03 08	2
100167622	35525693	0	null	3628	2014-12-03 08	2
100167622	25229592	0	null	3424	2014-12-16 13	3
100167622	25229592	0	null	3424	2014-12-16 13	3
100167622	25229592	0	null	3424	2014-12-16 13	3
100167622	339713226	0	null	1863	2014-12-13 22	2
100167622	339713226	0	null	1863	2014-12-13 22	2
100167622	129737002	0	null	13041	2014-12-07 06	2
100167622	129737002	0	null	13041	2014-12-07 06	2
100167622	143342407	0	null	11824	2014-11-21 16	3
100167622	143342407	0	null	11824	2014-11-21 16	3
100167622	143342407	0	null	11824	2014-11-21 16	3
100167622	75681830	0	null	12630	2014-12-06 12	3
100167622	75681830	0	null	12630	2014-12-06 12	3
100167622	75681830	0	null	12630	2014-12-06 12	3
100167622	100936729	0	null	1863	2014-11-20 20	2
100167622	100936729	0	null	1863	2014-11-20 20	2
100167622	233576218	0	null	5894	2014-12-01 20	3
100167622	233576218	0	null	5894	2014-12-01 20	3
100167622	233576218	0	null	5894	2014-12-01 20	3
100167622	371321038	0	null	3424	2014-12-16 12	2
100167622	371321038	0	null	3424	2014-12-16 12	2
100167622	293927341	0	null	11279	2014-12-10 14	2
100167622	293927341	0	null	11279	2014-12-10 14	2
100167622	115067778	0	null	2130	2014-11-19 20	4
100167622	115067778	0	null	2130	2014-11-19 20	4
100167622	115067778	0	null	2130	2014-11-19 20	4
100167622	115067778	0	null	2130	2014-11-19 20	4
100167622	331588182	0	null	9363	2014-12-07 06	3
100167622	331588182	0	null	9363	2014-12-07 06	3
100167622	331588182	0	null	9363	2014-12-07 06	3
100167622	288953010	0	null	1863	2014-11-20 20	3
100167622	288953010	0	null	1863	2014-11-20 20	3
100167622	288953010	0	null	1863	2014-11-20 20	3
100167622	198800255	0	null	6255	2014-11-19 10	2
100167622	198800255	0	null	6255	2014-11-19 10	2
100167622	129013517	0	null	6054	2014-11-22 10	2
100167622	129013517	0	null	6054	2014-11-22 10	2
100167622	86479733	0	null	9051	2014-12-10 16	2
100167622	86479733	0	null	9051	2014-12-10 16	2
100167622	320067721	0	null	9053	2014-11-19 20	2
100167622	320067721	0	null	9053	2014-11-19 20	2
100167622	244618657	0	null	5951	2014-12-06 13	2
100167622	244618657	0	null	5951	2014-12-06 13	2
100167622	257582580	0	null	1863	2014-12-15 16	1
100167622	187986476	0	null	4370	2014-11-22 08	2
100167622	187986476	0	null	4370	2014-11-22 08	2
100167622	220791785	0	null	2953	2014-12-15 08	2
100167622	220791785	0	null	2953	2014-12-15 08	2
100167622	239030529	0	null	1863	2014-11-20 20	2
100167622	239030529	0	null	1863	2014-11-20 20	2
100167622	365771300	0	null	3424	2014-12-16 14	2
100167622	365771300	0	null	3424	2014-12-16 14	2
100167622	240449568	0	null	1863	2014-11-20 20	2
100167622	240449568	0	null	1863	2014-11-20 20	2
100167622	324170625	0	null	3381	2014-12-11 16	2
100167622	324170625	0	null	3381	2014-12-11 16	2
100167622	245803232	0	null	242	2014-12-10 14	4
100167622	245803232	0	null	242	2014-12-10 14	4
100167622	245803232	0	null	242	2014-12-10 14	4
100167622	245803232	0	null	242	2014-12-10 14	4
100167622	192471404	0	null	3424	2014-12-16 13	2
100167622	192471404	0	null	3424	2014-12-16 13	2
100167622	119374779	0	null	3424	2014-12-16 13	3
100167622	119374779	0	null	3424	2014-12-16 13	3
100167622	119374779	0	null	3424	2014-12-16 13	3
100167622	3607683	0	null	5497	2014-12-10 16	2
100167622	3607683	0	null	5497	2014-12-10 16	2
100167622	287215735	0	null	4642	2014-12-12 12	3
100167622	287215735	0	null	4642	2014-12-12 12	3
100167622	287215735	0	null	4642	2014-12-12 12	3
100167622	86874807	0	null	11552	2014-11-30 16	2
100167622	86874807	0	null	11552	2014-11-30 16	2
100167622	195716379	0	null	3381	2014-12-11 16	4
100167622	195716379	0	null	3381	2014-12-11 16	4
100167622	195716379	0	null	3381	2014-12-11 16	4
100167622	195716379	0	null	3381	2014-12-11 16	4
100167622	355571570	0	null	11279	2014-12-10 14	1
100167622	317124864	0	null	9397	2014-12-14 07	2
100167622	317124864	0	null	9397	2014-12-14 07	2
100167622	171457817	0	null	11824	2014-11-21 16	3
100167622	171457817	0	null	11824	2014-11-21 16	3
100167622	171457817	0	null	11824	2014-11-21 16	3
100167622	80016447	0	null	3424	2014-12-16 12	2
100167622	80016447	0	null	3424	2014-12-16 12	2
100167622	48123306	0	null	1863	2014-11-20 20	2
100167622	48123306	0	null	1863	2014-11-20 20	2
100167622	94638588	0	null	1863	2014-11-20 20	3
100167622	94638588	0	null	1863	2014-11-20 20	3
100167622	94638588	0	null	1863	2014-11-20 20	3
100167622	283249152	0	null	13440	2014-12-09 15	3
100167622	283249152	0	null	13440	2014-12-09 15	3
100167622	283249152	0	null	13440	2014-12-09 15	3
100167622	187972664	0	null	1863	2014-12-04 20	1
100167622	161158333	0	null	11279	2014-11-19 10	2
100167622	161158333	0	null	11279	2014-11-19 11	2
100167622	276352164	0	null	10242	2014-12-06 13	1
100167622	118508318	0	null	1863	2014-12-13 23	1
100167622	123146093	0	null	3424	2014-12-16 13	2
100167622	123146093	0	null	3424	2014-12-16 13	2
100167622	149148925	0	null	4370	2014-11-22 09	4
100167622	149148925	0	null	4370	2014-11-22 09	4
100167622	149148925	0	null	4370	2014-11-22 09	4
100167622	149148925	0	null	4370	2014-11-22 09	4
100167622	45231625	0	null	5457	2014-12-10 16	2
100167622	45231625	0	null	5457	2014-12-10 16	2
100167622	321809149	0	null	12630	2014-12-06 12	2
100167622	321809149	0	null	12630	2014-12-06 12	2
100167622	80645498	0	null	6255	2014-11-21 16	3
100167622	80645498	0	null	6255	2014-11-21 16	3
100167622	80645498	0	null	6255	2014-11-21 16	3
100167622	162270968	0	null	145	2014-12-09 15	3
100167622	162270968	0	null	145	2014-12-09 15	3
100167622	162270968	0	null	145	2014-12-09 15	3
100167622	362127600	0	null	1863	2014-11-22 09	6
100167622	362127600	0	null	1863	2014-11-20 20	6
100167622	362127600	0	null	1863	2014-11-20 20	6
100167622	362127600	0	null	1863	2014-11-19 12	6
100167622	362127600	0	null	1863	2014-11-22 09	6
100167622	362127600	0	null	1863	2014-11-19 12	6
100167622	83830053	0	null	1863	2014-11-18 19	6
100167622	83830053	0	null	1863	2014-11-18 20	6
100167622	83830053	0	null	1863	2014-12-18 19	6
100167622	83830053	0	null	1863	2014-11-18 19	6
100167622	83830053	0	null	1863	2014-12-18 19	6
100167622	83830053	0	null	1863	2014-11-18 19	6
100167622	327169909	0	null	11279	2014-12-10 14	4
100167622	327169909	0	null	11279	2014-12-10 14	4
100167622	327169909	0	null	11279	2014-12-10 14	4
100167622	327169909	0	null	11279	2014-12-10 14	4
100167622	237574709	0	null	3424	2014-12-16 13	3
100167622	237574709	0	null	3424	2014-12-16 13	3
100167622	237574709	0	null	3424	2014-12-16 13	3
100167622	194574857	0	null	6255	2014-11-21 16	2
100167622	194574857	0	null	6255	2014-11-21 16	2
100167622	18983120	0	null	6054	2014-11-22 10	1
100167622	257945770	0	null	1385	2014-12-12 12	2
100167622	257945770	0	null	1385	2014-12-12 12	2
100167622	324707868	0	null	10271	2014-12-03 13	3
100167622	324707868	0	null	10271	2014-12-03 13	3
100167622	324707868	0	null	10271	2014-12-03 13	3
100167622	46519904	0	null	1863	2014-11-20 20	2
100167622	46519904	0	null	1863	2014-11-20 20	2
100167622	287784601	0	null	3381	2014-12-06 14	3
100167622	287784601	0	null	3381	2014-12-06 14	3
100167622	287784601	0	null	3381	2014-12-06 14	3
100167622	132927465	0	null	3424	2014-12-16 13	4
100167622	132927465	0	null	3424	2014-12-16 13	4
100167622	132927465	0	null	3424	2014-12-16 13	4
100167622	132927465	0	null	3424	2014-12-16 13	4
100167622	377740216	0	null	5263	2014-11-21 16	2
100167622	377740216	0	null	5263	2014-11-21 16	2
100167622	178013756	0	null	5908	2014-11-18 19	2
100167622	178013756	0	null	5908	2014-11-18 19	2
100167622	167036589	0	null	3798	2014-11-30 16	1
100167622	147590846	0	null	5027	2014-12-10 14	2
100167622	147590846	0	null	5027	2014-12-10 14	2
100167622	54271006	0	null	5395	2014-12-13 22	2
100167622	54271006	0	null	5395	2014-12-13 22	2
100167622	244090811	0	null	7995	2014-12-06 12	1
100167622	131540198	0	null	11279	2014-12-10 14	3
100167622	131540198	0	null	11279	2014-12-10 14	3
100167622	131540198	0	null	11279	2014-12-10 14	3
100167622	328991730	0	null	3064	2014-12-09 15	2
100167622	328991730	0	null	3064	2014-12-09 15	2
100167622	3532366	0	null	1838	2014-12-10 14	2
100167622	3532366	0	null	1838	2014-12-10 14	2
100167622	333028913	0	null	3064	2014-12-09 10	1
100167622	46685934	0	null	3064	2014-12-09 15	1
100167622	356079980	0	null	3424	2014-12-16 14	5
100167622	356079980	0	null	3424	2014-12-16 14	5
100167622	356079980	0	null	3424	2014-12-16 13	5
100167622	356079980	0	null	3424	2014-12-16 14	5
100167622	356079980	0	null	3424	2014-12-16 14	5
100167622	347082820	0	null	1863	2014-11-20 20	2
100167622	347082820	0	null	1863	2014-11-20 20	2
100167622	21624658	0	null	9752	2014-11-21 16	3
100167622	21624658	0	null	9752	2014-11-21 16	3
100167622	21624658	0	null	9752	2014-11-21 16	3
100167622	283988480	0	null	5951	2014-12-06 13	2
100167622	283988480	0	null	5951	2014-12-06 13	2
100167622	226371780	0	null	12368	2014-12-01 15	1
100167622	167806985	0	null	9051	2014-12-10 15	2
100167622	167806985	0	null	9051	2014-12-10 15	2
100167622	139296457	0	null	3895	2014-12-10 16	2
100167622	139296457	0	null	3895	2014-12-10 16	2
100167622	327305913	0	null	6255	2014-11-21 16	2
100167622	327305913	0	null	6255	2014-11-21 16	2
100167622	318110340	0	null	3798	2014-11-30 16	2
100167622	318110340	0	null	3798	2014-11-30 16	2
100167622	398700621	0	null	3064	2014-12-09 15	2
100167622	398700621	0	null	3064	2014-12-09 15	2
100167622	78423131	0	null	9051	2014-12-13 21	1
100167622	222425730	0	null	1863	2014-11-20 20	1
100167622	55500935	0	null	7995	2014-12-07 06	1
100167622	159595074	0	null	9752	2014-11-21 16	1
100167622	343133698	0	null	11553	2014-12-10 16	3
100167622	343133698	0	null	11553	2014-12-10 16	3
100167622	343133698	0	null	11553	2014-12-10 16	3
100167622	38889038	0	null	5395	2014-11-19 12	2
100167622	38889038	0	null	5395	2014-11-19 12	2
100167622	364807975	0	null	3064	2014-12-09 15	3
100167622	364807975	0	null	3064	2014-12-09 15	3
100167622	364807975	0	null	3064	2014-12-09 15	3
100167622	300280699	0	null	3381	2014-12-10 13	2
100167622	300280699	0	null	3381	2014-12-10 13	2
100167622	224806454	0	null	11279	2014-12-10 14	1
100167622	285375136	0	null	9796	2014-12-10 16	2
100167622	285375136	0	null	9796	2014-12-10 16	2
100167622	45066187	0	null	382	2014-12-06 13	2
100167622	45066187	0	null	382	2014-12-06 13	2
100167622	334952043	0	null	1863	2014-11-20 20	2
100167622	334952043	0	null	1863	2014-11-20 20	2
100167622	48445960	0	null	11824	2014-11-21 16	2
100167622	48445960	0	null	11824	2014-11-21 16	2
100167622	272126070	0	null	3424	2014-12-16 13	3
100167622	272126070	0	null	3424	2014-12-16 13	3
100167622	272126070	0	null	3424	2014-12-16 13	3
100167622	113924170	0	null	1863	2014-12-15 16	1
100167622	177874377	0	null	3424	2014-12-16 13	1
100167622	310996433	0	null	1863	2014-11-20 20	3
100167622	310996433	0	null	1863	2014-11-20 20	3
100167622	310996433	0	null	1863	2014-11-20 20	3
100167622	69641467	0	null	9051	2014-12-13 15	6
100167622	69641467	0	null	9051	2014-12-13 15	6
100167622	69641467	0	null	9051	2014-12-13 20	6
100167622	69641467	0	null	9051	2014-12-13 19	6
100167622	69641467	0	null	9051	2014-12-13 18	6
100167622	69641467	0	null	9051	2014-12-13 18	6
100167622	162433446	0	null	3064	2014-12-09 15	2
100167622	162433446	0	null	3064	2014-12-09 15	2
100167622	186118375	0	null	1863	2014-11-20 20	3
100167622	186118375	0	null	1863	2014-11-20 20	3
100167622	186118375	0	null	1863	2014-11-20 20	3
100167622	365525086	0	null	9051	2014-12-13 20	2
100167622	365525086	0	null	9051	2014-12-13 20	2
100167622	230847623	0	null	6255	2014-11-21 16	1
100167622	376159216	0	null	3064	2014-12-09 15	3
100167622	376159216	0	null	3064	2014-12-09 15	3
100167622	376159216	0	null	3064	2014-12-09 15	3
100167622	207298216	0	null	1863	2014-11-20 20	3
100167622	207298216	0	null	1863	2014-11-20 20	3
100167622	207298216	0	null	1863	2014-11-20 20	3
100167622	20992983	0	null	2825	2014-12-18 19	4
100167622	20992983	0	null	2825	2014-12-18 19	4
100167622	20992983	0	null	2825	2014-12-18 19	4
100167622	20992983	0	null	2825	2014-12-18 19	4
100167622	223094755	0	null	12029	2014-12-13 14	2
100167622	223094755	0	null	12029	2014-12-13 14	2
100167622	191473324	0	null	1863	2014-11-20 20	3
100167622	191473324	0	null	1863	2014-11-20 20	3
100167622	191473324	0	null	1863	2014-11-20 20	3
100167622	76358265	0	null	3895	2014-12-10 15	14
100167622	76358265	0	null	3895	2014-12-18 13	14
100167622	76358265	0	null	3895	2014-12-18 14	14
100167622	76358265	0	null	3895	2014-12-10 15	14
100167622	76358265	0	null	3895	2014-12-10 15	14
100167622	76358265	0	null	3895	2014-12-10 15	14
100167622	76358265	0	null	3895	2014-12-14 08	14
100167622	76358265	0	null	3895	2014-12-10 15	14
100167622	76358265	0	null	3895	2014-12-10 15	14
100167622	76358265	0	null	3895	2014-12-14 08	14
100167622	76358265	0	null	3895	2014-12-14 08	14
100167622	76358265	0	null	3895	2014-12-14 10	14
100167622	76358265	0	null	3895	2014-12-14 20	14
100167622	76358265	0	null	3895	2014-12-10 15	14
100167622	385618334	0	null	3895	2014-12-10 15	3
100167622	385618334	0	null	3895	2014-12-10 15	3
100167622	385618334	0	null	3895	2014-12-10 15	3
100167622	33929342	0	null	6255	2014-11-22 08	2
100167622	33929342	0	null	6255	2014-11-22 08	2
100167622	139005256	0	null	3625	2014-11-19 20	3
100167622	139005256	0	null	3625	2014-11-19 20	3
100167622	139005256	0	null	3625	2014-11-19 20	3
100167622	235123982	0	null	4116	2014-12-07 06	1
100167622	402390284	0	null	12368	2014-12-15 16	3
100167622	402390284	0	null	12368	2014-12-15 16	3
100167622	402390284	0	null	12368	2014-12-15 16	3
100167622	125666923	0	null	12630	2014-12-07 19	1
100167622	82530787	0	null	11279	2014-12-10 14	3
100167622	82530787	0	null	11279	2014-12-10 14	3
100167622	82530787	0	null	11279	2014-12-10 14	3
100167622	151578932	0	null	12029	2014-12-13 14	2
100167622	151578932	0	null	12029	2014-12-13 14	2
100167622	93253523	0	null	1863	2014-11-23 13	2
100167622	93253523	0	null	1863	2014-11-23 13	2
100167622	217042321	0	null	11	2014-12-15 08	2
100167622	217042321	0	null	11	2014-12-15 08	2
100167622	70162832	0	null	11824	2014-11-21 16	2
100167622	70162832	0	null	11824	2014-11-21 16	2
100167622	46851773	0	null	7995	2014-12-06 12	3
100167622	46851773	0	null	7995	2014-12-06 12	3
100167622	46851773	0	null	7995	2014-12-06 12	3
100167622	93013372	0	null	10582	2014-12-06 13	2
100167622	93013372	0	null	10582	2014-12-06 13	2
100167622	188154872	0	null	6326	2014-12-10 16	2
100167622	188154872	0	null	6326	2014-12-10 16	2
100167622	390625792	0	null	10582	2014-12-06 13	2
100167622	390625792	0	null	10582	2014-12-06 13	2
100167622	396938506	0	null	5457	2014-12-10 16	2
100167622	396938506	0	null	5457	2014-12-10 16	2
100167622	225112569	0	null	3424	2014-12-16 12	3
100167622	225112569	0	null	3424	2014-12-16 12	3
100167622	225112569	0	null	3424	2014-12-16 12	3
100167622	87152923	0	null	5457	2014-12-10 16	2
100167622	87152923	0	null	5457	2014-12-10 16	2
100167622	277423728	0	null	1863	2014-12-15 16	2
100167622	277423728	0	null	1863	2014-12-15 16	2
100167622	102340377	0	null	5951	2014-12-06 13	2
100167622	102340377	0	null	5951	2014-12-06 13	2
100167622	376030264	0	null	9933	2014-11-19 20	2
100167622	376030264	0	null	9933	2014-11-19 20	2
100167622	230811573	0	null	9752	2014-11-21 16	3
100167622	230811573	0	null	9752	2014-11-21 16	3
100167622	230811573	0	null	9752	2014-11-21 16	3
100167622	325587133	0	null	1863	2014-12-15 16	4
100167622	325587133	0	null	1863	2014-12-15 16	4
100167622	325587133	0	null	1863	2014-12-15 16	4
100167622	325587133	0	null	1863	2014-12-15 16	4
100167622	325287658	0	null	1863	2014-12-15 16	1
100167622	7901694	0	null	11279	2014-12-10 14	1
100167622	351883647	0	null	11279	2014-11-19 13	2
100167622	351883647	0	null	11279	2014-11-19 13	2
100167622	111611510	0	null	11824	2014-11-21 16	2
100167622	111611510	0	null	11824	2014-11-21 16	2
100167622	368411934	0	null	5395	2014-12-13 22	2
100167622	368411934	0	null	5395	2014-12-13 22	2
