100068031	1500617	0	null	6825	2014-12-12 05	5
100068031	1500617	0	null	6825	2014-12-12 05	5
100068031	1500617	0	null	6825	2014-12-12 05	5
100068031	1500617	0	null	6825	2014-12-12 05	5
100068031	1500617	0	null	6825	2014-12-12 05	5
100068031	286429789	0	null	10431	2014-12-01 01	1
100068031	55633951	0	9rctokk	4245	2014-12-10 22	8
100068031	55633951	0	9rctol2	4245	2014-12-10 22	8
100068031	55633951	0	9rctokg	4245	2014-12-10 22	8
100068031	55633951	0	null	4245	2014-12-11 00	8
100068031	55633951	0	null	4245	2014-12-11 00	8
100068031	55633951	0	null	4245	2014-12-11 00	8
100068031	55633951	0	null	4245	2014-12-11 00	8
100068031	55633951	0	null	4245	2014-12-11 00	8
100068031	98517695	0	94deooo	10431	2014-12-11 19	1
100068031	146219781	0	94deoo2	6228	2014-12-05 14	2
100068031	146219781	0	94deolk	6228	2014-12-05 14	2
100068031	226812456	0	9rctokk	11406	2014-11-25 23	1
100068031	251434153	0	9rctokd	6247	2014-11-25 23	1
100068031	333799695	0	94deol7	5263	2014-12-11 13	1
100068031	277547183	0	null	11406	2014-11-26 23	1
100068031	331368501	0	94deolu	10431	2014-12-11 09	1
100068031	396971175	0	null	7572	2014-11-26 23	3
100068031	396971175	0	null	7572	2014-11-26 23	3
100068031	396971175	0	null	7572	2014-11-26 23	3
100068031	20157319	0	null	11406	2014-12-01 00	1
100068031	209383858	0	94deoon	10431	2014-12-11 19	3
100068031	209383858	0	94deol7	10431	2014-12-11 19	3
100068031	209383858	0	94deolq	10431	2014-12-11 19	3
100068031	24405642	0	94deola	13846	2014-12-02 23	2
100068031	24405642	0	94deoes	13846	2014-12-02 23	2
100068031	394327226	0	null	1843	2014-12-02 22	3
100068031	394327226	0	null	1843	2014-12-02 22	3
100068031	394327226	0	null	1843	2014-12-02 22	3
100068031	175477880	0	94deolk	5599	2014-12-14 08	3
100068031	175477880	0	94deoom	5599	2014-12-14 08	3
100068031	175477880	0	94deolk	5599	2014-12-14 08	3
100068031	17625952	0	94deood	5263	2014-12-11 13	3
100068031	17625952	0	94deooo	5263	2014-12-11 13	3
100068031	17625952	0	94deoo4	5263	2014-12-11 13	3
100068031	6439804	0	null	11406	2014-11-26 22	1
100068031	171197008	0	null	9829	2014-11-26 23	1
100068031	203452706	0	94deoll	12170	2014-12-11 18	3
100068031	203452706	0	94deooi	12170	2014-12-11 18	3
100068031	203452706	0	94deolb	12170	2014-12-11 18	3
100068031	119084073	0	94deooj	5599	2014-12-14 08	1
100068031	340626017	0	9rctok6	11406	2014-11-25 23	2
100068031	340626017	0	null	11406	2014-12-11 01	2
100068031	239537665	0	null	7572	2014-12-11 00	5
100068031	239537665	0	9rctolm	7572	2014-12-10 22	5
100068031	239537665	0	9rctokb	7572	2014-12-10 22	5
100068031	239537665	0	null	7572	2014-12-11 00	5
100068031	239537665	0	null	7572	2014-12-11 00	5
100068031	164719579	0	94deoo1	10344	2014-12-18 17	2
100068031	164719579	0	94dedpl	10344	2014-12-18 17	2
100068031	70207999	0	null	1584	2014-12-15 06	1
100068031	79239252	0	null	6228	2014-12-03 00	2
100068031	79239252	0	null	6228	2014-12-03 00	2
100068031	196044593	0	94deol1	13003	2014-12-15 11	1
100068031	372269188	0	94deodp	9001	2014-12-15 19	1
100068031	174737964	0	null	10120	2014-11-26 23	1
100068031	247817092	0	9rctokt	12996	2014-11-25 23	3
100068031	247817092	0	9rctokb	12996	2014-11-25 23	3
100068031	247817092	0	9rctokc	12996	2014-11-25 23	3
100068031	107632974	0	null	1843	2014-12-02 22	1
100068031	400721104	0	94deooa	6000	2014-12-02 23	2
100068031	400721104	0	94deod0	6000	2014-12-02 23	2
100068031	158741678	0	9rctolb	9614	2014-11-25 23	2
100068031	158741678	0	9rctolb	9614	2014-11-25 23	2
100068031	264183009	0	94deolk	7274	2014-12-14 08	3
100068031	264183009	0	94deooa	7274	2014-12-14 08	3
100068031	264183009	0	94deol1	7274	2014-12-14 08	3
100068031	330679021	0	94deooa	3200	2014-12-05 14	3
100068031	330679021	0	94deoow	3200	2014-12-05 14	3
100068031	330679021	0	94deoom	3200	2014-12-05 14	3
100068031	375239920	0	null	11406	2014-12-01 00	1
100068031	291916398	0	null	10431	2014-12-11 00	1
100068031	53199958	0	94deol2	5599	2014-12-14 08	3
100068031	53199958	0	94deooo	5599	2014-12-14 08	3
100068031	53199958	0	94deooa	5599	2014-12-14 08	3
100068031	361535221	0	94deoes	10431	2014-12-11 09	1
100068031	190075296	0	null	12194	2014-12-15 06	2
100068031	190075296	0	null	12194	2014-12-15 06	2
100068031	5812063	0	null	4588	2014-11-26 23	2
100068031	5812063	0	null	4588	2014-11-26 23	2
100068031	1391883	0	94deolh	10431	2014-12-11 18	2
100068031	1391883	0	94deooe	10431	2014-12-11 18	2
100068031	375891856	0	null	10431	2014-11-26 23	1
100068031	176277477	0	null	11406	2014-12-11 01	2
100068031	176277477	0	null	11406	2014-12-11 01	2
100068031	250636264	0	null	231	2014-12-14 00	11
100068031	250636264	0	94dedpi	231	2014-12-12 22	11
100068031	250636264	0	null	231	2014-12-14 00	11
100068031	250636264	0	94deoep	231	2014-12-12 22	11
100068031	250636264	0	94deoon	231	2014-12-15 11	11
100068031	250636264	0	94deoo6	231	2014-12-15 11	11
100068031	250636264	0	94deolq	231	2014-12-15 11	11
100068031	250636264	0	94deolb	231	2014-12-12 22	11
100068031	250636264	0	94deod1	231	2014-12-12 22	11
100068031	250636264	0	94deoo1	231	2014-12-15 11	11
100068031	250636264	0	94deolg	231	2014-12-12 22	11
100068031	225130052	0	null	6794	2014-12-11 00	1
100068031	85682727	0	null	1843	2014-12-02 22	1
100068031	315068224	0	94deods	242	2014-11-23 23	3
100068031	315068224	0	94deolk	242	2014-11-23 23	3
100068031	315068224	0	94deoep	242	2014-11-23 23	3
100068031	62199915	0	null	11406	2014-12-01 00	1
100068031	41070556	0	94deods	8259	2014-12-15 19	3
100068031	41070556	0	94deodp	8259	2014-12-15 19	3
100068031	41070556	0	94deooo	8259	2014-12-16 15	3
100068031	1977352	0	null	11406	2014-12-01 00	1
100068031	298622907	0	null	4245	2014-12-11 01	2
100068031	298622907	0	null	4245	2014-12-11 00	2
100068031	150442941	0	94deooe	2415	2014-12-18 17	6
100068031	150442941	0	94deolu	2415	2014-12-18 17	6
100068031	150442941	0	94deoo0	2415	2014-12-18 17	6
100068031	150442941	0	94dedp4	2415	2014-12-18 17	6
100068031	150442941	0	94deods	2415	2014-12-18 17	6
100068031	150442941	0	94deolb	2415	2014-12-18 17	6
100068031	237813276	0	94deod9	5263	2014-12-12 22	3
100068031	237813276	0	94deds9	5263	2014-12-12 22	3
100068031	237813276	0	94dedpi	5263	2014-12-12 22	3
100068031	365895002	0	null	13428	2014-12-15 06	1
100068031	7881032	0	9rctokq	4677	2014-11-25 23	1
100068031	371145374	0	null	2284	2014-12-01 00	1
100068031	158620708	0	null	3690	2014-12-01 01	3
100068031	158620708	0	null	3690	2014-12-01 01	3
100068031	158620708	0	null	3690	2014-12-01 01	3
100068031	109121769	0	9rctok7	4677	2014-11-25 23	4
100068031	109121769	0	null	4677	2014-11-26 23	4
100068031	109121769	0	null	4677	2014-11-26 23	4
100068031	109121769	0	9rctokk	4677	2014-11-25 23	4
100068031	326958270	0	null	11406	2014-12-11 01	1
100068031	317874691	0	null	4588	2014-11-26 23	3
100068031	317874691	0	null	4588	2014-11-26 23	3
100068031	317874691	0	null	4588	2014-11-26 23	3
100068031	37252707	0	9rctokp	11406	2014-11-25 23	5
100068031	37252707	0	null	11406	2014-12-11 01	5
100068031	37252707	0	null	11406	2014-12-11 01	5
100068031	37252707	0	null	11406	2014-12-11 01	5
100068031	37252707	0	null	11406	2014-12-01 00	5
100068031	193025176	0	94deol5	5263	2014-12-11 13	2
100068031	193025176	0	94deoli	5263	2014-12-11 13	2
100068031	24613493	0	94deolo	7274	2014-12-14 08	1
100068031	387629503	0	9rctoll	280	2014-11-22 10	1
100068031	318079347	0	null	895	2014-12-03 00	2
100068031	318079347	0	null	895	2014-12-03 00	2
100068031	50961935	0	94deoe9	4676	2014-12-05 14	2
100068031	50961935	0	94deood	4676	2014-12-05 14	2
100068031	134749334	0	94deolo	10431	2014-12-11 19	4
100068031	134749334	0	94deook	10431	2014-12-11 19	4
100068031	134749334	0	94deod9	10431	2014-12-11 19	4
100068031	134749334	0	94deoo0	10431	2014-12-11 19	4
100068031	332427144	0	null	10431	2014-11-26 23	1
100068031	41539905	0	94deoo1	895	2014-12-15 11	2
100068031	41539905	0	9rctola	895	2014-12-15 22	2
100068031	36153140	0	null	11406	2014-12-01 00	3
100068031	36153140	0	null	11406	2014-12-01 00	3
100068031	36153140	0	null	11406	2014-12-01 00	3
100068031	348308339	0	94deooe	895	2014-12-05 14	3
100068031	348308339	0	94deol6	895	2014-12-05 14	3
100068031	348308339	0	94deolc	895	2014-12-05 14	3
100068031	168463559	0	null	3381	2014-12-02 22	2
100068031	168463559	0	null	3381	2014-12-02 22	2
100068031	56534263	0	null	11406	2014-12-01 00	3
100068031	56534263	0	9rctoke	11406	2014-11-25 23	3
100068031	56534263	0	null	11406	2014-12-11 01	3
100068031	73946922	0	9rctol3	4245	2014-11-25 23	3
100068031	73946922	0	9rctoll	4245	2014-11-25 23	3
100068031	73946922	0	9rctoke	4245	2014-11-25 23	3
100068031	236312871	0	null	732	2014-12-11 00	1
100068031	36343325	0	94dedp9	2415	2014-12-18 17	3
100068031	36343325	0	94dedpk	2415	2014-12-18 17	3
100068031	36343325	0	94deoo2	2415	2014-12-18 17	3
100068031	402626093	0	null	9179	2014-12-15 06	2
100068031	402626093	0	null	9179	2014-12-15 06	2
100068031	78955340	0	null	3723	2014-11-26 23	1
100068031	72451347	0	94deoln	5263	2014-12-11 13	2
100068031	72451347	0	94deook	5263	2014-12-11 13	2
100068031	192788245	0	null	11406	2014-12-01 01	1
100068031	81681251	0	null	11406	2014-12-01 00	1
100068031	358223498	0	9rctoo4	4588	2014-11-25 23	1
100068031	66637813	0	94deoo5	5263	2014-12-11 13	1
100068031	398876711	0	null	11406	2014-12-01 01	3
100068031	398876711	0	null	11406	2014-12-01 01	3
100068031	398876711	0	null	11406	2014-12-01 01	3
100068031	140503870	0	9rctolw	9086	2014-11-25 23	3
100068031	140503870	0	9rctokq	9086	2014-11-25 23	3
100068031	140503870	0	9rctokq	9086	2014-11-25 23	3
100068031	255364532	0	null	11406	2014-12-01 00	3
100068031	255364532	0	null	11406	2014-12-01 00	3
100068031	255364532	0	null	11406	2014-12-01 00	3
100068031	64269285	0	null	11406	2014-12-01 01	1
100068031	134223512	0	null	10120	2014-11-26 23	1
100068031	67834973	0	null	6000	2014-12-03 00	1
100068031	184108501	0	null	2949	2014-12-15 06	2
100068031	184108501	0	null	2949	2014-12-15 06	2
100068031	309193663	0	94deoe3	4179	2014-12-15 07	2
100068031	309193663	0	94deole	4179	2014-12-15 07	2
100068031	285473304	0	null	11406	2014-12-01 00	2
100068031	285473304	0	null	11406	2014-11-26 23	2
100068031	363675158	0	null	10431	2014-11-26 22	1
100068031	286141563	0	9rctokt	11952	2014-12-10 22	1
100068031	29461090	0	94deod1	3381	2014-12-17 23	3
100068031	29461090	0	94deds9	3381	2014-12-17 23	3
100068031	29461090	0	94deook	3381	2014-12-17 23	3
100068031	254127882	0	9rctokc	9618	2014-12-11 23	13
100068031	254127882	0	null	9618	2014-12-11 19	13
100068031	254127882	0	null	9618	2014-12-13 13	13
100068031	254127882	0	9rctok6	9618	2014-12-11 23	13
100068031	254127882	0	null	9618	2014-12-11 19	13
100068031	254127882	0	null	9618	2014-12-11 19	13
100068031	254127882	0	9rctolg	9618	2014-12-11 23	13
100068031	254127882	0	null	9618	2014-12-13 13	13
100068031	254127882	0	9rctolt	9618	2014-12-11 23	13
100068031	254127882	0	9rctol7	9618	2014-12-11 23	13
100068031	254127882	0	null	9618	2014-12-11 19	13
100068031	254127882	0	null	9618	2014-12-11 19	13
100068031	254127882	0	9rctok1	9618	2014-12-11 23	13
100068031	353948465	0	null	11406	2014-12-01 00	1
100068031	396381058	0	null	6794	2014-12-11 00	3
100068031	396381058	0	null	6794	2014-12-11 00	3
100068031	396381058	0	null	6794	2014-12-11 00	3
100068031	112284760	0	null	10431	2014-11-26 23	4
100068031	112284760	0	null	10431	2014-11-26 23	4
100068031	112284760	0	null	10431	2014-11-26 23	4
100068031	112284760	0	null	10431	2014-11-26 23	4
100068031	371754526	0	null	11552	2014-12-02 22	1
100068031	33837183	0	null	4588	2014-11-26 23	1
100068031	82673334	0	94deol5	1860	2014-12-11 13	3
100068031	82673334	0	94deol5	1860	2014-12-11 13	3
100068031	82673334	0	94deolq	1860	2014-12-11 13	3
100068031	258127920	0	94deods	1121	2014-12-07 17	3
100068031	258127920	0	94deold	1121	2014-12-07 18	3
100068031	258127920	0	94deodv	1121	2014-12-07 17	3
100068031	102448108	0	94deooi	11995	2014-12-15 11	5
100068031	102448108	0	null	11995	2014-12-15 06	5
100068031	102448108	0	94deoo0	11995	2014-12-15 11	5
100068031	102448108	0	null	11995	2014-12-15 06	5
100068031	102448108	0	null	11995	2014-12-15 06	5
100068031	217620949	0	94deolm	10431	2014-12-11 09	12
100068031	217620949	0	94deoom	10431	2014-12-11 18	12
100068031	217620949	0	9rctol7	10431	2014-12-11 23	12
100068031	217620949	0	94deook	10431	2014-12-11 18	12
100068031	217620949	0	94deol3	10431	2014-12-11 09	12
100068031	217620949	0	9rctola	10431	2014-12-11 23	12
100068031	217620949	0	9rctoli	10431	2014-12-11 23	12
100068031	217620949	0	94deolj	10431	2014-12-11 09	12
100068031	217620949	0	94deol5	10431	2014-12-11 09	12
100068031	217620949	0	9rctolt	10431	2014-12-11 23	12
100068031	217620949	0	94deods	10431	2014-12-11 09	12
100068031	217620949	0	94deoom	10431	2014-12-11 18	12
100068031	391834640	0	94deodp	905	2014-12-15 11	4
100068031	391834640	0	94deolk	905	2014-12-15 11	4
100068031	391834640	0	94deods	905	2014-12-15 11	4
100068031	391834640	0	94deoo1	905	2014-12-15 11	4
100068031	377056172	0	null	10431	2014-11-26 23	1
100068031	219802482	0	94deod9	5263	2014-12-11 13	2
100068031	219802482	0	94deolb	5263	2014-12-11 13	2
100068031	377060433	0	null	11406	2014-11-26 23	2
100068031	377060433	0	null	11406	2014-11-26 23	2
100068031	165127749	0	null	4588	2014-11-26 23	1
100068031	66654062	0	9rctol2	8561	2014-11-25 23	1
100068031	308148888	0	null	11406	2014-12-01 00	1
100068031	36925766	0	94deoli	10431	2014-12-12 11	6
100068031	36925766	0	94deooj	10431	2014-12-12 08	6
100068031	36925766	0	94deoom	10431	2014-12-11 18	6
100068031	36925766	0	94deolq	10431	2014-12-12 08	6
100068031	36925766	0	94deooh	10431	2014-12-11 18	6
100068031	36925766	0	94deoo5	10431	2014-12-11 18	6
100068031	40841338	0	null	10734	2014-11-26 23	3
100068031	40841338	0	null	10734	2014-11-26 23	3
100068031	40841338	0	null	10734	2014-11-26 23	3
100068031	103662408	0	null	10431	2014-11-26 23	1
100068031	318618469	0	9rctolh	4588	2014-11-25 23	2
100068031	318618469	0	9rctokh	4588	2014-11-25 23	2
100068031	23465458	0	null	9618	2014-12-11 00	3
100068031	23465458	0	null	9618	2014-12-11 00	3
100068031	23465458	0	null	9618	2014-12-11 00	3
100068031	99082717	0	null	3200	2014-12-03 00	2
100068031	99082717	0	null	3200	2014-12-03 00	2
100068031	326985468	0	94deods	5599	2014-12-14 08	2
100068031	326985468	0	94deodp	5599	2014-12-14 08	2
100068031	351617502	0	null	9086	2014-12-03 00	1
100068031	222558510	0	94deol7	7955	2014-12-11 13	2
100068031	222558510	0	94deoo1	7955	2014-12-11 13	2
100068031	35891330	0	94deod9	10431	2014-12-11 09	5
100068031	35891330	0	94deoo0	10431	2014-12-11 09	5
100068031	35891330	0	94deool	10431	2014-12-11 09	5
100068031	35891330	0	94deol7	10431	2014-12-11 09	5
100068031	35891330	0	94deola	10431	2014-12-11 09	5
100068031	303580397	0	94deooa	10431	2014-12-11 19	7
100068031	303580397	0	94deol6	10431	2014-12-11 19	7
100068031	303580397	0	94deol6	10431	2014-12-11 18	7
100068031	303580397	0	94deoo2	10431	2014-12-11 18	7
100068031	303580397	0	94deods	10431	2014-12-11 18	7
100068031	303580397	0	94deooe	10431	2014-12-11 18	7
100068031	303580397	0	94deold	10431	2014-12-11 18	7
100068031	395786032	0	null	1843	2014-12-02 22	3
100068031	395786032	0	null	1843	2014-12-02 22	3
100068031	395786032	0	null	1843	2014-12-02 22	3
100068031	59426911	0	9rctol2	11406	2014-11-25 23	1
100068031	244612308	0	null	5932	2014-11-26 23	2
100068031	244612308	0	null	5932	2014-11-26 23	2
100068031	222220729	0	null	8432	2014-12-03 00	3
100068031	222220729	0	null	8432	2014-12-03 00	3
100068031	222220729	0	null	8432	2014-12-03 00	3
100068031	300038384	0	null	10599	2014-12-03 00	1
100068031	296527651	0	94deooj	1324	2014-12-15 07	5
100068031	296527651	0	94deolq	1324	2014-12-15 11	5
100068031	296527651	0	94deod5	1324	2014-12-15 07	5
100068031	296527651	0	94deod9	1324	2014-12-15 07	5
100068031	296527651	0	94deoor	1324	2014-12-15 11	5
100068031	225356158	0	null	10431	2014-11-26 23	1
100068031	77022368	0	9rctok2	4677	2014-11-25 23	4
100068031	77022368	0	9rctolb	4677	2014-11-25 23	4
100068031	77022368	0	9rctol9	4677	2014-11-25 23	4
100068031	77022368	0	9rctokt	4677	2014-11-25 23	4
100068031	152618790	0	null	3723	2014-11-26 23	1
100068031	372335629	0	null	10431	2014-11-26 23	3
100068031	372335629	0	null	10431	2014-11-26 23	3
100068031	372335629	0	null	10431	2014-11-26 23	3
100068031	28675066	0	9rctokk	4588	2014-11-25 23	1
100068031	331212270	0	94deook	9618	2014-12-11 13	1
100068031	249200519	0	null	10431	2014-11-26 23	1
100068031	34948431	0	9rctokt	8646	2014-11-25 23	3
100068031	34948431	0	9rctole	8646	2014-11-25 23	3
100068031	34948431	0	9rctol0	8646	2014-11-25 23	3
100068031	354519206	0	null	7978	2014-11-26 23	1
100068031	235862645	0	9rctok3	4245	2014-12-10 22	3
100068031	235862645	0	9rctoku	4245	2014-12-10 22	3
100068031	235862645	0	9rctol2	4245	2014-12-10 22	3
100068031	260830386	0	94deolq	5263	2014-12-11 13	2
100068031	260830386	0	94deoep	5263	2014-12-11 13	2
100068031	309397585	0	94deoo1	5263	2014-12-11 13	2
100068031	309397585	0	94deolf	5263	2014-12-11 13	2
100068031	273494141	0	9rctokv	10431	2014-11-25 23	1
100068031	38080682	0	null	11406	2014-12-01 00	1
100068031	134638217	0	null	11406	2014-12-01 01	1
100068031	265554505	0	null	10431	2014-11-26 23	1
100068031	18513498	0	null	11406	2014-12-11 01	1
100068031	332024681	0	94deoo5	10431	2014-12-11 18	2
100068031	332024681	0	94deooi	10431	2014-12-11 18	2
100068031	173381299	0	94deola	292	2014-11-23 23	3
100068031	173381299	0	94deola	292	2014-11-23 23	3
100068031	173381299	0	94dedpj	292	2014-11-23 23	3
100068031	12489944	0	null	11552	2014-12-02 22	3
100068031	12489944	0	null	11552	2014-12-02 22	3
100068031	12489944	0	null	11552	2014-12-02 22	3
100068031	367054865	0	null	9017	2014-12-11 01	1
100068031	104859227	0	null	11406	2014-12-01 01	1
100068031	265154400	0	94deoo1	5599	2014-12-14 08	1
100068031	342342248	0	94deoet	9752	2014-12-12 22	2
100068031	342342248	0	94deodp	9752	2014-12-12 22	2
100068031	225206999	0	null	11406	2014-12-01 00	1
100068031	353083781	0	94deol1	895	2014-12-05 14	1
100068031	280436962	0	null	13428	2014-12-15 06	3
100068031	280436962	0	null	13428	2014-12-15 06	3
100068031	280436962	0	null	13428	2014-12-15 06	3
100068031	829050	0	null	10431	2014-11-26 23	1
100068031	18403355	0	94deods	11	2014-12-02 23	3
100068031	18403355	0	94deooa	11	2014-12-02 23	3
100068031	18403355	0	94deodv	11	2014-12-02 23	3
100068031	236970302	0	94deod9	231	2014-12-12 22	1
100068031	388230080	0	9rctoks	11406	2014-11-25 23	3
100068031	388230080	0	9rctokt	11406	2014-11-25 23	3
100068031	388230080	0	9rctokk	11406	2014-11-25 23	3
100068031	141287533	0	94deool	9752	2014-12-11 13	3
100068031	141287533	0	94deola	9752	2014-12-11 13	3
100068031	141287533	0	94deoor	9752	2014-12-11 13	3
100068031	147915671	0	9rctolm	4588	2014-11-25 23	3
100068031	147915671	0	9rctokh	4588	2014-11-25 23	3
100068031	147915671	0	9rctokf	4588	2014-11-25 23	3
100068031	380847306	0	null	10431	2014-11-26 22	3
100068031	380847306	0	null	10431	2014-11-26 22	3
100068031	380847306	0	null	10431	2014-11-26 22	3
100068031	102155101	0	null	11406	2014-12-01 00	3
100068031	102155101	0	null	11406	2014-12-01 00	3
100068031	102155101	0	null	11406	2014-12-01 00	3
100068031	41225200	0	94deolr	9816	2014-12-05 14	1
100068031	83285155	0	null	3723	2014-11-26 23	1
100068031	226736287	0	94deodp	10431	2014-12-01 07	3
100068031	226736287	0	null	10431	2014-12-01 01	3
100068031	226736287	0	null	10431	2014-12-01 01	3
100068031	223069566	0	null	3862	2014-12-03 00	2
100068031	223069566	0	null	3862	2014-12-03 00	2
100068031	309724894	0	null	3862	2014-12-03 00	2
100068031	309724894	0	null	3862	2014-12-03 00	2
100068031	45395880	0	94deolk	10431	2014-12-11 18	2
100068031	45395880	0	94deola	10431	2014-12-11 18	2
100068031	83962986	0	94deod1	1401	2014-12-15 19	1
100068031	293744081	0	94deool	895	2014-12-05 14	1
100068031	315643365	0	94deooc	9618	2014-12-11 09	5
100068031	315643365	0	94deolj	9618	2014-12-11 09	5
100068031	315643365	0	94deoor	9618	2014-12-11 09	5
100068031	315643365	0	94deolf	9618	2014-12-11 09	5
100068031	315643365	0	94deool	9618	2014-12-11 09	5
100068031	296963569	0	94deoet	231	2014-12-12 22	1
100068031	35386640	0	null	1843	2014-12-02 22	1
100068031	321301391	0	null	3862	2014-12-03 00	2
100068031	321301391	0	null	3862	2014-12-03 00	2
100068031	391183922	0	94deooa	895	2014-12-05 14	2
100068031	391183922	0	94deoor	895	2014-12-05 14	2
100068031	144421765	0	94deol7	10431	2014-12-11 09	4
100068031	144421765	0	94deooj	10431	2014-12-11 09	4
100068031	144421765	0	94deol5	10431	2014-12-11 09	4
100068031	144421765	0	94deol7	10431	2014-12-11 09	4
100068031	36747439	0	94deolw	5263	2014-12-11 13	2
100068031	36747439	0	94deooh	5263	2014-12-11 13	2
100068031	29057984	0	null	11406	2014-12-11 01	4
100068031	29057984	0	null	11406	2014-12-11 01	4
100068031	29057984	0	null	11406	2014-12-11 01	4
100068031	29057984	0	null	11406	2014-12-11 01	4
100068031	131609926	0	94deook	13846	2014-12-05 14	1
100068031	370448794	0	null	10431	2014-11-26 23	1
100068031	404365544	0	null	13042	2014-12-01 01	1
100068031	368555026	0	94deolv	10431	2014-12-11 19	3
100068031	368555026	0	94deoor	10431	2014-12-11 19	3
100068031	368555026	0	94deol7	10431	2014-12-11 19	3
100068031	359160282	0	null	3956	2014-12-11 00	1
100068031	873745	0	94deooe	5919	2014-12-05 16	3
100068031	873745	0	94deoo6	5919	2014-12-05 16	3
100068031	873745	0	94deolq	5919	2014-12-05 16	3
100068031	303005982	0	94deolg	1401	2014-12-15 16	1
100068031	323813905	0	null	11406	2014-12-01 00	3
100068031	323813905	0	null	11406	2014-12-01 00	3
100068031	323813905	0	null	11406	2014-12-01 00	3
100068031	292335356	0	null	5932	2014-12-11 00	1
100068031	7689526	0	94deds9	7344	2014-12-07 18	1
100068031	97781635	0	9rctokq	4588	2014-11-25 23	11
100068031	97781635	0	null	4588	2014-11-27 13	11
100068031	97781635	0	null	4588	2014-11-28 12	11
100068031	97781635	0	9rctoko	4588	2014-11-25 23	11
100068031	97781635	0	null	4588	2014-11-28 12	11
100068031	97781635	0	null	4588	2014-11-28 12	11
100068031	97781635	0	null	4588	2014-11-26 23	11
100068031	97781635	0	9rctoks	4588	2014-11-25 23	11
100068031	97781635	0	null	4588	2014-11-27 13	11
100068031	97781635	0	null	4588	2014-11-26 23	11
100068031	97781635	0	null	4588	2014-11-27 13	11
100068031	27067792	0	94deoep	6000	2014-12-02 23	3
100068031	27067792	0	94deoon	6000	2014-12-02 23	3
100068031	27067792	0	94deod1	6000	2014-12-02 23	3
100068031	180053509	0	null	11406	2014-12-01 00	1
100068031	80207620	0	9rctokl	9933	2014-11-25 23	1
100068031	191645973	0	null	9618	2014-12-11 01	1
100068031	187577314	0	null	9579	2014-12-15 06	7
100068031	187577314	0	94deolu	9579	2014-12-15 11	7
100068031	187577314	0	null	9579	2014-12-15 06	7
100068031	187577314	0	null	9579	2014-12-15 06	7
100068031	187577314	0	null	9579	2014-12-15 06	7
100068031	187577314	0	94deol6	9579	2014-12-15 11	7
100068031	187577314	0	94deoln	9579	2014-12-15 07	7
100068031	283187728	0	94deola	12158	2014-12-11 18	3
100068031	283187728	0	94deolh	12158	2014-12-11 18	3
100068031	283187728	0	94deolo	12158	2014-12-11 18	3
100068031	99678126	0	94dedp6	10223	2014-12-18 17	1
100068031	382450582	0	null	10431	2014-12-11 00	1
100068031	115077614	0	94deook	10431	2014-12-11 19	1
100068031	215355147	0	null	5446	2014-12-11 00	1
100068031	193039837	0	null	11406	2014-12-11 00	1
