100097524	382633191	0	947folu	5553	2014-12-17 22	1
100097524	337080551	0	null	6344	2014-12-18 00	2
100097524	337080551	0	null	6344	2014-12-18 00	2
100097524	188899566	0	947foo9	3472	2014-11-22 22	2
100097524	188899566	0	947fomf	3472	2014-11-22 22	2
100097524	7936951	0	null	508	2014-12-16 21	1
100097524	44897103	0	null	11824	2014-11-24 19	2
100097524	44897103	0	null	11824	2014-11-24 19	2
100097524	385339146	0	null	5399	2014-12-07 21	1
100097524	32433775	0	947foo9	5553	2014-12-17 22	1
100097524	110976958	0	947fooq	3979	2014-11-24 21	2
100097524	110976958	0	947foml	3979	2014-11-24 21	2
100097524	183616908	0	null	9559	2014-12-03 14	3
100097524	183616908	0	null	9559	2014-12-03 14	3
100097524	183616908	0	null	9559	2014-12-03 14	3
100097524	223024580	0	947fojf	7997	2014-12-07 23	1
100097524	143145959	0	947fomf	9559	2014-12-08 20	4
100097524	143145959	0	947fomg	9559	2014-12-08 20	4
100097524	143145959	0	947foma	9559	2014-12-08 20	4
100097524	143145959	0	947foo2	9559	2014-12-08 20	4
100097524	394147180	0	947foo0	1863	2014-11-19 21	2
100097524	394147180	0	947fdpp	1863	2014-11-19 21	2
100097524	38586225	0	947foor	9559	2014-11-30 21	6
100097524	38586225	0	947foo3	9559	2014-11-30 21	6
100097524	38586225	0	947fomm	9559	2014-11-30 21	6
100097524	38586225	0	947fd9k	9559	2014-11-30 22	6
100097524	38586225	0	947foo4	9559	2014-11-30 21	6
100097524	38586225	0	947fd9j	9559	2014-11-30 21	6
100097524	14679726	0	947fol0	9559	2014-11-23 22	2
100097524	14679726	0	947foor	9559	2014-11-23 22	2
100097524	195378561	0	947fome	5027	2014-12-16 21	2
100097524	195378561	0	947fol2	5027	2014-12-16 21	2
100097524	237912417	0	947foo2	3628	2014-12-18 21	2
100097524	237912417	0	947fooq	3628	2014-12-18 21	2
100097524	290262095	0	947foop	10686	2014-12-06 20	2
100097524	290262095	0	947foo7	10686	2014-12-06 20	2
100097524	175609046	0	null	12294	2014-12-01 10	3
100097524	175609046	0	null	12294	2014-12-01 10	3
100097524	175609046	0	null	12294	2014-12-01 10	3
100097524	278289744	0	947foh4	9559	2014-12-17 11	1
100097524	150489161	0	947fojl	909	2014-12-03 21	1
100097524	368524758	0	null	14033	2014-11-24 19	3
100097524	368524758	0	null	14033	2014-11-24 19	3
100097524	368524758	0	null	14033	2014-11-24 19	3
100097524	331659991	0	947foma	9372	2014-12-18 21	2
100097524	331659991	0	947foo3	9372	2014-12-18 21	2
100097524	54332361	0	947fdp6	5399	2014-12-18 21	2
100097524	54332361	0	947fome	5399	2014-12-18 21	2
100097524	301944962	0	947fojn	13712	2014-11-24 21	2
100097524	301944962	0	947fol3	13712	2014-11-24 21	2
100097524	39657185	0	947fdp7	5399	2014-12-12 13	2
100097524	39657185	0	null	5399	2014-12-12 13	2
100097524	380182790	0	947fome	9559	2014-12-09 20	12
100097524	380182790	0	947foh0	9559	2014-12-12 08	12
100097524	380182790	0	947foh1	9559	2014-12-13 14	12
100097524	380182790	0	947fokt	9559	2014-12-12 08	12
100097524	380182790	0	947foop	9559	2014-12-10 17	12
100097524	380182790	0	947foml	9559	2014-12-09 20	12
100097524	380182790	0	947fojg	9559	2014-12-09 20	12
100097524	380182790	0	947foig	9559	2014-12-13 14	12
100097524	380182790	0	947fomd	9559	2014-12-10 17	12
100097524	380182790	0	947foh2	9559	2014-12-13 14	12
100097524	380182790	0	947fols	9559	2014-12-09 20	12
100097524	380182790	0	947fomg	9559	2014-12-10 17	12
100097524	13615656	0	947fooj	1860	2014-11-30 22	2
100097524	13615656	0	947foow	1860	2014-11-30 22	2
100097524	106760071	0	947folv	10762	2014-12-10 21	2
100097524	106760071	0	947fomm	10762	2014-12-10 21	2
100097524	91777562	0	null	5395	2014-12-18 13	2
100097524	91777562	0	null	5395	2014-12-18 13	2
100097524	154499670	0	947foop	3381	2014-12-14 21	2
100097524	154499670	0	947foou	3381	2014-12-14 21	2
100097524	75489283	0	947foo2	6513	2014-11-30 22	2
100097524	75489283	0	947foml	6513	2014-11-30 22	2
100097524	283444442	0	null	5027	2014-12-16 21	2
100097524	283444442	0	null	5027	2014-12-16 21	2
100097524	253901946	0	947fdp7	9559	2014-11-30 21	5
100097524	253901946	0	947foo3	9559	2014-11-30 21	5
100097524	253901946	0	null	9559	2014-12-01 10	5
100097524	253901946	0	947foo0	9559	2014-11-30 21	5
100097524	253901946	0	null	9559	2014-12-01 10	5
100097524	364903449	0	947folv	1843	2014-12-14 21	2
100097524	364903449	0	947fojl	1843	2014-12-14 21	2
100097524	393726184	0	947fojd	2953	2014-12-18 21	2
100097524	393726184	0	947fomk	2953	2014-12-18 21	2
100097524	373873491	0	947fd9l	3381	2014-12-18 21	2
100097524	373873491	0	947foja	3381	2014-12-18 21	2
100097524	237968133	0	947fojb	2825	2014-11-23 21	2
100097524	237968133	0	947foov	2825	2014-11-23 21	2
100097524	118210409	0	947foo7	5553	2014-12-17 22	3
100097524	118210409	0	947fdp6	5553	2014-12-17 22	3
100097524	118210409	0	947fomj	5553	2014-12-17 22	3
100097524	109664510	0	947foo6	9559	2014-11-22 22	2
100097524	109664510	0	947fdpr	9559	2014-11-22 22	2
100097524	251898026	0	947foo7	9559	2014-11-23 22	2
100097524	251898026	0	947folv	9559	2014-11-23 22	2
100097524	1304062	0	947folu	5399	2014-12-10 21	2
100097524	1304062	0	947foo3	5399	2014-12-10 21	2
100097524	29183568	0	947fojf	5027	2014-12-16 21	2
100097524	29183568	0	947fol0	5027	2014-12-16 21	2
100097524	160646012	0	947fooq	9247	2014-12-08 20	3
100097524	160646012	0	947fomb	9247	2014-12-08 20	3
100097524	160646012	0	947fdpr	9247	2014-12-08 20	3
100097524	127215850	0	947fdpr	6344	2014-12-04 19	1
100097524	334847935	0	947foor	6344	2014-11-23 21	2
100097524	334847935	0	947fomg	6344	2014-11-23 21	2
100097524	103521736	0	947fomd	4549	2014-12-07 22	2
100097524	103521736	0	947foo0	4549	2014-12-07 22	2
100097524	294249387	0	947fojb	1863	2014-11-18 22	2
100097524	294249387	0	947folu	1863	2014-11-18 22	2
100097524	61386644	0	null	4276	2014-12-05 00	1
100097524	172092077	0	null	5399	2014-12-07 21	2
100097524	172092077	0	null	5399	2014-12-07 21	2
100097524	243973720	0	947foop	5399	2014-12-12 13	2
100097524	243973720	0	947fomf	5399	2014-12-12 13	2
100097524	235926441	0	947fojd	4963	2014-11-22 20	3
100097524	235926441	0	947foos	4963	2014-11-22 20	3
100097524	235926441	0	947fdp9	4963	2014-11-22 22	3
100097524	182872563	0	947foo3	11824	2014-12-12 20	2
100097524	182872563	0	947foo2	11824	2014-12-12 20	2
100097524	8361174	0	947fdpr	1863	2014-12-18 21	2
100097524	8361174	0	947foo7	1863	2014-12-18 21	2
100097524	37550851	0	947fd9l	9559	2014-11-23 22	2
100097524	37550851	0	947foml	9559	2014-11-23 22	2
100097524	30951407	0	947fomf	11776	2014-12-08 21	2
100097524	30951407	0	947fojb	11776	2014-12-08 21	2
100097524	38989421	0	null	11824	2014-11-24 19	3
100097524	38989421	0	null	11824	2014-11-24 19	3
100097524	38989421	0	null	11824	2014-11-24 19	3
100097524	302743972	0	947fd9l	5399	2014-12-18 21	2
100097524	302743972	0	947foov	5399	2014-12-18 21	2
100097524	240769194	0	947folv	9559	2014-11-23 21	2
100097524	240769194	0	947foo3	9559	2014-11-23 21	2
100097524	9997042	0	947fol2	5263	2014-11-30 22	2
100097524	9997042	0	947foot	5263	2014-11-30 22	2
100097524	122656156	0	null	11489	2014-11-28 15	5
100097524	122656156	0	null	11489	2014-11-28 15	5
100097524	122656156	0	null	11489	2014-11-28 15	5
100097524	122656156	0	null	11489	2014-11-28 15	5
100097524	122656156	0	null	11489	2014-11-28 15	5
100097524	198076923	0	947fol2	1860	2014-11-30 21	2
100097524	198076923	0	947foor	1860	2014-11-30 21	2
100097524	306436043	0	947fowi	9559	2014-12-17 11	3
100097524	306436043	0	947foi2	9559	2014-12-17 11	3
100097524	306436043	0	947fok6	9559	2014-12-17 11	3
100097524	316275886	0	null	12294	2014-12-01 10	6
100097524	316275886	0	null	12294	2014-12-01 10	6
100097524	316275886	0	null	12294	2014-12-01 10	6
100097524	316275886	0	null	12294	2014-12-01 10	6
100097524	316275886	0	null	12294	2014-12-01 10	6
100097524	316275886	0	null	12294	2014-12-01 10	6
100097524	368617613	0	947fooq	5263	2014-12-03 21	2
100097524	368617613	0	947foor	5263	2014-12-03 21	2
100097524	49371373	0	null	5399	2014-12-07 21	3
100097524	49371373	0	null	5399	2014-12-07 21	3
100097524	49371373	0	null	5399	2014-12-07 21	3
100097524	247844731	0	947fdp4	10762	2014-11-23 20	2
100097524	247844731	0	947foov	10762	2014-11-23 20	2
100097524	89755913	0	947fol0	5553	2014-12-17 22	2
100097524	89755913	0	947fol2	5553	2014-12-17 22	2
100097524	324199820	0	947fomn	8771	2014-11-23 21	2
100097524	324199820	0	947foo3	8771	2014-11-23 21	2
100097524	41256515	0	947fdp4	9559	2014-11-23 22	2
100097524	41256515	0	947foo4	9559	2014-11-23 22	2
100097524	241830063	0	947foje	5263	2014-11-30 21	2
100097524	241830063	0	947fol3	5263	2014-11-30 21	2
100097524	162167330	0	947foo3	9372	2014-12-17 21	1
100097524	213505026	0	null	5689	2014-11-27 06	2
100097524	213505026	0	null	5689	2014-11-27 06	2
100097524	61528069	0	947fol0	5263	2014-12-03 21	3
100097524	61528069	0	947fomk	5263	2014-12-03 21	3
100097524	61528069	0	947foo3	5263	2014-12-03 21	3
100097524	84567833	0	947fooq	5399	2014-12-04 20	2
100097524	84567833	0	947fojf	5399	2014-12-04 20	2
100097524	372600182	0	null	10015	2014-12-05 15	9
100097524	372600182	0	null	10015	2014-12-05 15	9
100097524	372600182	0	null	10015	2014-12-02 01	9
100097524	372600182	0	null	10015	2014-12-05 15	9
100097524	372600182	0	null	10015	2014-12-02 01	9
100097524	372600182	0	null	10015	2014-12-02 01	9
100097524	372600182	0	null	10015	2014-12-05 15	9
100097524	372600182	0	null	10015	2014-12-02 01	9
100097524	372600182	0	null	10015	2014-12-02 01	9
100097524	31440614	0	947foja	5027	2014-12-07 21	2
100097524	31440614	0	947fomo	5027	2014-12-07 21	2
100097524	358640982	0	null	508	2014-12-16 21	2
100097524	358640982	0	null	508	2014-12-16 21	2
100097524	253484490	0	947fd9l	9752	2014-11-30 21	2
100097524	253484490	0	947fol0	9752	2014-11-30 21	2
100097524	10003788	0	947fols	9530	2014-11-30 21	2
100097524	10003788	0	947foo1	9530	2014-11-30 21	2
100097524	363416588	0	947foo4	8860	2014-11-30 21	2
100097524	363416588	0	947foo7	8860	2014-11-30 21	2
100097524	31694668	0	null	9559	2014-12-06 19	2
100097524	31694668	0	null	9559	2014-12-06 19	2
100097524	173090660	0	947fomh	5944	2014-11-23 20	2
100097524	173090660	0	947foml	5944	2014-11-23 20	2
100097524	127487126	0	null	10015	2014-12-02 01	3
100097524	127487126	0	null	10015	2014-12-02 01	3
100097524	127487126	0	null	10015	2014-12-02 01	3
100097524	62790567	0	null	5027	2014-12-07 21	1
100097524	21235390	0	947fomb	1863	2014-12-17 21	2
100097524	21235390	0	947fomb	1863	2014-12-17 21	2
100097524	88554720	0	947fojg	1863	2014-11-19 21	2
100097524	88554720	0	947fomj	1863	2014-11-19 21	2
100097524	308291807	0	947fomi	4370	2014-12-08 21	2
100097524	308291807	0	947fdps	4370	2014-12-08 21	2
100097524	298866561	0	947foou	9559	2014-12-05 21	2
100097524	298866561	0	947fomj	9559	2014-12-05 21	2
100097524	62089250	0	947fown	9559	2014-12-17 11	3
100097524	62089250	0	947foie	9559	2014-12-17 11	3
100097524	62089250	0	947fowc	9559	2014-12-17 11	3
100097524	1568058	0	947fomg	5027	2014-12-16 21	2
100097524	1568058	0	947foov	5027	2014-12-16 21	2
100097524	194162057	0	947fooq	3381	2014-12-14 22	1
100097524	156602430	0	947folq	5263	2014-11-30 22	2
100097524	156602430	0	947fooq	5263	2014-11-30 22	2
100097524	303347806	0	947fomj	3472	2014-11-22 22	2
100097524	303347806	0	947fol1	3472	2014-11-22 22	2
100097524	105585354	0	947fokq	1863	2014-12-17 12	2
100097524	105585354	0	947fown	1863	2014-12-17 12	2
100097524	79910489	0	947fojg	4721	2014-12-17 22	3
100097524	79910489	0	947fojd	4721	2014-12-17 22	3
100097524	79910489	0	947fomg	4721	2014-12-17 22	3
100097524	152963640	0	947fdp7	11279	2014-12-10 21	2
100097524	152963640	0	947fol2	11279	2014-12-10 21	2
100097524	383218848	0	null	11623	2014-11-28 15	3
100097524	383218848	0	null	11623	2014-11-28 15	3
100097524	383218848	0	null	11623	2014-11-28 15	3
100097524	370496439	0	947foma	6513	2014-12-08 21	2
100097524	370496439	0	947foo5	6513	2014-12-08 21	2
100097524	265450517	0	947foo2	9559	2014-11-23 21	2
100097524	265450517	0	947folc	9559	2014-11-23 21	2
100097524	3299974	0	947fowc	9559	2014-12-17 11	1
100097524	52895166	0	947fd9l	11824	2014-11-23 20	2
100097524	52895166	0	947fomg	11824	2014-11-23 20	2
100097524	51253311	0	947fomb	6226	2014-12-16 21	2
100097524	51253311	0	947foje	6226	2014-12-16 21	2
100097524	144483926	0	947foja	5399	2014-12-07 21	2
100097524	144483926	0	947fol2	5399	2014-12-07 21	2
100097524	74042003	0	null	9247	2014-12-16 21	2
100097524	74042003	0	null	9247	2014-12-16 21	2
100097524	101602101	0	947fokp	9559	2014-12-16 15	4
100097524	101602101	0	947fokv	9559	2014-12-16 15	4
100097524	101602101	0	947foih	9559	2014-12-16 15	4
100097524	101602101	0	947fokq	9559	2014-12-16 15	4
100097524	259592228	0	null	5395	2014-12-18 13	2
100097524	259592228	0	null	5395	2014-12-18 13	2
100097524	174378350	0	947fojg	11489	2014-11-30 17	2
100097524	174378350	0	947foou	11489	2014-11-30 17	2
100097524	302082170	0	null	5372	2014-11-22 13	10
100097524	302082170	0	947foje	5372	2014-11-22 20	10
100097524	302082170	0	null	5372	2014-11-22 13	10
100097524	302082170	0	null	5372	2014-11-22 13	10
100097524	302082170	0	null	5372	2014-11-24 19	10
100097524	302082170	0	947foje	5372	2014-11-22 20	10
100097524	302082170	0	null	5372	2014-11-24 19	10
100097524	302082170	0	null	5372	2014-11-24 19	10
100097524	302082170	0	null	5372	2014-11-22 13	10
100097524	302082170	0	null	5372	2014-11-22 13	10
100097524	359888635	0	947foo7	508	2014-12-16 21	3
100097524	359888635	0	947foo1	508	2014-12-16 21	3
100097524	359888635	0	947fdpq	508	2014-12-16 21	3
100097524	333113037	0	null	6344	2014-11-30 22	2
100097524	333113037	0	null	6344	2014-11-30 22	2
100097524	117537359	0	947foot	5027	2014-12-16 21	2
100097524	117537359	0	947fomj	5027	2014-12-16 21	2
100097524	321476245	0	947fojb	5399	2014-12-07 20	4
100097524	321476245	0	947foor	5399	2014-12-04 20	4
100097524	321476245	0	947folu	5399	2014-12-07 20	4
100097524	321476245	0	947fomo	5399	2014-12-04 20	4
100097524	78265173	0	947fol0	2953	2014-12-08 20	2
100097524	78265173	0	947folu	2953	2014-12-08 20	2
100097524	167216853	0	947foo3	1121	2014-12-12 13	2
100097524	167216853	0	947foop	1121	2014-12-12 13	2
100097524	90234314	0	947foop	6344	2014-11-23 21	2
100097524	90234314	0	947fome	6344	2014-11-23 21	2
100097524	325422955	0	null	9559	2014-12-06 19	2
100097524	325422955	0	null	9559	2014-12-06 19	2
100097524	369910854	0	null	5027	2014-12-16 21	1
100097524	294583173	0	947fol0	11623	2014-12-14 22	2
100097524	294583173	0	947fomg	11623	2014-12-14 22	2
100097524	319163845	0	null	5623	2014-11-21 19	2
100097524	319163845	0	null	5623	2014-11-21 19	2
100097524	149940229	0	947foo3	1860	2014-11-30 22	2
100097524	149940229	0	947fojl	1860	2014-11-30 22	2
100097524	241891419	0	947fdp6	5232	2014-12-08 21	2
100097524	241891419	0	947fome	5232	2014-12-08 21	2
100097524	179936120	0	947folv	11981	2014-12-18 21	2
100097524	179936120	0	947foos	11981	2014-12-18 21	2
100097524	68739380	0	947fojn	1838	2014-11-23 21	2
100097524	68739380	0	947foop	1838	2014-11-23 21	2
100097524	123122310	0	947fdp4	1860	2014-11-30 22	2
100097524	123122310	0	947foov	1860	2014-11-30 22	2
100097524	9568660	0	947foo7	2953	2014-12-18 21	2
100097524	9568660	0	947foml	2953	2014-12-18 21	2
100097524	315098189	0	947foou	1860	2014-11-30 22	2
100097524	315098189	0	947foo5	1860	2014-11-30 22	2
100097524	255834386	0	null	14033	2014-11-24 19	1
100097524	192477750	0	947fomd	9247	2014-12-08 20	4
100097524	192477750	0	947fd9o	9247	2014-12-08 20	4
100097524	192477750	0	947foov	9247	2014-12-08 20	4
100097524	192477750	0	947foo4	9247	2014-12-08 20	4
100097524	346625659	0	947fol0	1860	2014-11-30 22	2
100097524	346625659	0	947fomm	1860	2014-11-30 22	2
100097524	135666341	0	947folt	11115	2014-11-30 21	2
100097524	135666341	0	947fooq	11115	2014-11-30 21	2
100097524	136003982	0	947foo0	12345	2014-12-12 13	1
100097524	174273441	0	947fomj	3381	2014-12-14 21	2
100097524	174273441	0	947fomo	3381	2014-12-14 21	2
100097524	168563698	0	947fomg	9693	2014-11-23 21	2
100097524	168563698	0	947foou	9693	2014-11-23 21	2
100097524	250289034	0	null	5263	2014-11-30 22	2
100097524	250289034	0	null	5263	2014-11-30 22	2
100097524	60525577	0	947foou	3381	2014-12-14 21	2
100097524	60525577	0	947foje	3381	2014-12-14 21	2
100097524	393376169	0	null	6226	2014-12-16 21	2
100097524	393376169	0	null	6226	2014-12-16 21	2
100097524	326466614	0	947foou	11824	2014-12-14 10	3
100097524	326466614	0	947foor	11824	2014-12-12 20	3
100097524	326466614	0	947foo3	11824	2014-12-14 10	3
100097524	97378918	0	947fojd	4370	2014-12-12 13	2
100097524	97378918	0	947foot	4370	2014-12-12 13	2
100097524	333414062	0	947fol0	9530	2014-11-30 21	1
100097524	232914204	0	947foo7	5232	2014-12-08 21	2
100097524	232914204	0	947foo3	5232	2014-12-08 21	2
100097524	171812127	0	947foo9	5399	2014-12-18 21	2
100097524	171812127	0	947fomg	5399	2014-12-18 21	2
100097524	342248134	0	947fomk	5699	2014-12-10 21	1
100097524	252149052	0	947foot	1863	2014-12-17 21	2
100097524	252149052	0	947fomj	1863	2014-12-17 21	2
100097524	380787520	0	null	1860	2014-11-30 22	2
100097524	380787520	0	null	1860	2014-11-30 22	2
100097524	313115671	0	947fomf	1863	2014-11-18 22	1
100097524	264888081	0	947foov	231	2014-12-10 21	2
100097524	264888081	0	947fooq	231	2014-12-10 21	2
100097524	190452294	0	947foml	8598	2014-11-30 21	1
100097524	302759007	0	null	10507	2014-11-27 16	2
100097524	302759007	0	null	10507	2014-11-27 16	2
100097524	97298125	0	947fd9i	9517	2014-11-23 21	2
100097524	97298125	0	947fooq	9517	2014-11-23 21	2
100097524	129026751	0	947fdp7	1860	2014-11-30 22	2
100097524	129026751	0	947foo7	1860	2014-11-30 22	2
100097524	346814073	0	947fd9j	5027	2014-12-16 21	2
100097524	346814073	0	947fomj	5027	2014-12-16 21	2
100097524	381929875	0	947fomo	9559	2014-12-16 21	2
100097524	381929875	0	947fojb	9559	2014-12-16 21	2
100097524	67427222	0	null	1860	2014-11-30 22	3
100097524	67427222	0	null	1860	2014-11-30 22	3
100097524	67427222	0	null	1860	2014-11-30 22	3
100097524	68281138	0	null	9247	2014-12-16 21	2
100097524	68281138	0	null	9247	2014-12-16 21	2
100097524	154504504	0	947fojg	5027	2014-12-18 21	1
100097524	150652623	0	947fomg	5263	2014-11-30 21	2
100097524	150652623	0	947fooq	5263	2014-11-30 21	2
100097524	84995752	0	947foo7	5027	2014-11-23 21	2
100097524	84995752	0	947fdp5	5027	2014-11-23 21	2
100097524	306832628	0	947fowe	9559	2014-12-16 15	2
100097524	306832628	0	947fok5	9559	2014-12-16 15	2
100097524	88419136	0	947fomm	5553	2014-12-17 22	2
100097524	88419136	0	947foo7	5553	2014-12-17 22	2
100097524	136139571	0	947fohq	9559	2014-12-16 15	1
100097524	68247139	0	947fd9l	5263	2014-11-30 22	5
100097524	68247139	0	947fooq	5263	2014-11-30 22	5
100097524	68247139	0	947foou	5263	2014-12-03 21	5
100097524	68247139	0	947foo7	5263	2014-11-30 22	5
100097524	68247139	0	947foo2	5263	2014-12-03 21	5
100097524	114448385	0	947foou	9552	2014-12-17 22	1
100097524	112216575	0	947foma	1863	2014-12-17 21	2
100097524	112216575	0	947fojl	1863	2014-12-17 21	2
100097524	128396380	0	null	6516	2014-12-05 15	2
100097524	128396380	0	null	6516	2014-12-05 15	2
100097524	138206063	0	947fol0	5232	2014-12-08 21	2
100097524	138206063	0	947fojd	5232	2014-12-08 21	2
100097524	310141760	0	null	10804	2014-11-20 20	2
100097524	310141760	0	null	10804	2014-11-20 20	2
100097524	275406306	0	null	8664	2014-12-13 00	2
100097524	275406306	0	null	8664	2014-12-13 00	2
100097524	260068880	0	947foik	9247	2014-12-14 10	2
100097524	260068880	0	947fo7u	9247	2014-12-14 10	2
100097524	219102863	0	947fd9j	12580	2014-12-16 21	2
100097524	219102863	0	947fol0	12580	2014-12-16 21	2
100097524	240752920	0	947fomf	5553	2014-12-17 22	3
100097524	240752920	0	947fooq	5553	2014-12-17 22	3
100097524	240752920	0	947fdpr	5553	2014-12-17 22	3
100097524	58000325	0	947fomc	5399	2014-12-12 13	2
100097524	58000325	0	947foii	5399	2014-12-12 13	2
100097524	190258365	0	947foww	7997	2014-12-16 13	2
100097524	190258365	0	947foin	7997	2014-12-16 13	2
100097524	315883753	0	null	10314	2014-12-16 00	2
100097524	315883753	0	null	10314	2014-12-16 00	2
100097524	8330174	0	947foo9	3662	2014-12-17 22	2
100097524	8330174	0	947foor	3662	2014-12-17 22	2
100097524	115851077	0	947foo6	5489	2014-12-07 22	2
100097524	115851077	0	947foo6	5489	2014-12-07 22	2
100097524	328483229	0	947fojl	9559	2014-12-17 21	2
100097524	328483229	0	947fol7	9559	2014-12-17 21	2
100097524	404179958	0	null	5399	2014-12-07 21	2
100097524	404179958	0	null	5399	2014-12-07 21	2
100097524	368974271	0	947foor	5399	2014-12-12 13	2
100097524	368974271	0	947foma	5399	2014-12-12 13	2
100097524	178058165	0	null	508	2014-12-16 21	3
100097524	178058165	0	null	508	2014-12-16 21	3
100097524	178058165	0	null	508	2014-12-16 21	3
100097524	264104597	0	947fol2	5027	2014-12-07 21	2
100097524	264104597	0	947fojl	5027	2014-12-07 21	2
100097524	247443465	0	947fomj	5232	2014-12-08 21	2
100097524	247443465	0	947fomb	5232	2014-12-08 21	2
100097524	309874873	0	947foml	436	2014-11-23 21	2
100097524	309874873	0	947fd9o	436	2014-11-23 21	2
100097524	398420052	0	947foor	9559	2014-11-23 22	1
100097524	346904891	0	947foo2	5263	2014-11-30 21	1
100097524	222227050	0	947foor	1860	2014-11-30 22	2
100097524	222227050	0	947fomf	1860	2014-11-30 22	2
100097524	226808147	0	947fol7	5399	2014-12-07 21	2
100097524	226808147	0	947folu	5399	2014-12-07 21	2
100097524	86783669	0	null	9559	2014-12-02 14	2
100097524	86783669	0	null	9559	2014-12-02 14	2
100097524	152734205	0	947fok0	9559	2014-12-13 15	1
100097524	319649309	0	947foo6	1843	2014-12-14 22	2
100097524	319649309	0	947fomi	1843	2014-12-14 22	2
100097524	190862596	0	947fomi	552	2014-12-14 22	4
100097524	190862596	0	947foor	552	2014-12-16 21	4
100097524	190862596	0	947foo5	552	2014-12-16 21	4
100097524	190862596	0	947fomg	552	2014-12-14 22	4
100097524	1327436	0	947foor	1860	2014-11-30 22	2
100097524	1327436	0	947fdpr	1860	2014-11-30 22	2
100097524	287446582	0	947fojf	5689	2014-11-23 21	2
100097524	287446582	0	947foo6	5689	2014-11-23 21	2
100097524	37831412	0	947foje	11824	2014-11-24 21	2
100097524	37831412	0	947fomb	11824	2014-11-24 21	2
100097524	346135736	0	947fojf	6344	2014-12-04 19	12
100097524	346135736	0	947foor	6344	2014-11-30 22	12
100097524	346135736	0	947fd9j	6344	2014-12-04 19	12
100097524	346135736	0	null	6344	2014-11-30 22	12
100097524	346135736	0	null	6344	2014-11-30 22	12
100097524	346135736	0	947foml	6344	2014-12-04 19	12
100097524	346135736	0	947foml	6344	2014-12-04 19	12
100097524	346135736	0	947foml	6344	2014-11-30 22	12
100097524	346135736	0	947fol2	6344	2014-11-30 22	12
100097524	346135736	0	947fojn	6344	2014-12-04 19	12
100097524	346135736	0	947fojg	6344	2014-11-30 22	12
100097524	346135736	0	947foop	6344	2014-11-30 22	12
100097524	111171680	0	null	10015	2014-12-02 09	1
100097524	323036846	0	947foo2	1860	2014-11-30 22	2
100097524	323036846	0	947fome	1860	2014-11-30 22	2
100097524	201943137	0	947foot	6909	2014-12-17 21	1
100097524	124654004	0	null	5399	2014-12-07 21	2
100097524	124654004	0	null	5399	2014-12-07 21	2
100097524	299584995	0	null	5027	2014-12-07 21	2
100097524	299584995	0	null	5027	2014-12-07 21	2
100097524	135777057	0	947fojf	6686	2014-11-28 11	4
100097524	135777057	0	947fojb	6686	2014-11-28 11	4
100097524	135777057	0	947foo4	6686	2014-11-28 11	4
100097524	135777057	0	947fdpq	6686	2014-11-28 11	4
100097524	309447907	0	null	4280	2014-11-20 20	2
100097524	309447907	0	null	4280	2014-11-20 20	2
100097524	369859343	0	947foo7	10762	2014-12-18 21	2
100097524	369859343	0	947foo7	10762	2014-12-18 21	2
100097524	75042780	0	947fome	1863	2014-11-19 21	2
100097524	75042780	0	947folt	1863	2014-11-19 21	2
100097524	53923827	0	null	9247	2014-12-16 21	2
100097524	53923827	0	null	9247	2014-12-16 21	2
100097524	296676113	0	null	9559	2014-12-02 14	2
100097524	296676113	0	null	9559	2014-12-02 14	2
100097524	4287116	0	947fol2	5232	2014-12-08 21	2
100097524	4287116	0	947fojf	5232	2014-12-08 21	2
100097524	396774403	0	947folp	5263	2014-12-03 21	2
100097524	396774403	0	947fomg	5263	2014-12-03 21	2
100097524	210208228	0	947fomg	8598	2014-11-30 21	2
100097524	210208228	0	947fol0	8598	2014-11-30 21	2
100097524	36747439	0	947fdp7	5263	2014-12-05 21	3
100097524	36747439	0	947fomf	5263	2014-12-05 21	3
100097524	36747439	0	947fol1	5263	2014-12-05 21	3
100097524	181076604	0	947fojg	7832	2014-11-23 20	2
100097524	181076604	0	947fd9m	7832	2014-11-23 20	2
100097524	74017355	0	947fol3	1860	2014-11-30 22	2
100097524	74017355	0	947foot	1860	2014-11-30 22	2
100097524	287098607	0	947fol3	1863	2014-11-18 22	2
100097524	287098607	0	947fdp7	1863	2014-11-18 22	2
100097524	260099295	0	947fdpq	9559	2014-11-23 21	2
100097524	260099295	0	947foos	9559	2014-11-23 21	2
100097524	304584410	0	947foo9	5399	2014-12-18 21	2
100097524	304584410	0	947fdp4	5399	2014-12-18 21	2
100097524	387095157	0	947fomf	6249	2014-12-17 22	1
100097524	216393955	0	947fd9j	9530	2014-11-30 21	3
100097524	216393955	0	947fojf	9530	2014-11-30 21	3
100097524	216393955	0	947fdp7	9530	2014-11-30 21	3
100097524	138805218	0	947folt	3252	2014-11-23 21	2
100097524	138805218	0	947fomc	3252	2014-11-23 21	2
100097524	3037833	0	947fd77	9559	2014-12-15 13	2
100097524	3037833	0	947fd7h	9559	2014-12-15 13	2
100097524	371819829	0	947foo4	9559	2014-11-23 21	1
100097524	212072908	0	947foo2	10984	2014-11-23 21	2
100097524	212072908	0	947foo3	10984	2014-11-23 21	2
100097524	306664308	0	947foij	8650	2014-12-12 10	2
100097524	306664308	0	947foh2	8650	2014-12-12 10	2
100097524	382822381	0	947fojf	6344	2014-12-04 19	1
100097524	286996706	0	947fdpr	11307	2014-11-23 21	2
100097524	286996706	0	947fomi	11307	2014-11-23 21	2
100097524	131363237	0	947fojf	1810	2014-12-17 22	2
100097524	131363237	0	947fomk	1810	2014-12-17 22	2
100097524	1791412	0	947foou	3662	2014-12-17 22	2
100097524	1791412	0	947fol1	3662	2014-12-17 22	2
100097524	361205912	0	947foo1	5027	2014-12-16 21	2
100097524	361205912	0	947fd9j	5027	2014-12-16 21	2
100097524	96336272	0	947fowa	9559	2014-12-16 15	2
100097524	96336272	0	947fowg	9559	2014-12-16 15	2
100097524	303122842	0	947fol2	9559	2014-12-16 21	3
100097524	303122842	0	947foo0	9559	2014-12-16 21	3
100097524	303122842	0	947foov	9559	2014-12-16 21	3
100097524	48232217	0	947fdp7	9517	2014-12-08 21	2
100097524	48232217	0	947fdpr	9517	2014-12-08 21	2
100097524	306789371	0	947fomb	9530	2014-11-30 21	2
100097524	306789371	0	947fomk	9530	2014-11-30 21	2
100097524	308893138	0	947foor	1863	2014-11-19 21	2
100097524	308893138	0	947foo0	1863	2014-11-19 21	2
100097524	354723021	0	947fomg	5399	2014-12-08 21	2
100097524	354723021	0	947fomo	5399	2014-12-08 21	2
100097524	142131572	0	947fomn	5399	2014-12-10 21	2
100097524	142131572	0	947fd9l	5399	2014-12-10 21	2
100097524	150119427	0	null	1863	2014-12-12 13	2
100097524	150119427	0	null	1863	2014-12-12 13	2
100097524	90901288	0	947foml	11552	2014-12-14 21	2
100097524	90901288	0	947fomj	11552	2014-12-14 21	2
100097524	91185152	0	947foml	3662	2014-12-17 22	2
100097524	91185152	0	947folu	3662	2014-12-17 22	2
100097524	71263893	0	947foou	5399	2014-12-04 20	1
100097524	181848330	0	947folu	5232	2014-12-10 21	2
100097524	181848330	0	947fojd	5232	2014-12-10 21	2
100097524	356852494	0	947fd9j	5027	2014-12-16 21	2
100097524	356852494	0	947foo2	5027	2014-12-16 21	2
100097524	38354989	0	947foo6	9530	2014-11-30 21	2
100097524	38354989	0	947fooq	9530	2014-11-30 21	2
100097524	107623367	0	947foo5	1860	2014-11-30 21	2
100097524	107623367	0	947fdp4	1860	2014-11-30 21	2
100097524	127583269	0	947foo9	9247	2014-12-08 20	2
100097524	127583269	0	947fooq	9247	2014-12-08 20	2
100097524	277439953	0	null	3783	2014-12-02 14	2
100097524	277439953	0	null	3783	2014-12-02 14	2
100097524	321792003	0	947fol2	7312	2014-11-22 22	2
100097524	321792003	0	947fd9m	7312	2014-11-22 22	2
100097524	223889599	0	null	10121	2014-11-20 11	3
100097524	223889599	0	null	10121	2014-11-20 11	3
100097524	223889599	0	null	10121	2014-11-20 11	3
100097524	308522687	0	947fomk	5399	2014-12-12 13	2
100097524	308522687	0	947fomb	5399	2014-12-12 13	2
100097524	176529248	0	947fooq	8598	2014-11-30 21	1
100097524	71030383	0	null	4269	2014-11-22 13	10
100097524	71030383	0	null	4269	2014-11-24 19	10
100097524	71030383	0	947foo0	4269	2014-11-22 20	10
100097524	71030383	0	null	4269	2014-11-22 13	10
100097524	71030383	0	947foo7	4269	2014-11-22 20	10
100097524	71030383	0	null	4269	2014-11-22 13	10
100097524	71030383	0	947fomh	4269	2014-11-22 22	10
100097524	71030383	0	null	4269	2014-11-22 13	10
100097524	71030383	0	null	4269	2014-11-24 19	10
100097524	71030383	0	947folv	4269	2014-11-22 22	10
100097524	153946105	0	null	6400	2014-12-08 12	2
100097524	153946105	0	null	6400	2014-12-08 12	2
100097524	103230605	0	947foo7	5027	2014-11-25 12	2
100097524	103230605	0	947folv	5027	2014-11-25 12	2
100097524	106838305	0	947foo7	6344	2014-11-30 22	2
100097524	106838305	0	947fomg	6344	2014-11-30 22	2
100097524	157038884	0	947fd9l	9559	2014-11-23 22	1
100097524	352845339	0	947foos	9693	2014-11-22 22	2
100097524	352845339	0	947fd9j	9693	2014-11-22 22	2
100097524	366576334	0	947foov	6054	2014-11-19 21	2
100097524	366576334	0	947fomj	6054	2014-11-19 21	2
100097524	11305920	0	947fowd	9559	2014-12-16 15	1
100097524	287246086	0	947foo7	9820	2014-12-14 22	2
100097524	287246086	0	947fdp7	9820	2014-12-14 22	2
100097524	21681704	0	947foje	5027	2014-12-16 21	2
100097524	21681704	0	947foo2	5027	2014-12-16 21	2
100097524	153985953	0	947foot	5399	2014-12-18 21	2
100097524	153985953	0	947fd9k	5399	2014-12-18 21	2
100097524	204819569	0	947foo3	5399	2014-12-07 21	2
100097524	204819569	0	947fdp4	5399	2014-12-07 21	2
100097524	101185531	0	null	10015	2014-12-05 15	5
100097524	101185531	0	null	10015	2014-12-05 15	5
100097524	101185531	0	null	10015	2014-12-05 15	5
100097524	101185531	0	null	10015	2014-12-02 01	5
100097524	101185531	0	null	10015	2014-12-02 01	5
100097524	359522147	0	947foob	1860	2014-11-30 22	2
100097524	359522147	0	947foog	1860	2014-11-30 22	2
100097524	135720696	0	947foml	12998	2014-12-14 20	4
100097524	135720696	0	947fdpr	12998	2014-12-14 20	4
100097524	135720696	0	947fdp5	12998	2014-12-14 20	4
100097524	135720696	0	947foje	12998	2014-12-14 20	4
100097524	191499032	0	null	1838	2014-12-16 00	2
100097524	191499032	0	null	1838	2014-12-16 00	2
100097524	54476232	0	null	9559	2014-12-06 19	10
100097524	54476232	0	null	9559	2014-12-06 19	10
100097524	54476232	0	947foo7	9559	2014-12-08 20	10
100097524	54476232	0	947fomb	9559	2014-12-08 19	10
100097524	54476232	0	947foo9	9559	2014-12-08 19	10
100097524	54476232	0	null	9559	2014-12-06 20	10
100097524	54476232	0	null	9559	2014-12-06 19	10
100097524	54476232	0	947fdp5	9559	2014-12-08 20	10
100097524	54476232	0	null	9559	2014-12-06 20	10
100097524	54476232	0	947fd9i	9559	2014-12-08 20	10
100097524	356593714	0	947foo0	9559	2014-11-23 21	9
100097524	356593714	0	947fooh	9559	2014-11-23 21	9
100097524	356593714	0	null	9559	2014-12-01 12	9
100097524	356593714	0	947fomo	9559	2014-11-23 21	9
100097524	356593714	0	947foo0	9559	2014-11-23 21	9
100097524	356593714	0	947foje	9559	2014-11-23 21	9
100097524	356593714	0	947foo3	9559	2014-11-23 21	9
100097524	356593714	0	947foo0	9559	2014-11-23 21	9
100097524	356593714	0	null	9559	2014-12-01 12	9
100097524	293930998	0	null	12294	2014-12-01 10	3
100097524	293930998	0	null	12294	2014-12-01 10	3
100097524	293930998	0	null	12294	2014-12-01 10	3
100097524	234548663	0	947foog	8598	2014-11-30 21	2
100097524	234548663	0	947fdpr	8598	2014-11-30 21	2
100097524	167035761	0	947fd9o	1860	2014-11-30 21	2
100097524	167035761	0	947fomb	1860	2014-11-30 21	2
100097524	110116253	0	947folu	1860	2014-11-30 22	1
100097524	332731915	0	null	9559	2014-12-06 19	1
100097524	369821966	0	null	2753	2014-11-20 20	2
100097524	369821966	0	null	2753	2014-11-20 20	2
100097524	203788198	0	947foou	9372	2014-12-17 21	2
100097524	203788198	0	947fomc	9372	2014-12-17 21	2
100097524	388306403	0	947fdp7	5553	2014-12-18 21	3
100097524	388306403	0	947foma	5553	2014-12-18 21	3
100097524	388306403	0	947foje	5553	2014-12-18 21	3
100097524	234318310	0	947foo6	3381	2014-12-10 21	3
100097524	234318310	0	947foov	3381	2014-12-10 21	3
100097524	234318310	0	947fdp6	3381	2014-12-10 21	3
100097524	352167279	0	947fomg	4210	2014-12-18 21	2
100097524	352167279	0	947foou	4210	2014-12-18 21	2
100097524	104830650	0	947fomj	1863	2014-11-19 21	2
100097524	104830650	0	947fomg	1863	2014-11-19 21	2
100097524	54257493	0	947foor	11824	2014-12-12 20	4
100097524	54257493	0	947fomc	11824	2014-12-14 10	4
100097524	54257493	0	947foml	11824	2014-12-14 10	4
100097524	54257493	0	947folu	11824	2014-12-12 20	4
100097524	211311779	0	947foov	5263	2014-11-30 22	2
100097524	211311779	0	947fol0	5263	2014-11-30 22	2
100097524	15653884	0	947foov	5399	2014-12-08 21	2
100097524	15653884	0	947fomg	5399	2014-12-08 21	2
100097524	362887494	0	947foo4	1863	2014-12-17 21	2
100097524	362887494	0	947foo5	1863	2014-12-17 21	2
100097524	299889306	0	947folv	1863	2014-11-18 22	2
100097524	299889306	0	947foml	1863	2014-11-18 22	2
100097524	334540474	0	null	11623	2014-11-29 09	6
100097524	334540474	0	null	11623	2014-11-29 09	6
100097524	334540474	0	null	11623	2014-11-29 09	6
100097524	334540474	0	null	11623	2014-11-29 09	6
100097524	334540474	0	null	11623	2014-11-29 09	6
100097524	334540474	0	null	11623	2014-11-29 09	6
100097524	63418056	0	947fd9m	5263	2014-11-30 22	1
100097524	283242469	0	947fowe	9559	2014-12-13 16	1
100097524	157626804	0	947fomg	5399	2014-12-07 21	2
100097524	157626804	0	947foou	5399	2014-12-07 21	2
100097524	292534522	0	947fol0	508	2014-12-16 21	2
100097524	292534522	0	947fdpq	508	2014-12-16 21	2
100097524	53932513	0	947folv	5399	2014-12-04 20	2
100097524	53932513	0	947fomi	5399	2014-12-04 20	2
100097524	337403595	0	947foor	3381	2014-12-14 22	2
100097524	337403595	0	947fd9m	3381	2014-12-14 22	2
100097524	304886837	0	947fd9l	9752	2014-12-04 19	1
100097524	164401925	0	947foou	9559	2014-11-23 22	7
100097524	164401925	0	null	9559	2014-11-27 16	7
100097524	164401925	0	null	9559	2014-11-27 16	7
100097524	164401925	0	947fojg	9559	2014-11-23 22	7
100097524	164401925	0	947folu	9559	2014-11-23 22	7
100097524	164401925	0	null	9559	2014-11-27 16	7
100097524	164401925	0	947foo2	9559	2014-11-23 22	7
100097524	234964999	0	947fols	5263	2014-11-30 22	9
100097524	234964999	0	947fooq	5263	2014-11-30 22	9
100097524	234964999	0	947foo3	5263	2014-12-05 21	9
100097524	234964999	0	947fol3	5263	2014-11-30 22	9
100097524	234964999	0	947foou	5263	2014-12-05 21	9
100097524	234964999	0	947fomg	5263	2014-11-30 22	9
100097524	234964999	0	947fomf	5263	2014-11-30 22	9
100097524	234964999	0	947fome	5263	2014-11-30 22	9
100097524	234964999	0	947fol2	5263	2014-12-05 21	9
100097524	243963290	0	947fooq	1863	2014-12-17 21	2
100097524	243963290	0	947fome	1863	2014-12-17 21	2
100097524	222746058	0	947fdpr	3673	2014-11-24 21	2
100097524	222746058	0	947fojg	3673	2014-11-24 21	2
100097524	335680099	0	947foo7	5232	2014-12-08 21	2
100097524	335680099	0	947fdpp	5232	2014-12-08 21	2
100097524	328793336	0	947fomo	1860	2014-11-30 22	2
100097524	328793336	0	947fd9h	1860	2014-11-30 22	2
100097524	217836711	0	947fol2	3431	2014-11-24 21	2
100097524	217836711	0	947fdpr	3431	2014-11-24 21	2
100097524	281981427	0	947foo1	5263	2014-12-03 21	2
100097524	281981427	0	947fomg	5263	2014-12-03 21	2
100097524	307485307	0	null	5399	2014-12-07 21	2
100097524	307485307	0	null	5399	2014-12-07 21	2
100097524	342941515	0	947foou	9372	2014-12-17 21	3
100097524	342941515	0	947fol2	9372	2014-12-17 21	3
100097524	342941515	0	947fojd	9372	2014-12-17 21	3
100097524	385825377	0	null	5399	2014-12-07 20	7
100097524	385825377	0	null	5399	2014-12-07 20	7
100097524	385825377	0	947foo4	5399	2014-12-04 20	7
100097524	385825377	0	null	5399	2014-12-07 20	7
100097524	385825377	0	947fdp5	5399	2014-12-05 21	7
100097524	385825377	0	947fomw	5399	2014-12-07 20	7
100097524	385825377	0	947foo6	5399	2014-12-04 20	7
100097524	193738592	0	null	1860	2014-11-30 22	3
100097524	193738592	0	null	1860	2014-11-30 22	3
100097524	193738592	0	null	1860	2014-11-30 22	3
100097524	39161443	0	null	5395	2014-12-18 13	2
100097524	39161443	0	null	5395	2014-12-18 13	2
100097524	174596096	0	947foo6	5232	2014-12-18 21	2
100097524	174596096	0	947fdpq	5232	2014-12-18 21	2
100097524	38008611	0	947fooq	5027	2014-12-18 21	1
100097524	133229040	0	947folv	9559	2014-12-07 20	3
100097524	133229040	0	947fomg	9559	2014-12-07 20	3
100097524	133229040	0	947fdp5	9559	2014-12-07 20	3
100097524	25018287	0	947fomg	3381	2014-12-14 21	2
100097524	25018287	0	947foop	3381	2014-12-14 21	2
100097524	247333753	0	null	10431	2014-11-20 20	2
100097524	247333753	0	null	10431	2014-11-20 20	2
100097524	324977100	0	947foml	3944	2014-11-23 20	2
100097524	324977100	0	947fdp4	3944	2014-11-23 20	2
100097524	154079584	0	947foo6	11824	2014-12-12 20	3
100097524	154079584	0	947foml	11824	2014-12-12 20	3
100097524	154079584	0	947foml	11824	2014-12-14 10	3
100097524	175942888	0	null	11632	2014-11-30 10	2
100097524	175942888	0	null	11632	2014-11-30 10	2
100097524	115652830	0	947fomb	5027	2014-12-07 21	2
100097524	115652830	0	947foje	5027	2014-12-07 21	2
100097524	392240475	0	947foou	5263	2014-12-03 21	2
100097524	392240475	0	947foml	5263	2014-12-03 21	2
100097524	389264646	0	null	9559	2014-12-01 12	5
100097524	389264646	0	null	9559	2014-12-01 12	5
100097524	389264646	0	null	9559	2014-12-01 12	5
100097524	389264646	0	null	9559	2014-12-01 12	5
100097524	389264646	0	null	9559	2014-12-01 12	5
100097524	250078560	0	null	5027	2014-12-16 21	2
100097524	250078560	0	null	5027	2014-12-16 21	2
100097524	111112634	0	null	14033	2014-11-24 19	2
100097524	111112634	0	null	14033	2014-11-24 19	2
100097524	50491541	0	947foot	4370	2014-12-18 21	2
100097524	50491541	0	947fooq	4370	2014-12-18 21	2
100097524	74456002	0	947fomj	6909	2014-12-17 21	2
100097524	74456002	0	947fooq	6909	2014-12-17 21	2
100097524	239635091	0	947folq	5263	2014-12-03 21	2
100097524	239635091	0	947fol0	5263	2014-12-03 21	2
100097524	343283972	0	947fd9m	508	2014-12-16 21	2
100097524	343283972	0	947fomg	508	2014-12-16 21	2
100097524	111905505	0	947fomc	9559	2014-12-01 16	2
100097524	111905505	0	947fome	9559	2014-12-01 16	2
100097524	14985811	0	null	5027	2014-12-16 21	2
100097524	14985811	0	null	5027	2014-12-16 21	2
100097524	118020324	0	947fd9i	13769	2014-12-07 23	3
100097524	118020324	0	947fooq	13769	2014-12-07 23	3
100097524	118020324	0	947foo0	13769	2014-12-07 23	3
100097524	392022432	0	947fd9o	7549	2014-11-24 21	2
100097524	392022432	0	947fol0	7549	2014-11-24 21	2
100097524	298139897	0	947fol2	5263	2014-11-30 22	2
100097524	298139897	0	947fdpr	5263	2014-11-30 22	2
100097524	143958455	0	947foje	1863	2014-12-17 21	2
100097524	143958455	0	947folq	1863	2014-12-17 21	2
100097524	292212423	0	947fooq	1863	2014-12-17 21	2
100097524	292212423	0	947fomg	1863	2014-12-17 21	2
100097524	324131744	0	947fomi	5395	2014-11-25 12	3
100097524	324131744	0	947fd9o	5395	2014-11-25 12	3
100097524	324131744	0	947foot	5395	2014-11-25 12	3
100097524	232696281	0	null	5399	2014-12-18 13	2
100097524	232696281	0	null	5399	2014-12-18 13	2
100097524	395710297	0	947foou	5399	2014-12-07 20	2
100097524	395710297	0	947foo7	5399	2014-12-07 20	2
100097524	97245045	0	947foh1	9559	2014-12-17 11	2
100097524	97245045	0	947foia	9559	2014-12-17 11	2
100097524	306250752	0	947foo0	5399	2014-12-12 13	2
100097524	306250752	0	947foo4	5399	2014-12-12 13	2
100097524	97766658	0	null	5027	2014-12-16 21	2
100097524	97766658	0	null	5027	2014-12-16 21	2
100097524	2136689	0	null	5399	2014-12-07 20	2
100097524	2136689	0	null	5399	2014-12-07 20	2
100097524	385293694	0	947foo7	5395	2014-12-18 21	2
100097524	385293694	0	947fomf	5395	2014-12-18 21	2
100097524	103585824	0	947fol2	11824	2014-12-12 20	4
100097524	103585824	0	947foje	11824	2014-12-14 10	4
100097524	103585824	0	947foov	11824	2014-12-12 20	4
100097524	103585824	0	947fomi	11824	2014-12-14 10	4
100097524	293939662	0	null	9559	2014-12-11 16	3
100097524	293939662	0	null	9559	2014-12-11 16	3
100097524	293939662	0	null	9559	2014-12-11 16	3
100097524	309630138	0	947fdp7	1121	2014-11-23 20	2
100097524	309630138	0	947folt	1121	2014-11-23 20	2
100097524	267371209	0	947fome	508	2014-12-16 21	2
100097524	267371209	0	947folu	508	2014-12-16 21	2
100097524	396798659	0	947folq	5263	2014-12-03 21	2
100097524	396798659	0	947fol1	5263	2014-12-03 21	2
100097524	281155664	0	null	1843	2014-11-24 19	3
100097524	281155664	0	null	1843	2014-11-24 19	3
100097524	281155664	0	null	1843	2014-11-24 13	3
100097524	69615092	0	947fd9j	1863	2014-11-19 21	2
100097524	69615092	0	947foop	1863	2014-11-19 21	2
100097524	274486155	0	947foml	3381	2014-12-14 21	2
100097524	274486155	0	947foo6	3381	2014-12-14 21	2
100097524	195161820	0	947fomh	5027	2014-11-23 21	2
100097524	195161820	0	947foo0	5027	2014-11-23 21	2
100097524	89457039	0	947foou	1860	2014-11-30 22	2
100097524	89457039	0	947foo7	1860	2014-11-30 22	2
100097524	351266554	0	947fomg	508	2014-12-16 21	1
100097524	41639323	0	947foik	9559	2014-12-17 11	3
100097524	41639323	0	947fowf	9559	2014-12-17 11	3
100097524	41639323	0	947fowe	9559	2014-12-17 11	3
100097524	231927097	0	947foop	11824	2014-12-14 10	4
100097524	231927097	0	947foo4	11824	2014-12-12 20	4
100097524	231927097	0	947fomo	11824	2014-12-14 10	4
100097524	231927097	0	947foou	11824	2014-12-12 20	4
100097524	354501938	0	947fomi	1843	2014-12-14 22	2
100097524	354501938	0	947foou	1843	2014-12-14 22	2
100097524	238973077	0	null	9247	2014-12-16 21	2
100097524	238973077	0	null	9247	2014-12-16 21	2
100097524	185987509	0	null	5027	2014-12-16 21	2
100097524	185987509	0	null	5027	2014-12-16 21	2
100097524	212149286	0	947folu	5263	2014-11-30 22	2
100097524	212149286	0	947foop	5263	2014-11-30 22	2
100097524	327503313	0	null	9247	2014-12-16 21	2
100097524	327503313	0	null	9247	2014-12-16 21	2
100097524	144878539	0	null	6226	2014-12-16 21	2
100097524	144878539	0	null	6226	2014-12-16 21	2
100097524	322319427	0	null	5399	2014-12-07 21	2
100097524	322319427	0	null	5399	2014-12-07 21	2
100097524	216043804	0	null	5395	2014-12-18 13	2
100097524	216043804	0	null	5395	2014-12-18 13	2
100097524	77517094	0	947fomc	5263	2014-11-30 21	2
100097524	77517094	0	947fdpp	5263	2014-11-30 21	2
100097524	36065549	0	947foje	9559	2014-11-24 21	3
100097524	36065549	0	947fomb	9559	2014-11-24 21	3
100097524	36065549	0	947folu	9559	2014-11-24 21	3
100097524	49687394	0	947foml	552	2014-12-18 21	2
100097524	49687394	0	947foo4	552	2014-12-18 21	2
100097524	260526052	0	null	5027	2014-12-16 21	2
100097524	260526052	0	null	5027	2014-12-16 21	2
100097524	355264879	0	947fols	11824	2014-12-14 10	2
100097524	355264879	0	947foo4	11824	2014-12-14 10	2
100097524	172461272	0	947foo2	5232	2014-12-08 21	2
100097524	172461272	0	947foja	5232	2014-12-08 21	2
100097524	184626763	0	947fomc	1860	2014-11-30 22	1
100097524	144014068	0	947folt	9530	2014-11-30 21	2
100097524	144014068	0	947foml	9530	2014-11-30 21	2
100097524	56189350	0	947foo7	1488	2014-12-14 22	2
100097524	56189350	0	947foo0	1488	2014-12-14 22	2
100097524	100207501	0	947fol3	9559	2014-11-23 21	2
100097524	100207501	0	947foml	9559	2014-11-23 21	2
100097524	139952703	0	947foo4	9559	2014-11-23 22	2
100097524	139952703	0	947foo3	9559	2014-11-23 22	2
100097524	59460981	0	947foot	11824	2014-12-12 20	2
100097524	59460981	0	947fols	11824	2014-12-12 20	2
100097524	276468929	0	947fols	5263	2014-12-03 21	2
100097524	276468929	0	947fomi	5263	2014-12-03 21	2
100097524	59025158	0	947foje	11824	2014-12-14 10	3
100097524	59025158	0	947foo9	11824	2014-12-14 10	3
100097524	59025158	0	947foo3	11824	2014-12-14 10	3
100097524	316678367	0	947foml	9559	2014-11-22 22	2
100097524	316678367	0	947fomi	9559	2014-11-22 22	2
100097524	119567053	0	947foo5	2153	2014-11-24 21	2
100097524	119567053	0	947fomi	2153	2014-11-24 21	2
100097524	115303050	0	947foje	5263	2014-11-30 22	2
100097524	115303050	0	947foma	5263	2014-11-30 22	2
100097524	15059483	0	null	5399	2014-12-07 21	2
100097524	15059483	0	null	5399	2014-12-07 21	2
100097524	250490181	0	947foor	1863	2014-12-17 21	1
100097524	315073543	0	947fomg	12230	2014-12-14 22	2
100097524	315073543	0	947fojf	12230	2014-12-14 22	2
100097524	354754345	0	null	5027	2014-12-16 21	2
100097524	354754345	0	null	5027	2014-12-16 21	2
100097524	173078219	0	947folv	6909	2014-12-17 21	2
100097524	173078219	0	947fomg	6909	2014-12-17 21	2
100097524	206175088	0	947fooh	3662	2014-12-17 22	3
100097524	206175088	0	947fd9i	3662	2014-12-17 22	3
100097524	206175088	0	947fomg	3662	2014-12-17 22	3
100097524	59424608	0	947foo0	8095	2014-12-18 21	2
100097524	59424608	0	947fdp5	8095	2014-12-18 21	2
100097524	235614063	0	947fol3	5701	2014-11-24 21	2
100097524	235614063	0	947foo6	5701	2014-11-24 21	2
100097524	166005742	0	947foml	5489	2014-12-10 21	2
100097524	166005742	0	947foje	5489	2014-12-10 21	2
100097524	394402092	0	947foje	9559	2014-12-17 21	2
100097524	394402092	0	947foou	9559	2014-12-17 21	2
100097524	32056586	0	947fd9o	9530	2014-11-30 21	2
100097524	32056586	0	947fooq	9530	2014-11-30 21	2
100097524	375216412	0	947foml	6344	2014-11-30 22	1
100097524	244692698	0	null	675	2014-11-20 20	2
100097524	244692698	0	null	675	2014-11-20 20	2
100097524	4424882	0	947fd9j	6344	2014-11-30 22	2
100097524	4424882	0	947fdp4	6344	2014-11-30 22	2
100097524	266436709	0	947fdpq	3381	2014-12-10 21	1
100097524	163032181	0	947foma	4370	2014-12-10 21	2
100097524	163032181	0	947fdp9	4370	2014-12-10 21	2
100097524	227032082	0	947fohu	9559	2014-12-17 11	2
100097524	227032082	0	947foi7	9559	2014-12-17 11	2
100097524	83013427	0	947fomd	1838	2014-11-23 21	2
100097524	83013427	0	947fojc	1838	2014-11-23 21	2
100097524	362258151	0	947fol1	5027	2014-12-07 21	1
100097524	140681551	0	947fd9m	1488	2014-12-14 22	2
100097524	140681551	0	947fooq	1488	2014-12-14 22	2
100097524	310657684	0	947fomf	983	2014-12-08 21	2
100097524	310657684	0	947foo4	983	2014-12-08 21	2
100097524	186730572	0	947foov	5263	2014-11-30 22	1
100097524	159198431	0	947foog	1860	2014-11-30 21	1
100097524	250708434	0	947foo3	8598	2014-11-30 21	3
100097524	250708434	0	947folg	8598	2014-11-30 21	3
100097524	250708434	0	947folu	8598	2014-11-30 21	3
100097524	152822626	0	null	9559	2014-12-05 00	2
100097524	152822626	0	null	9559	2014-12-05 00	2
100097524	107966109	0	947fooq	5263	2014-11-30 21	2
100097524	107966109	0	947foou	5263	2014-11-30 21	2
100097524	26939162	0	947fdpr	5263	2014-12-03 21	1
100097524	163036	0	947foo9	7549	2014-12-18 21	2
100097524	163036	0	947fooq	7549	2014-12-18 21	2
100097524	79637123	0	null	2953	2014-12-18 13	2
100097524	79637123	0	null	2953	2014-12-18 13	2
100097524	64278143	0	947fomg	1860	2014-11-30 22	3
100097524	64278143	0	null	1860	2014-11-30 22	3
100097524	64278143	0	null	1860	2014-11-30 22	3
100097524	390012117	0	null	5399	2014-12-07 21	2
100097524	390012117	0	null	5399	2014-12-07 21	2
100097524	35414146	0	947fomb	6344	2014-11-30 22	2
100097524	35414146	0	947fd9i	6344	2014-11-30 22	2
100097524	174643971	0	947folu	3381	2014-12-14 21	2
100097524	174643971	0	947foov	3381	2014-12-14 21	2
100097524	206565604	0	947fomg	5399	2014-12-08 21	2
100097524	206565604	0	947fooq	5399	2014-12-08 21	2
100097524	245028378	0	947fowm	9559	2014-12-16 15	2
100097524	245028378	0	947foia	9559	2014-12-16 15	2
100097524	21051602	0	947fol2	1863	2014-12-17 21	2
100097524	21051602	0	947fol2	1863	2014-12-17 21	2
100097524	195946294	0	null	1121	2014-12-12 13	1
100097524	32697971	0	947foje	6226	2014-12-16 21	3
100097524	32697971	0	947fojg	6226	2014-12-16 21	3
100097524	32697971	0	947foo4	6226	2014-12-16 21	3
100097524	75806793	0	null	5399	2014-12-07 21	2
100097524	75806793	0	null	5399	2014-12-07 21	2
100097524	338826475	0	947foo0	5503	2014-11-23 21	2
100097524	338826475	0	947fdp4	5503	2014-11-23 21	2
100097524	325353427	0	947folq	1860	2014-11-30 22	4
100097524	325353427	0	947fd9o	1860	2014-12-02 22	4
100097524	325353427	0	947foja	1860	2014-11-30 22	4
100097524	325353427	0	947fdpr	1860	2014-12-02 22	4
100097524	303843044	0	947foop	1860	2014-11-30 22	2
100097524	303843044	0	947fd9i	1860	2014-11-30 22	2
100097524	67023477	0	947fomg	11824	2014-12-12 20	1
100097524	155087949	0	947fomo	11981	2014-12-10 21	3
100097524	155087949	0	947fojg	11981	2014-12-10 21	3
100097524	155087949	0	947foou	11981	2014-12-12 13	3
100097524	334561414	0	null	9247	2014-12-16 21	3
100097524	334561414	0	null	9247	2014-12-16 21	3
100097524	334561414	0	null	9247	2014-12-16 21	3
100097524	84211746	0	947fd9i	10894	2014-12-08 21	1
100097524	250055758	0	947fomg	508	2014-12-16 21	2
100097524	250055758	0	947fomg	508	2014-12-16 21	2
100097524	166222458	0	null	11824	2014-11-24 19	3
100097524	166222458	0	null	11824	2014-11-24 19	3
100097524	166222458	0	null	11824	2014-11-24 19	3
100097524	142377128	0	947fol1	5027	2014-12-04 19	2
100097524	142377128	0	947foo7	5027	2014-12-04 19	2
100097524	95870772	0	947fooq	1860	2014-11-30 22	2
100097524	95870772	0	947foo7	1860	2014-11-30 22	2
100097524	98688289	0	947foor	1863	2014-11-18 22	2
100097524	98688289	0	947foot	1863	2014-11-18 22	2
100097524	403974010	0	947foo7	5232	2014-12-08 21	2
100097524	403974010	0	947foor	5232	2014-12-08 21	2
100097524	274724342	0	947fomb	5017	2014-12-05 19	4
100097524	274724342	0	947fomb	5017	2014-12-05 19	4
100097524	274724342	0	947foo3	5017	2014-12-05 19	4
100097524	274724342	0	947fomm	5017	2014-12-05 19	4
100097524	346752149	0	947foou	7103	2014-11-23 21	3
100097524	346752149	0	947foo3	7103	2014-11-23 21	3
100097524	346752149	0	947foo2	7103	2014-11-23 21	3
100097524	122974048	0	null	6344	2014-12-13 00	2
100097524	122974048	0	null	6344	2014-12-13 00	2
100097524	117604391	0	null	5027	2014-12-18 13	2
100097524	117604391	0	null	5027	2014-12-18 13	2
100097524	241461145	0	947fols	9970	2014-11-24 21	3
100097524	241461145	0	947fomg	9970	2014-11-24 21	3
100097524	241461145	0	947foml	9970	2014-11-24 21	3
100097524	171129434	0	947fol1	5399	2014-12-07 20	2
100097524	171129434	0	947fomh	5399	2014-12-07 20	2
100097524	133054583	0	null	5399	2014-12-07 21	2
100097524	133054583	0	null	5399	2014-12-07 21	2
100097524	102980486	0	947fooq	5232	2014-12-10 21	2
100097524	102980486	0	947fomj	5232	2014-12-10 21	2
100097524	32232786	0	947folu	5399	2014-12-04 20	2
100097524	32232786	0	947foo0	5399	2014-12-04 20	2
100097524	133485794	0	947foo0	12230	2014-12-14 22	2
100097524	133485794	0	947fol1	12230	2014-12-14 22	2
100097524	301755409	0	947foo2	5232	2014-11-23 20	2
100097524	301755409	0	947fomj	5232	2014-11-23 20	2
100097524	162875323	0	947fomw	9559	2014-12-09 20	3
100097524	162875323	0	947fdp4	9559	2014-12-09 20	3
100097524	162875323	0	947fooq	9559	2014-12-09 20	3
100097524	330654692	0	null	5027	2014-12-16 21	2
100097524	330654692	0	null	5027	2014-12-16 21	2
100097524	106388948	0	947fd9j	5232	2014-11-23 21	2
100097524	106388948	0	947foje	5232	2014-11-23 21	2
100097524	391271704	0	947fomf	1860	2014-11-30 22	2
100097524	391271704	0	947fomb	1860	2014-11-30 22	2
100097524	42960392	0	947foo5	3783	2014-12-08 20	2
100097524	42960392	0	947foje	3783	2014-12-08 20	2
