100087810	129132465	0	null	4076	2014-12-12 11	2
100087810	129132465	0	null	4076	2014-12-12 11	2
100087810	206927390	0	null	1518	2014-12-16 11	2
100087810	206927390	0	null	1518	2014-12-16 11	2
100087810	314229480	0	null	8300	2014-12-16 11	2
100087810	314229480	0	null	8300	2014-12-16 11	2
100087810	45826995	0	null	4747	2014-12-08 01	3
100087810	45826995	0	null	4747	2014-12-08 01	3
100087810	45826995	0	null	4747	2014-12-08 01	3
100087810	308640036	0	null	6000	2014-12-16 11	2
100087810	308640036	0	null	6000	2014-12-16 11	2
100087810	389513384	0	null	9833	2014-11-25 11	3
100087810	389513384	0	null	9833	2014-11-25 11	3
100087810	389513384	0	null	9833	2014-11-25 11	3
100087810	160971828	0	null	8432	2014-11-29 14	1
100087810	249248564	0	null	7996	2014-11-27 14	1
100087810	176237138	0	null	13038	2014-11-18 11	2
100087810	176237138	0	null	13038	2014-11-18 11	2
100087810	74800159	0	null	3940	2014-11-18 15	1
100087810	172732741	0	null	11482	2014-12-17 04	1
100087810	326692373	0	null	784	2014-12-10 00	1
100087810	237905299	0	null	3843	2014-12-12 11	2
100087810	237905299	0	null	3843	2014-12-12 11	2
100087810	126902916	0	null	12630	2014-11-18 11	1
100087810	133408825	0	null	6000	2014-12-08 14	1
100087810	394849739	0	null	2414	2014-11-27 14	2
100087810	394849739	0	null	2414	2014-11-27 15	2
100087810	93751638	0	null	12630	2014-11-18 11	1
100087810	126167067	0	null	11916	2014-12-12 00	1
100087810	202761239	0	null	784	2014-12-10 00	1
100087810	112080564	0	null	6000	2014-12-14 10	3
100087810	112080564	0	null	6000	2014-12-14 10	3
100087810	112080564	0	null	6000	2014-12-14 10	3
100087810	224251261	0	null	8432	2014-12-08 20	1
100087810	143864325	0	null	13038	2014-11-27 15	1
100087810	372925085	0	null	7299	2014-12-16 11	2
100087810	372925085	0	null	7299	2014-12-16 11	2
100087810	72598080	0	null	5558	2014-11-18 10	1
100087810	66903742	0	null	5558	2014-11-18 10	4
100087810	66903742	0	null	5558	2014-11-18 10	4
100087810	66903742	0	null	5558	2014-11-18 10	4
100087810	66903742	0	null	5558	2014-11-18 10	4
100087810	163393990	0	null	8432	2014-12-08 20	1
100087810	217712429	0	null	13038	2014-11-18 11	1
100087810	55697367	0	null	7032	2014-12-10 00	1
100087810	211199041	0	null	8432	2014-11-18 10	1
100087810	357397166	0	null	12630	2014-11-18 10	1
100087810	88063324	0	null	784	2014-12-10 00	2
100087810	88063324	0	null	784	2014-12-10 00	2
100087810	284098527	0	null	5600	2014-12-08 01	3
100087810	284098527	0	null	5600	2014-12-08 01	3
100087810	284098527	0	null	5600	2014-12-08 01	3
100087810	9997465	0	null	7440	2014-12-12 11	3
100087810	9997465	0	null	7440	2014-12-12 11	3
100087810	9997465	0	null	7440	2014-12-12 11	3
100087810	110902802	0	null	13186	2014-12-08 01	4
100087810	110902802	0	null	13186	2014-12-08 01	4
100087810	110902802	0	null	13186	2014-12-08 01	4
100087810	110902802	0	null	13186	2014-12-08 01	4
100087810	180315766	0	null	7297	2014-11-18 11	1
100087810	194185957	0	null	13186	2014-12-08 01	3
100087810	194185957	0	null	13186	2014-12-08 12	3
100087810	194185957	0	null	13186	2014-12-08 12	3
100087810	44587072	0	null	784	2014-12-10 00	1
100087810	293032766	0	null	9518	2014-12-08 01	3
100087810	293032766	0	null	9518	2014-12-08 01	3
100087810	293032766	0	null	9518	2014-12-08 01	3
100087810	350848545	0	null	13664	2014-12-12 11	2
100087810	350848545	0	null	13664	2014-12-12 11	2
100087810	321809149	0	null	12630	2014-11-18 11	1
100087810	258283916	0	null	6000	2014-11-22 12	1
100087810	46878789	0	null	12630	2014-11-18 11	1
100087810	64751730	0	null	10121	2014-12-01 22	2
100087810	64751730	0	null	10121	2014-12-01 22	2
100087810	279142590	0	null	12630	2014-11-18 11	1
100087810	326351546	0	null	10590	2014-11-18 11	1
100087810	243241555	0	null	11916	2014-12-12 00	1
100087810	271440899	0	null	13041	2014-11-18 10	3
100087810	271440899	0	null	13041	2014-11-18 10	3
100087810	271440899	0	null	13041	2014-11-18 10	3
100087810	291702400	0	null	3628	2014-12-02 23	3
100087810	291702400	0	null	3628	2014-12-02 23	3
100087810	291702400	0	null	3628	2014-12-02 23	3
100087810	56501180	0	null	603	2014-12-08 13	8
100087810	56501180	0	null	603	2014-12-08 12	8
100087810	56501180	0	null	603	2014-12-08 12	8
100087810	56501180	0	null	603	2014-12-08 13	8
100087810	56501180	0	null	603	2014-12-08 12	8
100087810	56501180	0	null	603	2014-12-08 12	8
100087810	56501180	0	null	603	2014-12-08 12	8
100087810	56501180	0	null	603	2014-12-08 12	8
100087810	307863847	0	null	5558	2014-11-18 10	1
100087810	154561175	0	null	8432	2014-12-16 11	3
100087810	154561175	0	null	8432	2014-12-16 11	3
100087810	154561175	0	null	8432	2014-12-16 11	3
100087810	58044854	0	null	13038	2014-11-18 11	3
100087810	58044854	0	null	13038	2014-11-18 11	3
100087810	58044854	0	null	13038	2014-11-27 15	3
100087810	265447211	0	null	784	2014-12-10 00	1
100087810	398025587	0	null	13269	2014-12-16 11	3
100087810	398025587	0	null	13269	2014-12-16 11	3
100087810	398025587	0	null	13269	2014-12-16 11	3
100087810	320496712	0	null	8432	2014-12-08 20	3
100087810	320496712	0	null	8432	2014-11-29 14	3
100087810	320496712	0	null	8432	2014-11-29 14	3
100087810	272178785	0	null	2702	2014-12-08 12	4
100087810	272178785	0	null	2702	2014-12-08 12	4
100087810	272178785	0	null	2702	2014-12-08 12	4
100087810	272178785	0	null	2702	2014-12-08 12	4
100087810	454710	0	null	11482	2014-12-08 01	1
100087810	294413202	0	null	8432	2014-12-08 20	1
100087810	340053587	0	null	7297	2014-11-18 11	1
100087810	263510504	0	null	11652	2014-11-29 14	1
100087810	209265585	0	null	11916	2014-12-12 00	2
100087810	209265585	0	null	11916	2014-12-12 00	2
100087810	216271153	0	null	13041	2014-11-18 11	1
100087810	324319612	0	null	4076	2014-12-15 22	2
100087810	324319612	0	null	4076	2014-12-15 22	2
100087810	90929144	0	null	8432	2014-11-18 10	1
100087810	242890882	0	null	8300	2014-12-16 11	2
100087810	242890882	0	null	8300	2014-12-16 11	2
100087810	119250207	0	null	1518	2014-12-16 11	4
100087810	119250207	0	null	1518	2014-12-16 11	4
100087810	119250207	0	null	1518	2014-12-16 11	4
100087810	119250207	0	null	1518	2014-12-16 11	4
100087810	350215063	0	null	6000	2014-11-22 12	1
100087810	381649990	0	null	6000	2014-12-16 11	2
100087810	381649990	0	null	6000	2014-12-16 11	2
100087810	173970332	0	null	3628	2014-12-02 23	3
100087810	173970332	0	null	3628	2014-12-02 23	3
100087810	173970332	0	null	3628	2014-12-02 23	3
100087810	230421992	0	null	8432	2014-11-29 14	1
100087810	260023655	0	null	784	2014-12-10 00	1
100087810	313439490	0	null	1144	2014-12-12 00	1
100087810	2661960	0	null	8877	2014-12-16 11	3
100087810	2661960	0	null	8877	2014-12-16 11	3
100087810	2661960	0	null	8877	2014-12-16 11	3
100087810	69405798	0	null	603	2014-12-08 14	1
100087810	294743359	0	null	3631	2014-12-08 12	1
100087810	232129608	0	null	7440	2014-12-11 19	5
100087810	232129608	0	null	7440	2014-12-16 11	5
100087810	232129608	0	null	7440	2014-12-16 11	5
100087810	232129608	0	null	7440	2014-12-16 11	5
100087810	232129608	0	null	7440	2014-12-11 19	5
100087810	27205399	0	null	7032	2014-12-10 00	1
100087810	111556926	0	null	8432	2014-12-16 11	1
100087810	207926595	0	null	8300	2014-11-29 14	1
100087810	74098818	0	null	784	2014-12-10 00	1
100087810	114004323	0	null	8432	2014-11-18 10	1
100087810	198970422	0	null	1518	2014-11-22 11	1
100087810	175495413	0	null	603	2014-12-08 12	1
100087810	212925240	0	null	8300	2014-12-16 11	2
100087810	212925240	0	null	8300	2014-12-16 11	2
100087810	149798879	0	null	11981	2014-11-25 11	2
100087810	149798879	0	null	11981	2014-11-25 11	2
100087810	120276949	0	null	7032	2014-12-10 00	1
100087810	158521222	0	null	6000	2014-12-16 11	3
100087810	158521222	0	null	6000	2014-12-16 11	3
100087810	158521222	0	null	6000	2014-12-16 11	3
100087810	151346396	0	null	784	2014-12-10 00	1
100087810	143543195	0	null	6000	2014-12-16 11	2
100087810	143543195	0	null	6000	2014-12-16 11	2
100087810	234237282	0	null	10121	2014-12-02 00	9
100087810	234237282	0	null	10121	2014-12-01 22	9
100087810	234237282	0	null	10121	2014-12-05 11	9
100087810	234237282	0	null	10121	2014-12-01 22	9
100087810	234237282	0	null	10121	2014-12-02 00	9
100087810	234237282	0	null	10121	2014-12-05 11	9
100087810	234237282	0	null	10121	2014-12-02 00	9
100087810	234237282	0	null	10121	2014-12-02 00	9
100087810	234237282	0	null	10121	2014-12-05 11	9
100087810	316435925	0	null	7032	2014-12-10 00	1
100087810	8466225	0	null	603	2014-12-08 13	1
100087810	5638046	0	null	12630	2014-11-18 11	1
100087810	34866482	0	null	8300	2014-12-16 11	2
100087810	34866482	0	null	8300	2014-12-16 11	2
100087810	39051589	0	null	7440	2014-11-18 11	1
100087810	168856516	0	null	6000	2014-12-14 10	4
100087810	168856516	0	null	6000	2014-12-14 10	4
100087810	168856516	0	null	6000	2014-12-14 10	4
100087810	168856516	0	null	6000	2014-12-14 10	4
100087810	20134618	0	null	784	2014-12-10 00	1
100087810	278508443	0	null	606	2014-12-08 01	3
100087810	278508443	0	null	606	2014-12-08 01	3
100087810	278508443	0	null	606	2014-12-08 01	3
100087810	321653079	0	null	5894	2014-12-14 10	1
100087810	60968590	0	null	13681	2014-12-08 14	1
100087810	152985000	0	null	5114	2014-11-28 20	3
100087810	152985000	0	null	5114	2014-11-28 20	3
100087810	152985000	0	null	5114	2014-11-28 20	3
100087810	229116094	0	null	784	2014-12-10 00	3
100087810	229116094	0	null	784	2014-12-10 00	3
100087810	229116094	0	null	784	2014-12-10 00	3
100087810	40357359	0	null	8432	2014-12-08 20	1
100087810	385816131	0	null	13186	2014-12-08 01	3
100087810	385816131	0	null	13186	2014-12-08 01	3
100087810	385816131	0	null	13186	2014-12-08 01	3
100087810	163965100	0	null	784	2014-12-10 00	1
100087810	40001665	0	null	6000	2014-12-14 10	1
100087810	140674164	0	null	12630	2014-11-18 11	2
100087810	140674164	0	null	12630	2014-11-18 11	2
100087810	259995780	0	null	9457	2014-12-03 10	2
100087810	259995780	0	null	9457	2014-12-03 10	2
100087810	91364958	0	null	6000	2014-11-22 11	1
100087810	54580903	0	null	6516	2014-12-16 11	3
100087810	54580903	0	null	6516	2014-12-16 11	3
100087810	54580903	0	null	6516	2014-12-16 11	3
100087810	330236602	0	null	7890	2014-12-08 13	5
100087810	330236602	0	null	7890	2014-12-08 13	5
100087810	330236602	0	null	7890	2014-12-08 13	5
100087810	330236602	0	null	7890	2014-12-08 13	5
100087810	330236602	0	null	7890	2014-12-08 13	5
100087810	103551493	0	null	8300	2014-12-16 11	2
100087810	103551493	0	null	8300	2014-12-16 11	2
100087810	246989442	0	null	2414	2014-11-27 14	1
100087810	377740443	0	null	7898	2014-12-16 11	2
100087810	377740443	0	null	7898	2014-12-16 11	2
100087810	393477792	0	null	6000	2014-12-12 11	2
100087810	393477792	0	null	6000	2014-12-12 11	2
100087810	302864050	0	null	4076	2014-11-25 11	2
100087810	302864050	0	null	4076	2014-11-25 11	2
100087810	63378995	0	null	13038	2014-11-27 15	1
100087810	368480231	0	null	784	2014-12-10 00	1
100087810	373825214	0	null	6000	2014-11-22 12	2
100087810	373825214	0	null	6000	2014-11-22 12	2
100087810	328923774	0	null	12294	2014-11-25 11	1
100087810	366079976	0	null	3628	2014-12-02 23	1
100087810	110807748	0	null	8432	2014-12-08 20	1
100087810	122604288	0	null	603	2014-12-08 13	2
100087810	122604288	0	null	603	2014-12-08 13	2
100087810	47975013	0	null	13186	2014-12-08 01	3
100087810	47975013	0	null	13186	2014-12-08 01	3
100087810	47975013	0	null	13186	2014-12-08 01	3
100087810	170060488	0	null	4076	2014-12-15 22	1
100087810	256702620	0	null	7440	2014-12-12 11	2
100087810	256702620	0	null	7440	2014-12-12 11	2
100087810	367522890	0	null	6000	2014-11-22 11	2
100087810	367522890	0	null	6000	2014-11-22 12	2
100087810	245420091	0	null	603	2014-12-08 13	1
100087810	826843	0	null	13038	2014-11-18 11	4
100087810	826843	0	null	13038	2014-11-18 11	4
100087810	826843	0	null	13038	2014-11-27 15	4
100087810	826843	0	null	13038	2014-11-18 11	4
100087810	60657481	0	null	8432	2014-11-18 10	3
100087810	60657481	0	null	8432	2014-11-18 10	3
100087810	60657481	0	null	8432	2014-11-18 10	3
100087810	356231572	0	null	8664	2014-11-18 11	1
100087810	50169708	0	null	13038	2014-11-18 11	2
100087810	50169708	0	null	13038	2014-11-18 12	2
100087810	159871980	0	null	8432	2014-11-18 10	1
100087810	362740916	0	null	8432	2014-12-08 20	3
100087810	362740916	0	null	8432	2014-12-08 20	3
100087810	362740916	0	null	8432	2014-12-08 20	3
100087810	242001622	0	null	6643	2014-11-18 11	1
100087810	335313728	0	null	11616	2014-12-08 01	3
100087810	335313728	0	null	11616	2014-12-08 01	3
100087810	335313728	0	null	11616	2014-12-08 01	3
100087810	298151004	0	null	8432	2014-12-08 20	1
100087810	259721965	0	null	603	2014-12-08 01	1
100087810	387117960	0	null	7032	2014-12-10 00	1
100087810	142057641	0	null	603	2014-12-08 14	1
100087810	133639997	0	null	5649	2014-12-08 12	1
100087810	17186814	0	null	8432	2014-11-18 10	3
100087810	17186814	0	null	8432	2014-11-18 10	3
100087810	17186814	0	null	8432	2014-11-18 10	3
100087810	65190701	0	null	9833	2014-11-25 11	1
100087810	270151978	0	null	603	2014-12-08 01	3
100087810	270151978	0	null	603	2014-12-08 01	3
100087810	270151978	0	null	603	2014-12-08 01	3
100087810	41674679	0	null	5558	2014-11-18 10	1
100087810	190207214	0	null	5600	2014-12-08 01	3
100087810	190207214	0	null	5600	2014-12-08 01	3
100087810	190207214	0	null	5600	2014-12-08 01	3
100087810	347715037	0	null	8725	2014-11-28 00	1
100087810	79187755	0	null	9518	2014-12-17 04	3
100087810	79187755	0	null	9518	2014-12-17 04	3
100087810	79187755	0	null	9518	2014-12-17 04	3
100087810	390012929	0	null	11	2014-12-14 10	4
100087810	390012929	0	null	11	2014-12-14 10	4
100087810	390012929	0	null	11	2014-12-14 10	4
100087810	390012929	0	null	11	2014-12-14 10	4
100087810	69140601	0	null	5454	2014-12-08 14	2
100087810	69140601	0	null	5454	2014-12-08 14	2
100087810	90699471	0	null	7440	2014-11-18 11	1
