10001082	390967964	0	null	9762	2014-12-02 15	1
10001082	4368907	0	null	5503	2014-12-12 12	2
10001082	4368907	0	null	5503	2014-12-12 12	2
10001082	330054146	0	null	6513	2014-12-12 12	3
10001082	330054146	0	null	6513	2014-12-12 12	3
10001082	330054146	0	null	6513	2014-12-12 12	3
10001082	110790001	0	null	13230	2014-12-14 16	1
10001082	222375145	0	95qobv6	5503	2014-12-12 11	2
10001082	222375145	0	95qob1m	5503	2014-12-12 11	2
10001082	320768911	0	null	2825	2014-11-28 20	2
10001082	320768911	0	null	2825	2014-11-28 20	2
10001082	4850770	0	95qobtt	2825	2014-12-12 11	2
10001082	4850770	0	95qob1w	2825	2014-12-12 11	2
10001082	290088061	0	null	5503	2014-12-12 12	2
10001082	290088061	0	null	5503	2014-12-12 12	2
10001082	90957005	0	null	6000	2014-12-10 13	2
10001082	90957005	0	null	6000	2014-12-10 13	2
10001082	336390925	0	null	2825	2014-12-14 16	3
10001082	336390925	0	null	2825	2014-12-14 16	3
10001082	336390925	0	null	2825	2014-12-14 16	3
10001082	296378545	0	null	6669	2014-12-02 12	4
10001082	296378545	0	null	6669	2014-12-02 12	4
10001082	296378545	0	null	6669	2014-12-02 12	4
10001082	296378545	0	null	6669	2014-12-02 12	4
10001082	117708332	0	97lk157	5176	2014-12-08 18	4
10001082	117708332	0	97lk15h	5176	2014-12-08 19	4
10001082	117708332	0	97lk15o	5176	2014-12-08 19	4
10001082	117708332	0	97lk14l	5176	2014-12-08 18	4
10001082	220586551	0	null	7079	2014-12-14 03	4
10001082	220586551	0	null	7079	2014-12-14 03	4
10001082	220586551	0	null	7079	2014-12-14 03	4
10001082	220586551	0	null	7079	2014-12-14 03	4
10001082	266188611	0	null	10223	2014-11-20 19	7
10001082	266188611	0	null	10223	2014-11-20 19	7
10001082	266188611	0	null	10223	2014-11-20 19	7
10001082	266188611	0	null	10223	2014-11-20 19	7
10001082	266188611	0	null	10223	2014-11-20 19	7
10001082	266188611	0	null	10223	2014-11-21 10	7
10001082	266188611	0	null	10223	2014-11-21 10	7
10001082	347100924	0	null	2825	2014-12-12 12	2
10001082	347100924	0	null	2825	2014-12-12 12	2
10001082	148581898	0	95qdun9	7229	2014-11-24 17	1
10001082	285259775	0	97lk14c	4076	2014-12-08 18	1
10001082	140348952	0	null	5232	2014-12-12 12	3
10001082	140348952	0	null	5232	2014-12-12 12	3
10001082	140348952	0	null	5232	2014-12-12 12	3
10001082	19329827	0	null	12097	2014-12-02 15	1
10001082	362845104	0	97lk15v	5176	2014-12-08 18	3
10001082	362845104	0	null	5176	2014-12-13 14	3
10001082	362845104	0	null	5176	2014-12-13 14	3
10001082	262470188	0	null	5176	2014-12-13 14	4
10001082	262470188	0	null	5176	2014-12-13 14	4
10001082	262470188	0	null	5176	2014-12-13 14	4
10001082	262470188	0	97lk15n	5176	2014-12-08 18	4
10001082	285434204	0	null	5232	2014-12-12 11	1
10001082	51504729	0	null	2825	2014-11-28 20	1
10001082	266563343	0	95qobus	5232	2014-12-12 11	1
10001082	195429067	0	null	10576	2014-11-20 21	3
10001082	195429067	0	null	10576	2014-11-20 21	3
10001082	195429067	0	null	10576	2014-11-20 21	3
10001082	275221686	0	null	10576	2014-12-03 01	31
10001082	275221686	0	null	10576	2014-12-13 14	31
10001082	275221686	0	null	10576	2014-12-08 07	31
10001082	275221686	0	null	10576	2014-12-08 07	31
10001082	275221686	0	null	10576	2014-12-08 00	31
10001082	275221686	0	null	10576	2014-12-17 05	31
10001082	275221686	0	null	10576	2014-12-13 14	31
10001082	275221686	0	null	10576	2014-12-13 14	31
10001082	275221686	0	null	10576	2014-12-14 16	31
10001082	275221686	0	null	10576	2014-12-02 22	31
10001082	275221686	0	null	10576	2014-12-03 01	31
10001082	275221686	0	null	10576	2014-12-03 01	31
10001082	275221686	0	null	10576	2014-12-08 00	31
10001082	275221686	0	null	10576	2014-12-13 14	31
10001082	275221686	0	null	10576	2014-12-02 22	31
10001082	275221686	0	null	10576	2014-12-17 05	31
10001082	275221686	0	95qogn9	10576	2014-12-07 23	31
10001082	275221686	0	95qogns	10576	2014-12-15 08	31
10001082	275221686	0	null	10576	2014-12-02 22	31
10001082	275221686	0	null	10576	2014-12-02 22	31
10001082	275221686	0	null	10576	2014-12-08 00	31
10001082	275221686	0	null	10576	2014-12-13 14	31
10001082	275221686	0	95qog2h	10576	2014-12-07 23	31
10001082	275221686	0	null	10576	2014-12-13 14	31
10001082	275221686	0	95qog20	10576	2014-12-15 08	31
10001082	275221686	0	null	10576	2014-12-03 01	31
10001082	275221686	0	95qog7o	10576	2014-12-07 23	31
10001082	275221686	0	null	10576	2014-12-13 14	31
10001082	275221686	0	null	10576	2014-12-14 16	31
10001082	275221686	0	null	10576	2014-12-13 14	31
10001082	275221686	0	null	10576	2014-12-08 00	31
10001082	222605647	0	null	5176	2014-12-13 14	1
10001082	150720867	0	95qoghe	3200	2014-12-15 08	1
10001082	188586750	0	95qobcf	12147	2014-12-17 18	1
10001082	223569678	0	null	5653	2014-12-12 12	2
10001082	223569678	0	null	5653	2014-12-12 12	2
10001082	50228869	0	null	10576	2014-12-08 07	1
10001082	167022568	0	null	10576	2014-11-20 21	1
10001082	209290607	0	null	5894	2014-12-14 16	1
10001082	251461861	0	null	5176	2014-12-13 14	1
10001082	29558680	0	95qob0m	5232	2014-12-12 11	3
10001082	29558680	0	95qobsg	5232	2014-12-12 11	3
10001082	29558680	0	95qobv6	5232	2014-12-12 11	3
10001082	22667958	0	95qogn4	10523	2014-12-15 08	3
10001082	22667958	0	95qog7e	10523	2014-12-15 08	3
10001082	22667958	0	95qog20	10523	2014-12-15 08	3
10001082	62687596	0	null	6000	2014-12-10 13	2
10001082	62687596	0	null	6000	2014-12-10 13	2
10001082	298397524	0	null	10894	2014-12-12 12	3
10001082	298397524	0	null	10894	2014-12-12 12	3
10001082	298397524	0	null	10894	2014-12-12 12	3
10001082	216415944	0	null	5176	2014-12-13 14	3
10001082	216415944	0	null	5176	2014-12-13 14	3
10001082	216415944	0	null	5176	2014-12-13 14	3
10001082	327034531	0	null	5894	2014-12-12 12	2
10001082	327034531	0	null	5894	2014-12-12 12	2
10001082	21836842	0	null	10576	2014-11-20 21	1
10001082	85851739	0	null	2825	2014-12-14 16	4
10001082	85851739	0	null	2825	2014-12-14 16	4
10001082	85851739	0	null	2825	2014-12-14 16	4
10001082	85851739	0	null	2825	2014-12-14 16	4
10001082	357831551	0	95qobsa	5232	2014-12-12 11	1
10001082	217271315	0	null	6000	2014-12-10 13	1
10001082	336123896	0	null	5232	2014-12-12 11	1
10001082	396795886	0	null	2825	2014-12-12 12	3
10001082	396795886	0	null	2825	2014-12-12 12	3
10001082	396795886	0	null	2825	2014-12-12 12	3
10001082	212028630	0	95qobv6	5232	2014-12-12 11	1
10001082	82238041	0	null	2825	2014-12-12 12	4
10001082	82238041	0	null	2825	2014-12-12 12	4
10001082	82238041	0	null	2825	2014-12-12 12	4
10001082	82238041	0	null	2825	2014-12-12 12	4
10001082	225520260	0	null	6513	2014-12-12 12	2
10001082	225520260	0	null	6513	2014-12-12 12	2
10001082	282931871	0	null	6000	2014-12-10 13	3
10001082	282931871	0	null	6000	2014-12-10 13	3
10001082	282931871	0	null	6000	2014-12-10 13	3
10001082	6862367	0	null	5894	2014-12-14 16	1
10001082	262112219	0	null	9614	2014-11-22 12	2
10001082	262112219	0	null	9614	2014-11-22 12	2
10001082	308491389	0	null	5176	2014-12-13 14	1
10001082	236453039	0	null	10576	2014-12-08 07	3
10001082	236453039	0	null	10576	2014-12-08 07	3
10001082	236453039	0	null	10576	2014-12-08 07	3
10001082	345696502	0	null	5027	2014-12-14 16	1
10001082	141312432	0	null	12097	2014-12-02 16	2
10001082	141312432	0	null	12097	2014-12-02 16	2
10001082	120438507	0	null	6669	2014-12-02 15	3
10001082	120438507	0	null	6669	2014-12-02 12	3
10001082	120438507	0	null	6669	2014-12-02 12	3
10001082	165292036	0	null	4370	2014-11-28 20	1
10001082	265860266	0	null	9614	2014-11-22 12	1
10001082	170596596	0	null	10894	2014-12-12 11	1
10001082	323339743	0	null	10894	2014-12-12 12	3
10001082	323339743	0	null	10894	2014-12-12 12	3
10001082	323339743	0	null	10894	2014-12-12 12	3
10001082	17500214	0	null	6000	2014-12-10 13	2
10001082	17500214	0	null	6000	2014-12-10 13	2
10001082	282816229	0	null	9666	2014-12-14 03	1
10001082	175913774	0	null	5232	2014-12-12 11	1
10001082	73655468	0	null	10576	2014-11-20 21	1
10001082	260610400	0	null	6513	2014-12-12 12	2
10001082	260610400	0	null	6513	2014-12-12 12	2
10001082	184299215	0	95qobsg	5232	2014-12-12 11	3
10001082	184299215	0	95qobu1	5232	2014-12-12 11	3
10001082	184299215	0	95qob1l	5232	2014-12-12 11	3
10001082	278017344	0	null	5334	2014-12-14 03	1
10001082	200101228	0	null	6513	2014-11-28 20	1
10001082	45258196	0	null	5894	2014-12-12 12	4
10001082	45258196	0	null	5894	2014-12-12 12	4
10001082	45258196	0	null	5894	2014-12-12 12	4
10001082	45258196	0	null	5894	2014-12-12 12	4
10001082	133020432	0	95qog2a	3200	2014-12-15 08	1
10001082	65240306	0	null	5232	2014-12-12 12	1
10001082	326973863	0	null	10576	2014-12-02 22	3
10001082	326973863	0	null	10576	2014-12-02 22	3
10001082	326973863	0	null	10576	2014-12-02 22	3
10001082	125083630	0	null	4722	2014-12-14 03	1
10001082	97441652	0	null	10576	2014-11-20 21	1
10001082	350227769	0	null	9762	2014-12-02 12	1
10001082	360052979	0	null	5894	2014-12-12 12	3
10001082	360052979	0	null	5894	2014-12-12 12	3
10001082	360052979	0	null	5894	2014-12-12 12	3
10001082	288179656	0	null	10576	2014-12-02 22	1
10001082	302705570	0	null	10894	2014-12-12 12	3
10001082	302705570	0	null	10894	2014-12-12 12	3
10001082	302705570	0	null	10894	2014-12-12 12	3
10001082	53616768	0	null	9762	2014-12-02 15	6
10001082	53616768	0	null	9762	2014-12-02 15	6
10001082	53616768	0	null	9762	2014-12-02 12	6
10001082	53616768	0	null	9762	2014-12-02 22	6
10001082	53616768	0	null	9762	2014-12-02 22	6
10001082	53616768	0	null	9762	2014-12-02 15	6
10001082	9947871	0	null	2825	2014-11-28 20	1
10001082	582649	0	95qobbk	12147	2014-12-17 18	1
10001082	32104252	0	null	6513	2014-12-12 12	3
10001082	32104252	0	null	6513	2014-12-12 12	3
10001082	32104252	0	null	6513	2014-12-12 12	3
10001082	151466952	0	null	5232	2014-12-12 11	3
10001082	151466952	0	null	5232	2014-12-12 11	3
10001082	151466952	0	null	5232	2014-12-12 11	3
10001082	232845457	0	null	6000	2014-12-10 13	2
10001082	232845457	0	null	6000	2014-12-10 13	2
10001082	148776642	0	null	6255	2014-12-12 12	2
10001082	148776642	0	null	6255	2014-12-12 12	2
10001082	377161387	0	95qognc	1863	2014-12-15 08	2
10001082	377161387	0	95qognr	1863	2014-12-15 08	2
10001082	115464321	0	null	6000	2014-12-10 13	3
10001082	115464321	0	null	6000	2014-12-10 13	3
10001082	115464321	0	null	6000	2014-12-10 13	3
10001082	399970059	0	null	5027	2014-12-14 16	1
