10009860	77877729	0	null	8541	2014-11-30 12	2
10009860	77877729	0	null	8541	2014-11-30 12	2
10009860	9855881	0	null	939	2014-12-12 07	2
10009860	9855881	0	null	939	2014-12-12 07	2
10009860	56507984	0	null	6344	2014-12-12 16	2
10009860	56507984	0	null	6344	2014-12-12 16	2
10009860	44339026	0	null	3081	2014-12-08 13	2
10009860	44339026	0	null	3081	2014-12-08 13	2
10009860	33161127	0	956962i	9847	2014-12-06 17	1
10009860	59725341	0	null	5399	2014-12-12 14	2
10009860	59725341	0	null	5399	2014-12-12 14	2
10009860	176352419	0	null	9310	2014-11-25 03	2
10009860	176352419	0	null	9310	2014-11-25 03	2
10009860	339605524	0	null	7035	2014-12-12 08	2
10009860	339605524	0	null	7035	2014-12-12 08	2
10009860	193369253	0	null	939	2014-12-12 07	2
10009860	193369253	0	null	939	2014-12-12 07	2
10009860	112186838	0	null	674	2014-11-22 22	2
10009860	112186838	0	null	674	2014-11-23 16	2
10009860	310411889	0	956962p	2252	2014-12-09 21	3
10009860	310411889	0	9569613	2252	2014-12-09 21	3
10009860	310411889	0	956961c	2252	2014-12-09 21	3
10009860	341755735	0	null	11111	2014-12-08 13	1
10009860	125780543	0	null	881	2014-12-15 17	1
10009860	112699830	0	null	8541	2014-12-12 07	2
10009860	112699830	0	null	8541	2014-12-12 07	2
10009860	228483896	0	null	7957	2014-12-15 05	2
10009860	228483896	0	null	7957	2014-12-15 05	2
10009860	274724917	0	null	11652	2014-12-12 13	1
10009860	39978734	0	954fopd	7957	2014-12-15 09	2
10009860	39978734	0	954fos5	7957	2014-12-15 09	2
10009860	377833651	0	956962e	9847	2014-12-05 20	1
10009860	171275858	0	956961u	3381	2014-12-10 17	7
10009860	171275858	0	95696nj	3381	2014-12-10 17	7
10009860	171275858	0	956961c	3381	2014-12-10 17	7
10009860	171275858	0	null	3381	2014-12-12 04	7
10009860	171275858	0	null	3381	2014-12-13 13	7
10009860	171275858	0	null	3381	2014-12-12 04	7
10009860	171275858	0	null	3381	2014-12-13 13	7
10009860	9598349	0	954fmdb	7957	2014-12-15 09	2
10009860	9598349	0	954fosi	7957	2014-12-15 09	2
10009860	140776649	0	null	5399	2014-12-12 14	2
10009860	140776649	0	null	5399	2014-12-12 14	2
10009860	239255816	0	null	9847	2014-11-25 03	1
10009860	215836213	0	95696n9	2252	2014-12-09 21	2
10009860	215836213	0	956961s	2252	2014-12-09 21	2
10009860	17932807	0	null	9847	2014-12-12 08	2
10009860	17932807	0	null	9847	2014-12-12 08	2
10009860	352942991	0	null	5399	2014-12-12 14	1
10009860	117349602	0	9569620	5399	2014-12-14 08	23
10009860	117349602	0	956961f	5399	2014-12-13 20	23
10009860	117349602	0	null	5399	2014-12-12 14	23
10009860	117349602	0	956962k	5399	2014-12-14 08	23
10009860	117349602	0	null	5399	2014-12-16 14	23
10009860	117349602	0	null	5399	2014-12-12 14	23
10009860	117349602	0	null	5399	2014-12-13 13	23
10009860	117349602	0	956961k	5399	2014-12-13 19	23
10009860	117349602	0	null	5399	2014-12-14 13	23
10009860	117349602	0	9569617	5399	2014-12-13 20	23
10009860	117349602	0	null	5399	2014-12-14 13	23
10009860	117349602	0	956962e	5399	2014-12-13 20	23
10009860	117349602	0	9569622	5399	2014-12-13 17	23
10009860	117349602	0	null	5399	2014-12-16 09	23
10009860	117349602	0	null	5399	2014-12-12 14	23
10009860	117349602	0	null	5399	2014-12-15 17	23
10009860	117349602	0	null	5399	2014-12-14 13	23
10009860	117349602	0	null	5399	2014-12-16 14	23
10009860	117349602	0	null	5399	2014-12-15 17	23
10009860	117349602	0	null	5399	2014-12-14 13	23
10009860	117349602	0	956962d	5399	2014-12-13 17	23
10009860	117349602	0	null	5399	2014-12-16 09	23
10009860	117349602	0	null	5399	2014-12-14 13	23
10009860	346385259	0	956962s	8836	2014-12-13 17	1
10009860	83944943	0	null	3275	2014-12-12 07	2
10009860	83944943	0	null	3275	2014-12-12 07	2
10009860	98527518	0	956962k	8373	2014-12-13 17	5
10009860	98527518	0	null	8373	2014-12-14 13	5
10009860	98527518	0	956962v	8373	2014-12-13 17	5
10009860	98527518	0	9569624	8373	2014-12-13 17	5
10009860	98527518	0	956961d	8373	2014-12-13 17	5
10009860	220080991	0	9569629	6945	2014-12-05 20	4
10009860	220080991	0	9569612	6945	2014-12-05 20	4
10009860	220080991	0	956962k	6945	2014-12-05 20	4
10009860	220080991	0	956962c	6945	2014-12-05 20	4
10009860	230998906	0	null	9847	2014-11-25 03	2
10009860	230998906	0	null	9847	2014-11-25 03	2
10009860	386897945	0	95696ng	9847	2014-12-06 20	2
10009860	386897945	0	95696no	9847	2014-12-06 20	2
10009860	161100769	0	null	3006	2014-12-01 09	2
10009860	161100769	0	null	3006	2014-12-02 17	2
10009860	186784097	0	null	5622	2014-12-16 03	2
10009860	186784097	0	null	5622	2014-12-16 03	2
10009860	267865451	0	null	9310	2014-12-07 12	1
10009860	59125595	0	null	8016	2014-12-15 18	1
10009860	178748309	0	null	3381	2014-12-15 05	2
10009860	178748309	0	null	3381	2014-12-15 05	2
10009860	74216765	0	null	6344	2014-12-12 16	2
10009860	74216765	0	null	6344	2014-12-12 16	2
10009860	313362274	0	954fos5	7957	2014-12-15 09	2
10009860	313362274	0	954fo07	7957	2014-12-15 09	2
10009860	204839859	0	null	895	2014-11-25 03	2
10009860	204839859	0	null	895	2014-11-25 03	2
10009860	294754994	0	null	6344	2014-12-12 16	3
10009860	294754994	0	null	6344	2014-12-12 16	3
10009860	294754994	0	null	6344	2014-12-12 16	3
10009860	185970287	0	null	11954	2014-12-09 16	2
10009860	185970287	0	null	11954	2014-12-09 16	2
10009860	26693081	0	null	12693	2014-12-12 08	3
10009860	26693081	0	null	12693	2014-12-12 08	3
10009860	26693081	0	null	12693	2014-12-12 08	3
10009860	288977419	0	null	630	2014-11-24 13	1
10009860	235052399	0	null	7957	2014-12-12 14	1
10009860	32602812	0	954fo0w	7957	2014-12-15 09	2
10009860	32602812	0	954fos6	7957	2014-12-15 09	2
10009860	364391658	0	null	6344	2014-12-12 16	2
10009860	364391658	0	null	6344	2014-12-12 16	2
10009860	180035699	0	null	3275	2014-12-12 07	2
10009860	180035699	0	null	3275	2014-12-12 07	2
10009860	77433368	0	null	11178	2014-12-12 07	2
10009860	77433368	0	null	11178	2014-12-12 07	2
10009860	394221134	0	null	9847	2014-11-25 03	1
10009860	270763596	0	95696ni	3381	2014-12-10 17	2
10009860	270763596	0	956962m	3381	2014-12-10 17	2
10009860	134162632	0	null	5027	2014-12-12 14	1
10009860	106178827	0	null	12837	2014-11-23 16	2
10009860	106178827	0	null	12837	2014-11-23 16	2
10009860	105031918	0	954fo0i	11537	2014-12-13 16	1
10009860	331075175	0	null	5027	2014-12-12 14	2
10009860	331075175	0	null	5027	2014-12-12 14	2
10009860	159673722	0	956961g	12488	2014-12-10 17	2
10009860	159673722	0	956962k	12488	2014-12-10 17	2
10009860	8234333	0	null	12837	2014-11-23 16	1
10009860	374282561	0	954fopf	7957	2014-12-15 09	2
10009860	374282561	0	954fopf	7957	2014-12-15 09	2
10009860	306587014	0	null	9310	2014-12-07 12	1
10009860	47863510	0	null	12008	2014-12-07 10	1
10009860	356063094	0	null	9847	2014-11-25 03	2
10009860	356063094	0	null	9847	2014-11-25 03	2
10009860	315308600	0	null	7452	2014-12-12 13	2
10009860	315308600	0	null	7452	2014-12-12 13	2
10009860	351715879	0	954fmdn	3275	2014-12-08 16	2
10009860	351715879	0	954fosh	3275	2014-12-08 16	2
10009860	389061858	0	null	4636	2014-12-01 09	3
10009860	389061858	0	null	4636	2014-12-01 09	3
10009860	389061858	0	null	4636	2014-12-01 09	3
10009860	158034357	0	null	674	2014-11-22 22	2
10009860	158034357	0	null	674	2014-11-22 22	2
10009860	374816181	0	null	9847	2014-11-25 03	2
10009860	374816181	0	null	9847	2014-11-25 03	2
10009860	307298468	0	null	1863	2014-12-12 07	2
10009860	307298468	0	null	1863	2014-12-12 07	2
10009860	142642905	0	956962q	12008	2014-12-06 17	2
10009860	142642905	0	956962a	12008	2014-12-06 17	2
10009860	40936182	0	null	8541	2014-12-02 18	2
10009860	40936182	0	null	8541	2014-12-02 18	2
10009860	353987216	0	954foqo	7957	2014-12-15 09	2
10009860	353987216	0	954fos6	7957	2014-12-15 09	2
10009860	70686833	0	null	7957	2014-12-15 05	2
10009860	70686833	0	null	7957	2014-12-15 05	2
10009860	312739804	0	null	674	2014-11-23 16	2
10009860	312739804	0	null	674	2014-11-23 16	2
10009860	331630597	0	null	674	2014-12-07 13	1
10009860	261088360	0	956962e	5027	2014-12-10 17	6
10009860	261088360	0	956962b	5027	2014-12-07 19	6
10009860	261088360	0	null	5027	2014-12-12 14	6
10009860	261088360	0	956961v	5027	2014-12-07 19	6
10009860	261088360	0	null	5027	2014-12-12 14	6
10009860	261088360	0	956962a	5027	2014-12-10 17	6
10009860	270051703	0	null	939	2014-12-12 07	2
10009860	270051703	0	null	939	2014-12-12 07	2
10009860	94878876	0	95696cu	9847	2014-12-06 20	6
10009860	94878876	0	956961n	9847	2014-12-06 17	6
10009860	94878876	0	9569622	9847	2014-12-06 20	6
10009860	94878876	0	956961q	9847	2014-12-06 17	6
10009860	94878876	0	956962l	9847	2014-12-06 17	6
10009860	94878876	0	956961b	9847	2014-12-06 17	6
10009860	293860602	0	9569622	9847	2014-12-06 17	2
10009860	293860602	0	956962f	9847	2014-12-06 17	2
10009860	201506051	0	956962o	2252	2014-12-09 21	2
10009860	201506051	0	956962o	2252	2014-12-09 21	2
10009860	104695282	0	956962e	8650	2014-12-11 19	1
10009860	219547327	0	null	5027	2014-12-12 07	2
10009860	219547327	0	null	5027	2014-12-12 07	2
10009860	315642635	0	956961k	9847	2014-12-06 17	2
10009860	315642635	0	956961a	9847	2014-12-06 17	2
10009860	382010096	0	954foqo	7957	2014-12-15 09	1
10009860	117644481	0	null	3275	2014-12-02 17	2
10009860	117644481	0	null	3275	2014-12-02 17	2
10009860	342233428	0	null	10271	2014-12-12 07	2
10009860	342233428	0	null	10271	2014-12-12 07	2
10009860	296971290	0	null	8024	2014-12-02 17	1
10009860	120372210	0	null	3275	2014-12-12 07	2
10009860	120372210	0	null	3275	2014-12-12 07	2
10009860	149981393	0	954fmdc	7957	2014-12-15 09	2
10009860	149981393	0	954fo0p	7957	2014-12-15 09	2
10009860	200022798	0	954fmd0	12488	2014-12-08 16	2
10009860	200022798	0	954foqj	12488	2014-12-08 16	2
10009860	165448640	0	954fosi	7957	2014-12-15 09	2
10009860	165448640	0	954fo0w	7957	2014-12-15 09	2
10009860	239353587	0	null	3628	2014-12-12 07	2
10009860	239353587	0	null	3628	2014-12-12 07	2
10009860	202026462	0	954fo0q	12488	2014-12-08 17	28
10009860	202026462	0	null	12488	2014-12-12 07	28
10009860	202026462	0	null	12488	2014-12-12 13	28
10009860	202026462	0	954foql	12488	2014-12-08 16	28
10009860	202026462	0	9569620	12488	2014-12-10 17	28
10009860	202026462	0	null	12488	2014-12-14 13	28
10009860	202026462	0	9569612	12488	2014-12-08 17	28
10009860	202026462	0	95696nm	12488	2014-12-08 17	28
10009860	202026462	0	null	12488	2014-12-15 17	28
10009860	202026462	0	954fopo	12488	2014-12-08 16	28
10009860	202026462	0	954fopj	12488	2014-12-08 16	28
10009860	202026462	0	null	12488	2014-12-14 18	28
10009860	202026462	0	null	12488	2014-12-12 07	28
10009860	202026462	0	null	12488	2014-12-12 13	28
10009860	202026462	0	9569622	12488	2014-12-10 17	28
10009860	202026462	0	954fopm	12488	2014-12-11 14	28
10009860	202026462	0	null	12488	2014-12-14 18	28
10009860	202026462	0	956962b	12488	2014-12-10 17	28
10009860	202026462	0	null	12488	2014-12-12 07	28
10009860	202026462	0	954fos1	12488	2014-12-08 17	28
10009860	202026462	0	9569622	12488	2014-12-08 18	28
10009860	202026462	0	954fopf	12488	2014-12-11 14	28
10009860	202026462	0	956962f	12488	2014-12-08 17	28
10009860	202026462	0	null	12488	2014-12-14 13	28
10009860	202026462	0	9569621	12488	2014-12-08 17	28
10009860	202026462	0	9569622	12488	2014-12-10 17	28
10009860	202026462	0	null	12488	2014-12-15 17	28
10009860	202026462	0	956962p	12488	2014-12-08 17	28
10009860	232022124	0	null	1863	2014-12-15 05	2
10009860	232022124	0	null	1863	2014-12-15 05	2
10009860	46208042	0	null	6344	2014-12-12 16	10
10009860	46208042	0	null	6344	2014-12-12 16	10
10009860	46208042	0	954fmd3	6344	2014-12-13 12	10
10009860	46208042	0	956961a	6344	2014-12-13 17	10
10009860	46208042	0	null	6344	2014-12-14 13	10
10009860	46208042	0	null	6344	2014-12-14 13	10
10009860	46208042	0	956961l	6344	2014-12-13 17	10
10009860	46208042	0	null	6344	2014-12-13 11	10
10009860	46208042	0	null	6344	2014-12-12 16	10
10009860	46208042	0	null	6344	2014-12-12 16	10
10009860	116100184	0	null	12837	2014-11-23 16	2
10009860	116100184	0	null	12837	2014-11-23 16	2
10009860	126964843	0	null	5027	2014-12-13 13	6
10009860	126964843	0	null	5027	2014-12-12 14	6
10009860	126964843	0	null	5027	2014-12-12 14	6
10009860	126964843	0	null	5027	2014-12-13 13	6
10009860	126964843	0	954fo0p	5027	2014-12-13 12	6
10009860	126964843	0	null	5027	2014-12-12 14	6
10009860	310991884	0	null	4636	2014-12-01 09	2
10009860	310991884	0	null	4636	2014-12-01 09	2
10009860	387969672	0	null	9310	2014-12-07 12	2
10009860	387969672	0	null	9310	2014-12-07 12	2
10009860	48881781	0	null	7957	2014-12-15 05	22
10009860	48881781	0	954fo04	7957	2014-12-15 09	22
10009860	48881781	0	954fos7	7957	2014-12-15 10	22
10009860	48881781	0	954fopd	7957	2014-12-15 10	22
10009860	48881781	0	954fosv	7957	2014-12-15 10	22
10009860	48881781	0	null	7957	2014-12-16 09	22
10009860	48881781	0	954fmdc	7957	2014-12-15 09	22
10009860	48881781	0	null	7957	2014-12-15 05	22
10009860	48881781	0	null	7957	2014-12-16 09	22
10009860	48881781	0	954fosk	7957	2014-12-15 10	22
10009860	48881781	0	954fosb	7957	2014-12-15 10	22
10009860	48881781	0	954fo09	7957	2014-12-15 09	22
10009860	48881781	0	954fopm	7957	2014-12-15 10	22
10009860	48881781	0	null	7957	2014-12-15 05	22
10009860	48881781	0	954fopm	7957	2014-12-15 10	22
10009860	48881781	0	954fo0i	7957	2014-12-15 10	22
10009860	48881781	0	954fosc	7957	2014-12-15 10	22
10009860	48881781	0	954fo0i	7957	2014-12-15 09	22
10009860	48881781	0	954fopm	7957	2014-12-15 09	22
10009860	48881781	0	954fosk	7957	2014-12-15 09	22
10009860	48881781	0	954foqo	7957	2014-12-15 10	22
10009860	48881781	0	954fost	7957	2014-12-15 10	22
10009860	346304060	0	null	674	2014-12-07 13	1
10009860	120269905	0	null	1863	2014-12-12 07	2
10009860	120269905	0	null	1863	2014-12-12 07	2
10009860	14542362	0	95696nh	9847	2014-12-06 20	1
