100076491	226792876	0	null	9835	2014-12-15 23	2
100076491	226792876	0	null	9835	2014-12-15 23	2
100076491	299340962	0	null	13230	2014-11-25 14	1
100076491	854292	0	null	5232	2014-11-23 23	3
100076491	854292	0	null	5232	2014-11-23 23	3
100076491	854292	0	null	5232	2014-11-23 23	3
100076491	120382757	0	null	5395	2014-12-09 12	3
100076491	120382757	0	null	5395	2014-12-09 12	3
100076491	120382757	0	null	5395	2014-12-09 12	3
100076491	331563625	0	null	2953	2014-12-09 11	1
100076491	95129380	0	null	5395	2014-12-09 12	1
100076491	392956414	0	null	10135	2014-11-20 12	4
100076491	392956414	0	null	10135	2014-11-20 12	4
100076491	392956414	0	null	10135	2014-11-20 12	4
100076491	392956414	0	null	10135	2014-11-20 12	4
100076491	83165205	0	null	6648	2014-12-04 15	1
100076491	51366529	0	null	1863	2014-11-26 23	3
100076491	51366529	0	null	1863	2014-11-26 23	3
100076491	51366529	0	null	1863	2014-11-26 23	3
100076491	178937405	0	null	5232	2014-12-09 20	1
100076491	191979511	0	null	4370	2014-12-06 21	2
100076491	191979511	0	null	4370	2014-12-06 21	2
100076491	58611085	0	null	1863	2014-11-26 23	3
100076491	58611085	0	null	1863	2014-11-26 23	3
100076491	58611085	0	null	1863	2014-11-26 23	3
100076491	311433807	0	null	6648	2014-12-04 15	1
100076491	343648891	0	null	2953	2014-12-15 23	2
100076491	343648891	0	null	2953	2014-12-15 23	2
100076491	135271876	0	null	6054	2014-12-04 20	1
100076491	72577897	0	null	6648	2014-12-01 15	4
100076491	72577897	0	null	6648	2014-12-01 15	4
100076491	72577897	0	null	6648	2014-12-01 15	4
100076491	72577897	0	null	6648	2014-12-01 15	4
100076491	151348418	0	null	5027	2014-12-11 20	1
100076491	220680250	0	null	437	2014-12-16 22	3
100076491	220680250	0	null	437	2014-12-16 22	3
100076491	220680250	0	null	437	2014-12-16 22	3
100076491	131786712	0	null	5232	2014-12-11 20	2
100076491	131786712	0	null	5232	2014-12-11 20	2
100076491	288969499	0	null	6648	2014-12-04 15	4
100076491	288969499	0	null	6648	2014-12-01 15	4
100076491	288969499	0	null	6648	2014-12-04 15	4
100076491	288969499	0	null	6648	2014-12-04 15	4
100076491	7983025	0	null	10533	2014-11-19 19	1
100076491	124741802	0	null	10135	2014-11-20 12	5
100076491	124741802	0	null	10135	2014-11-20 12	5
100076491	124741802	0	null	10135	2014-11-20 12	5
100076491	124741802	0	null	10135	2014-11-20 12	5
100076491	124741802	0	null	10135	2014-11-20 12	5
100076491	351995019	0	null	5027	2014-11-25 14	2
100076491	351995019	0	null	5027	2014-11-25 14	2
100076491	397171682	0	null	6513	2014-12-09 11	1
100076491	24564369	0	null	7167	2014-11-20 12	3
100076491	24564369	0	null	7167	2014-11-20 12	3
100076491	24564369	0	null	7167	2014-11-20 12	3
100076491	273845257	0	null	1863	2014-11-19 19	1
100076491	315239254	0	null	5395	2014-12-09 12	1
100076491	157749659	0	null	8095	2014-11-25 14	1
100076491	157149059	0	null	11279	2014-12-11 20	1
100076491	147289515	0	null	5232	2014-11-26 23	3
100076491	147289515	0	null	5232	2014-11-26 23	3
100076491	147289515	0	null	5232	2014-11-26 23	3
100076491	176771930	0	null	3798	2014-12-07 23	5
100076491	176771930	0	null	3798	2014-12-07 23	5
100076491	176771930	0	null	3798	2014-12-07 23	5
100076491	176771930	0	null	3798	2014-12-07 23	5
100076491	176771930	0	null	3798	2014-12-07 23	5
100076491	12865825	0	null	2953	2014-12-09 23	7
100076491	12865825	0	null	2953	2014-12-09 23	7
100076491	12865825	0	null	2953	2014-12-11 20	7
100076491	12865825	0	null	2953	2014-12-09 23	7
100076491	12865825	0	null	2953	2014-12-11 20	7
100076491	12865825	0	null	2953	2014-12-09 23	7
100076491	12865825	0	null	2953	2014-12-11 20	7
100076491	29792063	0	null	1863	2014-12-15 23	2
100076491	29792063	0	null	1863	2014-12-15 23	2
100076491	43898336	0	null	6648	2014-12-04 15	1
100076491	224967374	0	null	292	2014-11-19 18	2
100076491	224967374	0	null	292	2014-11-19 18	2
100076491	238924178	0	null	11279	2014-11-19 18	3
100076491	238924178	0	null	11279	2014-11-19 18	3
100076491	238924178	0	null	11279	2014-11-19 18	3
100076491	243187427	0	null	3940	2014-11-19 18	2
100076491	243187427	0	null	3940	2014-11-19 18	2
100076491	35797681	0	null	10533	2014-11-25 14	2
100076491	35797681	0	null	10533	2014-11-25 14	2
100076491	322123093	0	null	1863	2014-12-15 23	4
100076491	322123093	0	null	1863	2014-12-18 22	4
100076491	322123093	0	null	1863	2014-12-18 22	4
100076491	322123093	0	null	1863	2014-12-18 22	4
100076491	183442286	0	null	3628	2014-11-26 12	4
100076491	183442286	0	null	3628	2014-11-25 14	4
100076491	183442286	0	null	3628	2014-11-25 14	4
100076491	183442286	0	null	3628	2014-11-25 14	4
100076491	200311996	0	null	6648	2014-12-01 15	3
100076491	200311996	0	null	6648	2014-12-01 15	3
100076491	200311996	0	null	6648	2014-12-01 15	3
100076491	100224483	0	null	11279	2014-11-19 18	1
100076491	197103180	0	null	9397	2014-12-11 20	1
100076491	158750942	0	null	10135	2014-11-20 12	3
100076491	158750942	0	null	10135	2014-11-20 12	3
100076491	158750942	0	null	10135	2014-11-20 12	3
100076491	400147136	0	null	13230	2014-11-20 09	1
100076491	84745713	0	null	9835	2014-11-19 20	1
100076491	243412009	0	null	6648	2014-12-04 15	1
100076491	286297354	0	null	3660	2014-11-19 19	4
100076491	286297354	0	null	3660	2014-11-19 19	4
100076491	286297354	0	null	3660	2014-11-19 19	4
100076491	286297354	0	null	3660	2014-11-19 19	4
100076491	277583825	0	null	9970	2014-12-04 15	3
100076491	277583825	0	null	9970	2014-12-04 15	3
100076491	277583825	0	null	9970	2014-12-04 15	3
100076491	81820466	0	null	5232	2014-11-26 23	3
100076491	81820466	0	null	5232	2014-11-26 23	3
100076491	81820466	0	null	5232	2014-11-26 23	3
100076491	2355674	0	null	5751	2014-11-20 12	3
100076491	2355674	0	null	5751	2014-11-20 12	3
100076491	2355674	0	null	5751	2014-11-20 12	3
100076491	52504250	0	null	1863	2014-12-02 22	10
100076491	52504250	0	null	1863	2014-12-11 20	10
100076491	52504250	0	null	1863	2014-12-02 22	10
100076491	52504250	0	null	1863	2014-12-02 22	10
100076491	52504250	0	null	1863	2014-12-02 22	10
100076491	52504250	0	null	1863	2014-12-11 20	10
100076491	52504250	0	null	1863	2014-12-02 22	10
100076491	52504250	0	null	1863	2014-12-11 20	10
100076491	52504250	0	null	1863	2014-12-02 22	10
100076491	52504250	0	null	1863	2014-12-02 22	10
100076491	258423449	0	null	9835	2014-11-19 20	1
100076491	174106853	0	null	10135	2014-11-20 12	16
100076491	174106853	0	null	10135	2014-11-20 12	16
100076491	174106853	0	null	10135	2014-11-20 12	16
100076491	174106853	0	null	10135	2014-11-20 12	16
100076491	174106853	0	null	10135	2014-11-20 12	16
100076491	174106853	0	null	10135	2014-11-25 14	16
100076491	174106853	0	null	10135	2014-11-20 12	16
100076491	174106853	0	null	10135	2014-11-25 14	16
100076491	174106853	0	null	10135	2014-11-20 12	16
100076491	174106853	0	null	10135	2014-11-20 12	16
100076491	174106853	0	null	10135	2014-11-20 12	16
100076491	174106853	0	null	10135	2014-11-20 12	16
100076491	174106853	0	null	10135	2014-11-20 12	16
100076491	174106853	0	null	10135	2014-11-25 14	16
100076491	174106853	0	null	10135	2014-11-20 12	16
100076491	174106853	0	null	10135	2014-11-25 14	16
100076491	386545234	0	null	2953	2014-12-11 20	5
100076491	386545234	0	null	2953	2014-12-09 23	5
100076491	386545234	0	null	2953	2014-12-09 23	5
100076491	386545234	0	null	2953	2014-12-11 20	5
100076491	386545234	0	null	2953	2014-12-11 20	5
100076491	119876395	0	null	2825	2014-12-09 11	1
100076491	4882750	0	null	6648	2014-12-01 15	1
100076491	218340295	0	null	5395	2014-12-15 23	1
100076491	157654485	0	null	5232	2014-11-25 14	1
100076491	182387614	0	null	6648	2014-12-01 15	3
100076491	182387614	0	null	6648	2014-12-01 15	3
100076491	182387614	0	null	6648	2014-12-01 15	3
100076491	343058689	0	null	2953	2014-12-09 11	6
100076491	343058689	0	null	2953	2014-12-09 11	6
100076491	343058689	0	null	2953	2014-12-09 11	6
100076491	343058689	0	null	2953	2014-12-09 11	6
100076491	343058689	0	null	2953	2014-12-09 11	6
100076491	343058689	0	null	2953	2014-12-09 11	6
100076491	291519708	0	null	6648	2014-12-01 15	1
100076491	312609375	0	null	6648	2014-12-01 15	1
100076491	189364005	0	null	2953	2014-12-09 11	1
100076491	182988159	0	null	1863	2014-12-16 22	1
100076491	162397869	0	null	2953	2014-12-09 11	1
100076491	129094232	0	null	5027	2014-11-25 14	2
100076491	129094232	0	null	5027	2014-11-25 14	2
100076491	58855938	0	null	6648	2014-12-04 15	3
100076491	58855938	0	null	6648	2014-12-04 15	3
100076491	58855938	0	null	6648	2014-12-04 15	3
100076491	201747337	0	null	1674	2014-12-04 15	2
100076491	201747337	0	null	1674	2014-12-04 15	2
100076491	134701051	0	null	5232	2014-11-20 12	4
100076491	134701051	0	null	5232	2014-11-20 12	4
100076491	134701051	0	null	5232	2014-11-20 12	4
100076491	134701051	0	null	5232	2014-11-20 12	4
100076491	165466927	0	null	1863	2014-11-23 23	1
100076491	372588365	0	null	1863	2014-11-29 22	2
100076491	372588365	0	null	1863	2014-11-29 22	2
100076491	33880058	0	null	2825	2014-12-09 11	3
100076491	33880058	0	null	2825	2014-12-09 11	3
100076491	33880058	0	null	2825	2014-12-09 11	3
100076491	104871610	0	null	6648	2014-12-01 15	1
100076491	207955353	0	null	2953	2014-12-09 23	1
100076491	312577482	0	null	2825	2014-12-09 11	3
100076491	312577482	0	null	2825	2014-12-09 11	3
100076491	312577482	0	null	2825	2014-12-09 11	3
100076491	144138196	0	null	5232	2014-12-09 20	1
100076491	248273866	0	null	3940	2014-12-15 23	2
100076491	248273866	0	null	3940	2014-12-15 23	2
100076491	156353029	0	null	11652	2014-12-01 16	1
100076491	231945200	0	null	5395	2014-11-19 19	1
100076491	199325751	0	null	11652	2014-11-25 14	7
100076491	199325751	0	null	11652	2014-11-19 19	7
100076491	199325751	0	null	11652	2014-11-21 12	7
100076491	199325751	0	null	11652	2014-11-21 12	7
100076491	199325751	0	null	11652	2014-11-19 19	7
100076491	199325751	0	null	11652	2014-11-21 12	7
100076491	199325751	0	null	11652	2014-11-25 14	7
100076491	12830818	0	null	6648	2014-12-01 15	1
100076491	290274305	0	null	5232	2014-11-26 23	1
100076491	395913318	0	null	5395	2014-11-19 19	3
100076491	395913318	0	null	5395	2014-11-19 19	3
100076491	395913318	0	null	5395	2014-11-19 19	3
100076491	391393060	0	null	5395	2014-12-09 12	3
100076491	391393060	0	null	5395	2014-12-09 12	3
100076491	391393060	0	null	5395	2014-12-09 12	3
100076491	284175201	0	null	13230	2014-12-12 07	10
100076491	284175201	0	null	13230	2014-12-11 20	10
100076491	284175201	0	null	13230	2014-12-11 20	10
100076491	284175201	0	null	13230	2014-12-11 21	10
100076491	284175201	0	null	13230	2014-12-12 07	10
100076491	284175201	0	null	13230	2014-12-12 07	10
100076491	284175201	0	null	13230	2014-12-11 20	10
100076491	284175201	0	null	13230	2014-12-12 07	10
100076491	284175201	0	null	13230	2014-12-13 11	10
100076491	284175201	0	null	13230	2014-12-13 11	10
100076491	298135750	0	null	1863	2014-11-26 23	4
100076491	298135750	0	null	1863	2014-11-26 23	4
100076491	298135750	0	null	1863	2014-11-26 23	4
100076491	298135750	0	null	1863	2014-11-26 23	4
100076491	170958010	0	null	1863	2014-11-26 23	3
100076491	170958010	0	null	1863	2014-11-26 23	3
100076491	170958010	0	null	1863	2014-11-26 23	3
100076491	346506124	0	null	5232	2014-11-26 23	4
100076491	346506124	0	null	5232	2014-11-26 23	4
100076491	346506124	0	null	5232	2014-11-26 23	4
100076491	346506124	0	null	5232	2014-11-26 23	4
100076491	56571788	0	null	6648	2014-12-01 15	3
100076491	56571788	0	null	6648	2014-12-01 15	3
100076491	56571788	0	null	6648	2014-12-01 15	3
100076491	27509781	0	null	2825	2014-12-09 12	1
100076491	302207636	0	null	2213	2014-12-04 20	10
100076491	302207636	0	null	2213	2014-12-17 09	10
100076491	302207636	0	null	2213	2014-12-15 23	10
100076491	302207636	0	null	2213	2014-12-15 23	10
100076491	302207636	0	null	2213	2014-12-04 20	10
100076491	302207636	0	null	2213	2014-12-15 23	10
100076491	302207636	0	null	2213	2014-12-04 20	10
100076491	302207636	0	null	2213	2014-12-04 20	10
100076491	302207636	0	null	2213	2014-12-04 20	10
100076491	302207636	0	null	2213	2014-12-15 23	10
100076491	67580199	0	null	9397	2014-11-29 22	2
100076491	67580199	0	null	9397	2014-11-29 22	2
100076491	260248770	0	null	6648	2014-12-01 15	1
100076491	338469044	0	null	5751	2014-11-20 12	5
100076491	338469044	0	null	5751	2014-11-20 12	5
100076491	338469044	0	null	5751	2014-11-20 12	5
100076491	338469044	0	null	5751	2014-11-20 12	5
100076491	338469044	0	null	5751	2014-11-20 12	5
100076491	394058395	0	null	13230	2014-11-25 14	2
100076491	394058395	0	null	13230	2014-11-25 14	2
100076491	372771794	0	null	2953	2014-12-09 11	1
100076491	75205807	0	null	2953	2014-12-09 08	1
100076491	265023126	0	null	6513	2014-11-25 14	2
100076491	265023126	0	null	6513	2014-11-25 14	2
100076491	345094180	0	null	6054	2014-11-26 12	8
100076491	345094180	0	null	6054	2014-11-26 12	8
100076491	345094180	0	null	6054	2014-11-26 12	8
100076491	345094180	0	null	6054	2014-11-26 12	8
100076491	345094180	0	null	6054	2014-11-26 12	8
100076491	345094180	0	null	6054	2014-11-26 12	8
100076491	345094180	0	null	6054	2014-12-17 09	8
100076491	345094180	0	null	6054	2014-12-17 09	8
100076491	254502768	0	null	5232	2014-11-26 23	3
100076491	254502768	0	null	5232	2014-11-26 23	3
100076491	254502768	0	null	5232	2014-11-26 23	3
100076491	64477732	0	null	11279	2014-11-19 18	3
100076491	64477732	0	null	11279	2014-11-19 18	3
100076491	64477732	0	null	11279	2014-11-19 18	3
100076491	92971003	0	null	3628	2014-11-26 12	3
100076491	92971003	0	null	3628	2014-11-26 12	3
100076491	92971003	0	null	3628	2014-11-26 12	3
100076491	35736639	0	null	2953	2014-12-09 11	1
100076491	208256342	0	null	6648	2014-12-01 15	1
100076491	64463105	0	null	5273	2014-12-02 22	4
100076491	64463105	0	null	5273	2014-12-02 22	4
100076491	64463105	0	null	5273	2014-12-02 22	4
100076491	64463105	0	null	5273	2014-12-02 22	4
100076491	5539948	0	null	11279	2014-11-19 18	1
100076491	93734321	0	null	2953	2014-12-09 23	3
100076491	93734321	0	null	2953	2014-12-09 23	3
100076491	93734321	0	null	2953	2014-12-09 23	3
100076491	229222269	0	null	1863	2014-11-26 23	2
100076491	229222269	0	null	1863	2014-11-26 23	2
100076491	316252641	0	null	11279	2014-12-11 20	1
100076491	168348640	0	null	1863	2014-12-02 22	12
100076491	168348640	0	null	1863	2014-12-11 20	12
100076491	168348640	0	null	1863	2014-12-02 22	12
100076491	168348640	0	null	1863	2014-12-02 22	12
100076491	168348640	0	null	1863	2014-12-11 20	12
100076491	168348640	0	null	1863	2014-12-11 20	12
100076491	168348640	0	null	1863	2014-12-02 22	12
100076491	168348640	0	null	1863	2014-12-02 22	12
100076491	168348640	0	null	1863	2014-12-02 22	12
100076491	168348640	0	null	1863	2014-12-02 22	12
100076491	168348640	0	null	1863	2014-12-02 22	12
100076491	168348640	0	null	1863	2014-12-02 22	12
100076491	127964608	0	null	13230	2014-11-25 14	1
100076491	29324162	0	null	11279	2014-12-11 21	6
100076491	29324162	0	null	11279	2014-12-11 20	6
100076491	29324162	0	null	11279	2014-12-11 20	6
100076491	29324162	0	null	11279	2014-12-11 20	6
100076491	29324162	0	null	11279	2014-12-11 20	6
100076491	29324162	0	null	11279	2014-12-11 20	6
100076491	203815861	0	null	2953	2014-12-09 12	10
100076491	203815861	0	null	2953	2014-12-09 12	10
100076491	203815861	0	null	2953	2014-12-09 23	10
100076491	203815861	0	null	2953	2014-12-09 23	10
100076491	203815861	0	null	2953	2014-12-09 23	10
100076491	203815861	0	null	2953	2014-12-09 12	10
100076491	203815861	0	null	2953	2014-12-11 20	10
100076491	203815861	0	null	2953	2014-12-11 20	10
100076491	203815861	0	null	2953	2014-12-09 12	10
100076491	203815861	0	null	2953	2014-12-11 20	10
100076491	323344696	0	null	6648	2014-12-04 15	3
100076491	323344696	0	null	6648	2014-12-04 15	3
100076491	323344696	0	null	6648	2014-12-04 15	3
100076491	188921634	0	null	10412	2014-12-02 22	1
100076491	72245859	0	null	4925	2014-11-18 11	2
100076491	72245859	0	null	4925	2014-11-18 11	2
100076491	288776632	0	null	5232	2014-11-23 23	1
100076491	102485999	0	null	1863	2014-11-26 23	1
100076491	26198426	0	null	5395	2014-11-19 19	1
100076491	249908774	0	null	13230	2014-11-19 20	1
100076491	139951012	0	null	5232	2014-11-23 23	1
100076491	361722312	0	null	11537	2014-12-15 23	2
100076491	361722312	0	null	11537	2014-12-15 23	2
100076491	122935440	0	null	2953	2014-12-09 12	4
100076491	122935440	0	null	2953	2014-12-09 12	4
100076491	122935440	0	null	2953	2014-12-09 12	4
100076491	122935440	0	null	2953	2014-12-09 12	4
100076491	155003510	0	null	2825	2014-11-25 14	2
100076491	155003510	0	null	2825	2014-11-25 14	2
100076491	28462638	0	null	6648	2014-12-03 11	34
100076491	28462638	0	null	6648	2014-12-15 23	34
100076491	28462638	0	null	6648	2014-12-01 15	34
100076491	28462638	0	null	6648	2014-12-02 22	34
100076491	28462638	0	null	6648	2014-12-02 22	34
100076491	28462638	0	null	6648	2014-12-16 19	34
100076491	28462638	0	null	6648	2014-12-03 11	34
100076491	28462638	0	null	6648	2014-12-01 15	34
100076491	28462638	0	null	6648	2014-12-02 21	34
100076491	28462638	0	null	6648	2014-12-01 15	34
100076491	28462638	0	null	6648	2014-12-02 21	34
100076491	28462638	0	null	6648	2014-12-02 22	34
100076491	28462638	0	null	6648	2014-12-02 22	34
100076491	28462638	0	null	6648	2014-12-02 22	34
100076491	28462638	0	null	6648	2014-12-16 19	34
100076491	28462638	0	null	6648	2014-12-02 22	34
100076491	28462638	0	null	6648	2014-12-01 15	34
100076491	28462638	0	null	6648	2014-12-02 22	34
100076491	28462638	0	null	6648	2014-12-02 21	34
100076491	28462638	0	null	6648	2014-12-01 15	34
100076491	28462638	0	null	6648	2014-12-03 11	34
100076491	28462638	0	null	6648	2014-12-02 22	34
100076491	28462638	0	null	6648	2014-12-02 22	34
100076491	28462638	0	null	6648	2014-12-08 17	34
100076491	28462638	0	null	6648	2014-12-02 22	34
100076491	28462638	0	null	6648	2014-12-02 22	34
100076491	28462638	0	null	6648	2014-12-08 17	34
100076491	28462638	0	null	6648	2014-12-03 11	34
100076491	28462638	0	null	6648	2014-12-16 19	34
100076491	28462638	0	null	6648	2014-12-02 21	34
100076491	28462638	0	null	6648	2014-12-16 19	34
100076491	28462638	0	null	6648	2014-12-02 21	34
100076491	28462638	0	null	6648	2014-12-15 23	34
100076491	28462638	0	null	6648	2014-12-02 22	34
100076491	38887476	0	null	6344	2014-11-20 12	2
100076491	38887476	0	null	6344	2014-11-20 12	2
100076491	298185077	0	null	5395	2014-12-09 12	3
100076491	298185077	0	null	5395	2014-12-09 12	3
100076491	298185077	0	null	5395	2014-12-09 12	3
100076491	273770275	0	null	2953	2014-12-09 23	7
100076491	273770275	0	null	2953	2014-12-09 23	7
100076491	273770275	0	null	2953	2014-12-13 11	7
100076491	273770275	0	null	2953	2014-12-11 20	7
100076491	273770275	0	null	2953	2014-12-11 20	7
100076491	273770275	0	null	2953	2014-12-11 20	7
100076491	273770275	0	null	2953	2014-12-13 11	7
100076491	59843244	0	null	10533	2014-11-20 12	1
100076491	203962468	0	null	1863	2014-11-21 12	2
100076491	203962468	0	null	1863	2014-11-21 12	2
100076491	107911865	0	null	1863	2014-11-19 19	1
100076491	90031302	0	null	6255	2014-12-09 12	1
100076491	254983722	0	null	2953	2014-12-09 11	1
100076491	152325970	0	null	9397	2014-11-29 22	2
100076491	152325970	0	null	9397	2014-11-29 22	2
100076491	377620188	0	null	2825	2014-12-09 11	1
100076491	258098443	0	null	1863	2014-11-26 12	1
100076491	106793390	0	null	5395	2014-11-19 19	4
100076491	106793390	0	null	5395	2014-11-19 19	4
100076491	106793390	0	null	5395	2014-11-19 19	4
100076491	106793390	0	null	5395	2014-11-19 19	4
100076491	216335824	0	null	6344	2014-11-20 12	2
100076491	216335824	0	null	6344	2014-11-20 12	2
100076491	164474478	0	null	6648	2014-12-04 15	3
100076491	164474478	0	null	6648	2014-12-04 15	3
100076491	164474478	0	null	6648	2014-12-04 15	3
100076491	74896940	0	null	3940	2014-12-15 23	2
100076491	74896940	0	null	3940	2014-12-15 23	2
100076491	290604774	0	null	6513	2014-12-09 12	1
100076491	141278088	0	null	8796	2014-12-15 23	3
100076491	141278088	0	null	8796	2014-12-15 23	3
100076491	141278088	0	null	8796	2014-12-15 23	3
100076491	343501738	0	null	5232	2014-12-04 21	2
100076491	343501738	0	null	5232	2014-12-04 21	2
100076491	220922897	0	null	3660	2014-11-19 18	2
100076491	220922897	0	null	3660	2014-11-19 18	2
100076491	16179063	0	null	11279	2014-11-19 18	1
100076491	155029459	0	null	889	2014-11-18 20	2
100076491	155029459	0	null	889	2014-11-18 20	2
100076491	276883885	0	null	11721	2014-12-11 20	8
100076491	276883885	0	null	11721	2014-12-07 23	8
100076491	276883885	0	null	11721	2014-11-20 12	8
100076491	276883885	0	null	11721	2014-12-11 20	8
100076491	276883885	0	null	11721	2014-12-07 23	8
100076491	276883885	0	null	11721	2014-12-11 20	8
100076491	276883885	0	null	11721	2014-12-07 23	8
100076491	276883885	0	null	11721	2014-11-20 12	8
100076491	224764013	0	null	3660	2014-12-02 22	2
100076491	224764013	0	null	3660	2014-12-02 22	2
100076491	379828742	0	null	13712	2014-11-20 12	1
100076491	263983479	0	null	1863	2014-12-11 20	14
100076491	263983479	0	null	1863	2014-12-11 20	14
100076491	263983479	0	null	1863	2014-12-02 22	14
100076491	263983479	0	null	1863	2014-12-11 20	14
100076491	263983479	0	null	1863	2014-12-01 15	14
100076491	263983479	0	null	1863	2014-12-02 22	14
100076491	263983479	0	null	1863	2014-12-01 15	14
100076491	263983479	0	null	1863	2014-12-01 15	14
100076491	263983479	0	null	1863	2014-12-01 15	14
100076491	263983479	0	null	1863	2014-12-02 22	14
100076491	263983479	0	null	1863	2014-12-01 15	14
100076491	263983479	0	null	1863	2014-12-11 20	14
100076491	263983479	0	null	1863	2014-12-02 22	14
100076491	263983479	0	null	1863	2014-12-01 15	14
100076491	251564765	0	null	2953	2014-12-09 11	1
100076491	14808001	0	null	2825	2014-12-09 11	1
100076491	353892394	0	null	1863	2014-12-15 23	3
100076491	353892394	0	null	1863	2014-12-18 22	3
100076491	353892394	0	null	1863	2014-12-18 22	3
100076491	266654234	0	null	6648	2014-12-01 15	1
100076491	310405085	0	null	5027	2014-12-11 20	1
100076491	167541102	0	null	3472	2014-11-18 14	2
100076491	167541102	0	null	3472	2014-11-18 14	2
100076491	230979449	0	null	1863	2014-12-02 22	1
100076491	84897983	0	null	6648	2014-12-01 15	1
100076491	333589910	0	null	13338	2014-11-20 12	1
100076491	77238046	0	null	2953	2014-12-09 11	1
100076491	257334141	0	null	5395	2014-12-09 12	3
100076491	257334141	0	null	5395	2014-12-09 12	3
100076491	257334141	0	null	5395	2014-12-09 12	3
100076491	88098945	0	null	6648	2014-12-01 15	4
100076491	88098945	0	null	6648	2014-12-01 15	4
100076491	88098945	0	null	6648	2014-12-01 15	4
100076491	88098945	0	null	6648	2014-12-01 15	4
100076491	122960420	0	null	6513	2014-12-15 23	1
100076491	179993150	0	null	1863	2014-11-26 23	2
100076491	179993150	0	null	1863	2014-11-26 23	2
100076491	136562473	0	null	10135	2014-11-20 12	3
100076491	136562473	0	null	10135	2014-11-20 12	3
100076491	136562473	0	null	10135	2014-11-20 12	3
100076491	15828774	0	null	5395	2014-11-19 18	4
100076491	15828774	0	null	5395	2014-11-19 18	4
100076491	15828774	0	null	5395	2014-11-19 18	4
100076491	15828774	0	null	5395	2014-11-19 18	4
100076491	250321544	0	null	5395	2014-11-18 21	1
100076491	168986378	0	null	1863	2014-11-23 23	3
100076491	168986378	0	null	1863	2014-11-23 23	3
100076491	168986378	0	null	1863	2014-11-23 23	3
100076491	315154657	0	null	2953	2014-12-09 11	1
100076491	242865212	0	null	1863	2014-12-15 23	2
100076491	242865212	0	null	1863	2014-12-15 23	2
100076491	364414207	0	null	10135	2014-11-20 12	3
100076491	364414207	0	null	10135	2014-11-20 12	3
100076491	364414207	0	null	10135	2014-11-20 12	3
100076491	278071368	0	null	9559	2014-12-08 13	4
100076491	278071368	0	null	9559	2014-12-08 13	4
100076491	278071368	0	null	9559	2014-12-08 13	4
100076491	278071368	0	null	9559	2014-12-01 15	4
100076491	268995814	0	null	5027	2014-11-25 14	4
100076491	268995814	0	null	5027	2014-11-25 14	4
100076491	268995814	0	null	5027	2014-11-25 14	4
100076491	268995814	0	null	5027	2014-11-25 14	4
100076491	161821819	0	null	2825	2014-11-25 14	2
100076491	161821819	0	null	2825	2014-11-25 14	2
100076491	128527910	0	null	3544	2014-12-11 20	2
100076491	128527910	0	null	3544	2014-12-11 20	2
100076491	2595152	0	null	6648	2014-12-01 15	3
100076491	2595152	0	null	6648	2014-12-01 15	3
100076491	2595152	0	null	6648	2014-12-01 15	3
100076491	123358863	0	null	6828	2014-12-07 23	3
100076491	123358863	0	null	6828	2014-12-07 23	3
100076491	123358863	0	null	6828	2014-12-07 23	3
100076491	102539114	0	null	6648	2014-12-04 15	1
100076491	115997396	0	null	2953	2014-12-09 11	5
100076491	115997396	0	null	2953	2014-12-09 11	5
100076491	115997396	0	null	2953	2014-12-09 11	5
100076491	115997396	0	null	2953	2014-12-09 11	5
100076491	115997396	0	null	2953	2014-12-09 11	5
100076491	107190604	0	null	5395	2014-11-19 19	3
100076491	107190604	0	null	5395	2014-11-19 19	3
100076491	107190604	0	null	5395	2014-11-19 19	3
100076491	389290428	0	null	280	2014-12-01 15	1
100076491	388673496	0	null	6648	2014-12-01 15	1
100076491	100705867	0	null	10135	2014-11-20 12	1
100076491	342630519	0	null	6648	2014-12-04 15	1
100076491	54631150	0	null	280	2014-11-21 02	2
100076491	54631150	0	null	280	2014-11-21 02	2
100076491	397200039	0	null	3940	2014-12-15 23	2
100076491	397200039	0	null	3940	2014-12-15 23	2
100076491	53658544	0	null	5027	2014-11-25 14	2
100076491	53658544	0	null	5027	2014-11-25 14	2
100076491	206473678	0	null	6648	2014-12-01 15	1
100076491	55426449	0	null	2825	2014-12-09 11	3
100076491	55426449	0	null	2825	2014-12-09 11	3
100076491	55426449	0	null	2825	2014-12-09 11	3
100076491	369170564	0	null	1863	2014-12-02 22	1
100076491	224390742	0	null	2284	2014-11-20 12	3
100076491	224390742	0	null	2284	2014-11-20 12	3
100076491	224390742	0	null	2284	2014-11-20 12	3
100076491	653806	0	null	6648	2014-12-01 15	1
100076491	377693935	0	null	9970	2014-11-19 18	2
100076491	377693935	0	null	9970	2014-11-19 18	2
100076491	240240075	0	null	2825	2014-11-25 14	2
100076491	240240075	0	null	2825	2014-11-25 14	2
100076491	337818926	0	null	5395	2014-11-19 19	3
100076491	337818926	0	null	5395	2014-11-19 19	3
100076491	337818926	0	null	5395	2014-11-19 19	3
100076491	287578278	0	null	12855	2014-12-15 19	1
100076491	182370650	0	null	9559	2014-12-08 13	6
100076491	182370650	0	null	9559	2014-12-01 15	6
100076491	182370650	0	null	9559	2014-12-01 15	6
100076491	182370650	0	null	9559	2014-12-01 15	6
100076491	182370650	0	null	9559	2014-12-01 15	6
100076491	182370650	0	null	9559	2014-12-08 13	6
100076491	26972444	0	null	9229	2014-11-26 10	1
100076491	264443924	0	null	6344	2014-11-20 12	2
100076491	264443924	0	null	6344	2014-11-20 12	2
100076491	136295437	0	null	2953	2014-12-09 11	1
100076491	185663379	0	null	2953	2014-12-09 11	1
100076491	31096184	0	null	5395	2014-11-19 19	3
100076491	31096184	0	null	5395	2014-11-19 19	3
100076491	31096184	0	null	5395	2014-11-19 19	3
100076491	68720655	0	null	6648	2014-12-04 15	1
100076491	189679176	0	null	10135	2014-11-20 12	8
100076491	189679176	0	null	10135	2014-11-20 12	8
100076491	189679176	0	null	10135	2014-11-20 12	8
100076491	189679176	0	null	10135	2014-11-20 12	8
100076491	189679176	0	null	10135	2014-11-20 12	8
100076491	189679176	0	null	10135	2014-11-20 12	8
100076491	189679176	0	null	10135	2014-11-20 12	8
100076491	189679176	0	null	10135	2014-11-20 12	8
100076491	131015043	0	null	1863	2014-12-02 22	3
100076491	131015043	0	null	1863	2014-12-02 22	3
100076491	131015043	0	null	1863	2014-12-02 22	3
100076491	212321701	0	null	11652	2014-12-02 22	12
100076491	212321701	0	null	11652	2014-12-01 16	12
100076491	212321701	0	null	11652	2014-12-02 21	12
100076491	212321701	0	null	11652	2014-12-02 21	12
100076491	212321701	0	null	11652	2014-12-02 22	12
100076491	212321701	0	null	11652	2014-12-01 16	12
100076491	212321701	0	null	11652	2014-12-02 21	12
100076491	212321701	0	null	11652	2014-12-01 16	12
100076491	212321701	0	null	11652	2014-12-01 16	12
100076491	212321701	0	null	11652	2014-12-02 21	12
100076491	212321701	0	null	11652	2014-12-02 22	12
100076491	212321701	0	null	11652	2014-12-01 16	12
100076491	154048442	0	null	3660	2014-12-02 22	2
100076491	154048442	0	null	3660	2014-12-02 22	2
100076491	235643062	0	null	1863	2014-12-16 22	3
100076491	235643062	0	null	1863	2014-12-16 22	3
100076491	235643062	0	null	1863	2014-12-16 22	3
100076491	104125499	0	null	1863	2014-11-29 22	2
100076491	104125499	0	null	1863	2014-11-29 22	2
100076491	8370660	0	null	5395	2014-11-18 21	3
100076491	8370660	0	null	5395	2014-11-18 21	3
100076491	8370660	0	null	5395	2014-11-18 21	3
100076491	296431880	0	null	1863	2014-11-26 23	1
100076491	345061887	0	null	3628	2014-11-26 12	1
100076491	263014471	0	null	2953	2014-12-09 11	1
100076491	216957516	0	null	2420	2014-12-15 23	4
100076491	216957516	0	null	2420	2014-12-15 23	4
100076491	216957516	0	null	2420	2014-12-15 23	4
100076491	216957516	0	null	2420	2014-12-15 23	4
100076491	81930227	0	null	11279	2014-11-19 18	1
100076491	229739627	0	null	5027	2014-12-11 20	1
100076491	366600707	0	null	10533	2014-12-04 21	3
100076491	366600707	0	null	10533	2014-12-04 21	3
100076491	366600707	0	null	10533	2014-12-04 21	3
100076491	259476032	0	null	6648	2014-12-01 15	1
100076491	11325602	0	null	2825	2014-12-09 11	1
100076491	305533685	0	null	5232	2014-11-23 23	3
100076491	305533685	0	null	5232	2014-11-23 23	3
100076491	305533685	0	null	5232	2014-11-23 23	3
100076491	348102319	0	null	5232	2014-11-26 23	1
100076491	204697581	0	null	9992	2014-12-04 15	5
100076491	204697581	0	null	9992	2014-12-04 15	5
100076491	204697581	0	null	9992	2014-11-20 12	5
100076491	204697581	0	null	9992	2014-11-20 12	5
100076491	204697581	0	null	9992	2014-11-20 12	5
100076491	288957420	0	null	1863	2014-11-26 23	3
100076491	288957420	0	null	1863	2014-11-26 23	3
100076491	288957420	0	null	1863	2014-11-26 23	3
100076491	55080968	0	null	1863	2014-12-02 22	1
100076491	245486418	0	null	8291	2014-12-12 08	1
100076491	204602170	0	null	11279	2014-12-11 20	1
100076491	154249205	0	null	9835	2014-12-04 21	2
100076491	154249205	0	null	9835	2014-12-04 21	2
100076491	66300920	0	null	5027	2014-12-18 22	1
100076491	115483107	0	null	1863	2014-12-15 23	2
100076491	115483107	0	null	1863	2014-12-15 23	2
100076491	96136602	0	null	11279	2014-12-11 20	3
100076491	96136602	0	null	11279	2014-12-11 20	3
100076491	96136602	0	null	11279	2014-12-11 20	3
100076491	26138648	0	null	11279	2014-11-19 18	1
100076491	263968698	0	null	5232	2014-11-23 23	1
100076491	390877180	0	null	10135	2014-11-20 12	3
100076491	390877180	0	null	10135	2014-11-20 12	3
100076491	390877180	0	null	10135	2014-11-20 12	3
100076491	154106661	0	null	12855	2014-12-18 22	3
100076491	154106661	0	null	12855	2014-12-18 22	3
100076491	154106661	0	null	12855	2014-12-15 19	3
100076491	281607934	0	null	6054	2014-11-23 23	1
100076491	256947363	0	null	11279	2014-11-19 18	3
100076491	256947363	0	null	11279	2014-11-19 18	3
100076491	256947363	0	null	11279	2014-11-19 18	3
100076491	186034728	0	null	9559	2014-12-01 15	2
100076491	186034728	0	null	9559	2014-12-01 15	2
100076491	319199203	0	null	1863	2014-12-02 22	1
100076491	169422646	0	null	5027	2014-11-23 15	6
100076491	169422646	0	null	5027	2014-11-25 14	6
100076491	169422646	0	null	5027	2014-11-25 14	6
100076491	169422646	0	null	5027	2014-11-25 14	6
100076491	169422646	0	null	5027	2014-11-25 14	6
100076491	169422646	0	null	5027	2014-11-23 15	6
100076491	321769816	0	null	2953	2014-12-09 11	4
100076491	321769816	0	null	2953	2014-12-09 11	4
100076491	321769816	0	null	2953	2014-12-09 11	4
100076491	321769816	0	null	2953	2014-12-09 11	4
100076491	44891432	0	null	6648	2014-12-04 15	1
100076491	403346397	0	null	5027	2014-11-25 14	1
100076491	395874824	0	null	5395	2014-11-19 19	3
100076491	395874824	0	null	5395	2014-11-19 19	3
100076491	395874824	0	null	5395	2014-11-19 19	3
100076491	179966938	0	null	2953	2014-12-09 12	1
100076491	344105586	0	null	6648	2014-12-04 15	3
100076491	344105586	0	null	6648	2014-12-04 15	3
100076491	344105586	0	null	6648	2014-12-04 15	3
100076491	49503062	0	null	2825	2014-12-09 11	1
100076491	376576486	0	null	9397	2014-11-20 12	3
100076491	376576486	0	null	9397	2014-11-20 12	3
100076491	376576486	0	null	9397	2014-11-20 12	3
100076491	46166846	0	null	2825	2014-12-09 12	4
100076491	46166846	0	null	2825	2014-12-09 12	4
100076491	46166846	0	null	2825	2014-12-09 12	4
100076491	46166846	0	null	2825	2014-12-09 12	4
100076491	161058358	0	null	2825	2014-12-09 11	3
100076491	161058358	0	null	2825	2014-12-09 11	3
100076491	161058358	0	null	2825	2014-12-09 11	3
100076491	242311607	0	null	1863	2014-11-26 12	9
100076491	242311607	0	null	1863	2014-11-26 12	9
100076491	242311607	0	null	1863	2014-11-26 12	9
100076491	242311607	0	null	1863	2014-11-26 12	9
100076491	242311607	0	null	1863	2014-11-26 12	9
100076491	242311607	0	null	1863	2014-11-26 12	9
100076491	242311607	0	null	1863	2014-11-26 12	9
100076491	242311607	0	null	1863	2014-11-26 12	9
100076491	242311607	0	null	1863	2014-11-26 12	9
100076491	186888967	0	null	5232	2014-12-09 20	1
100076491	186020203	0	null	13230	2014-11-25 14	2
100076491	186020203	0	null	13230	2014-11-25 14	2
100076491	319308537	0	null	13230	2014-11-25 14	1
100076491	266414086	0	null	5395	2014-12-09 12	1
100076491	95420279	0	null	6648	2014-12-01 15	3
100076491	95420279	0	null	6648	2014-12-01 15	3
100076491	95420279	0	null	6648	2014-12-01 15	3
100076491	399693388	0	null	13712	2014-11-20 12	10
100076491	399693388	0	null	13712	2014-12-10 12	10
100076491	399693388	0	null	13712	2014-11-20 12	10
100076491	399693388	0	null	13712	2014-12-10 12	10
100076491	399693388	0	null	13712	2014-11-20 12	10
100076491	399693388	0	null	13712	2014-11-20 12	10
100076491	399693388	0	null	13712	2014-11-20 12	10
100076491	399693388	0	null	13712	2014-11-20 12	10
100076491	399693388	0	null	13712	2014-11-20 12	10
100076491	399693388	0	null	13712	2014-11-20 12	10
100076491	123262542	0	null	6513	2014-11-18 14	2
100076491	123262542	0	null	6513	2014-11-18 14	2
100076491	355248967	0	null	5232	2014-11-26 23	1
100076491	111135372	0	null	1863	2014-11-29 22	2
100076491	111135372	0	null	1863	2014-11-29 22	2
100076491	218930533	0	null	2825	2014-12-09 11	1
100076491	381073428	0	null	1863	2014-11-26 23	1
100076491	137704380	0	null	5395	2014-11-18 21	1
100076491	191963647	0	null	3660	2014-12-02 22	12
100076491	191963647	0	null	3660	2014-12-02 22	12
100076491	191963647	0	null	3660	2014-12-04 15	12
100076491	191963647	0	null	3660	2014-12-02 22	12
100076491	191963647	0	null	3660	2014-12-04 15	12
100076491	191963647	0	null	3660	2014-12-02 22	12
100076491	191963647	0	null	3660	2014-12-02 22	12
100076491	191963647	0	null	3660	2014-12-04 15	12
100076491	191963647	0	null	3660	2014-12-02 22	12
100076491	191963647	0	null	3660	2014-12-04 15	12
100076491	191963647	0	null	3660	2014-12-02 22	12
100076491	191963647	0	null	3660	2014-12-02 22	12
100076491	114529951	0	null	2753	2014-11-20 12	2
100076491	114529951	0	null	2753	2014-11-20 12	2
100076491	32013837	0	null	5395	2014-11-19 19	1
100076491	295685630	0	null	446	2014-12-15 23	3
100076491	295685630	0	null	446	2014-12-15 23	3
100076491	295685630	0	null	446	2014-12-15 23	3
100076491	45519672	0	null	5232	2014-11-26 23	1
100076491	218991306	0	null	11279	2014-12-11 20	1
100076491	302123723	0	null	6648	2014-12-01 15	1
100076491	246042666	0	null	2953	2014-12-09 11	1
100076491	60455503	0	null	6648	2014-12-01 15	1
100076491	343109466	0	null	5232	2014-11-26 23	4
100076491	343109466	0	null	5232	2014-11-26 23	4
100076491	343109466	0	null	5232	2014-11-26 23	4
100076491	343109466	0	null	5232	2014-11-26 23	4
100076491	345724143	0	null	2953	2014-12-09 11	1
100076491	193155025	0	null	5232	2014-11-23 23	1
100076491	60159142	0	null	6648	2014-11-20 12	2
100076491	60159142	0	null	6648	2014-11-20 12	2
100076491	111768478	0	null	2953	2014-12-09 12	3
100076491	111768478	0	null	2953	2014-12-09 12	3
100076491	111768478	0	null	2953	2014-12-09 12	3
100076491	26592872	0	null	1863	2014-12-16 22	3
100076491	26592872	0	null	1863	2014-12-16 22	3
100076491	26592872	0	null	1863	2014-12-16 22	3
100076491	63582150	0	null	11721	2014-11-20 12	6
100076491	63582150	0	null	11721	2014-11-20 12	6
100076491	63582150	0	null	11721	2014-11-20 12	6
100076491	63582150	0	null	11721	2014-11-20 12	6
100076491	63582150	0	null	11721	2014-11-20 12	6
100076491	63582150	0	null	11721	2014-11-20 12	6
100076491	175120932	0	null	5395	2014-11-19 19	1
100076491	14135465	0	null	6648	2014-12-04 15	1
100076491	341391066	0	null	3940	2014-11-18 20	2
100076491	341391066	0	null	3940	2014-11-18 20	2
100076491	162618138	0	null	12855	2014-12-15 19	1
100076491	169426789	0	null	5232	2014-12-09 11	1
100076491	177691992	0	null	2953	2014-12-09 11	1
100076491	336489649	0	null	6648	2014-12-01 15	1
100076491	313359110	0	null	9397	2014-12-04 16	2
100076491	313359110	0	null	9397	2014-12-04 16	2
100076491	173834761	0	null	2953	2014-12-09 11	1
100076491	35434203	0	null	11279	2014-12-11 20	1
100076491	186279228	0	null	2953	2014-12-09 12	3
100076491	186279228	0	null	2953	2014-12-09 12	3
100076491	186279228	0	null	2953	2014-12-09 12	3
100076491	146125036	0	null	11279	2014-12-13 11	9
100076491	146125036	0	null	11279	2014-12-11 20	9
100076491	146125036	0	null	11279	2014-12-13 11	9
100076491	146125036	0	null	11279	2014-12-11 20	9
100076491	146125036	0	null	11279	2014-12-11 20	9
100076491	146125036	0	null	11279	2014-12-13 11	9
100076491	146125036	0	null	11279	2014-12-13 11	9
100076491	146125036	0	null	11279	2014-12-11 21	9
100076491	146125036	0	null	11279	2014-12-11 20	9
100076491	155706506	0	null	2953	2014-12-09 12	2
100076491	155706506	0	null	2953	2014-12-09 12	2
100076491	357743048	0	null	5503	2014-12-06 21	3
100076491	357743048	0	null	5503	2014-12-06 21	3
100076491	357743048	0	null	5503	2014-12-06 21	3
100076491	360568167	0	null	2825	2014-11-19 18	1
100076491	23158765	0	null	13230	2014-11-19 20	1
100076491	339694011	0	null	3483	2014-12-01 15	2
100076491	339694011	0	null	3483	2014-12-04 15	2
100076491	203067131	0	null	2825	2014-12-09 11	3
100076491	203067131	0	null	2825	2014-12-09 11	3
100076491	203067131	0	null	2825	2014-12-09 11	3
100076491	66854985	0	null	6648	2014-12-01 15	2
100076491	66854985	0	null	6648	2014-12-04 15	2
100076491	235651410	0	null	13230	2014-12-11 20	3
100076491	235651410	0	null	13230	2014-12-11 20	3
100076491	235651410	0	null	13230	2014-12-11 20	3
100076491	258857965	0	null	10135	2014-11-20 12	3
100076491	258857965	0	null	10135	2014-11-20 12	3
100076491	258857965	0	null	10135	2014-11-20 12	3
100076491	133277615	0	null	13230	2014-11-25 14	2
100076491	133277615	0	null	13230	2014-11-25 14	2
100076491	257463910	0	null	437	2014-12-16 22	1
100076491	85549240	0	null	3645	2014-11-20 12	2
100076491	85549240	0	null	3645	2014-11-20 12	2
100076491	92495463	0	null	6648	2014-12-01 15	3
100076491	92495463	0	null	6648	2014-12-01 15	3
100076491	92495463	0	null	6648	2014-12-01 15	3
100076491	341404094	0	null	9412	2014-11-20 12	2
100076491	341404094	0	null	9412	2014-11-20 12	2
100076491	77234990	0	null	5395	2014-12-09 12	4
100076491	77234990	0	null	5395	2014-12-09 12	4
100076491	77234990	0	null	5395	2014-12-09 12	4
100076491	77234990	0	null	5395	2014-12-09 12	4
100076491	269630909	0	null	6648	2014-12-04 15	1
100076491	119857969	0	null	2953	2014-12-09 08	5
100076491	119857969	0	null	2953	2014-12-09 08	5
100076491	119857969	0	null	2953	2014-12-09 08	5
100076491	119857969	0	null	2953	2014-12-09 08	5
100076491	119857969	0	null	2953	2014-12-09 11	5
100076491	26306149	0	null	5232	2014-11-19 18	2
100076491	26306149	0	null	5232	2014-11-19 18	2
100076491	325476153	0	null	2953	2014-12-09 11	1
100076491	67395204	0	null	2953	2014-12-09 11	1
100076491	354692488	0	null	9559	2014-12-01 15	1
100076491	367074098	0	null	5395	2014-12-09 12	1
100076491	292978966	0	null	1863	2014-12-16 22	3
100076491	292978966	0	null	1863	2014-12-16 22	3
100076491	292978966	0	null	1863	2014-12-16 22	3
100076491	105050773	0	null	11279	2014-12-11 20	1
100076491	239130903	0	null	2953	2014-12-09 23	10
100076491	239130903	0	null	2953	2014-12-11 15	10
100076491	239130903	0	null	2953	2014-12-09 23	10
100076491	239130903	0	null	2953	2014-12-16 22	10
100076491	239130903	0	null	2953	2014-12-11 20	10
100076491	239130903	0	null	2953	2014-12-11 20	10
100076491	239130903	0	null	2953	2014-12-11 20	10
100076491	239130903	0	null	2953	2014-12-16 22	10
100076491	239130903	0	null	2953	2014-12-11 21	10
100076491	239130903	0	null	2953	2014-12-11 15	10
100076491	303688301	0	null	13230	2014-11-25 14	2
100076491	303688301	0	null	13230	2014-11-25 14	2
100076491	326737096	0	null	5232	2014-12-11 20	1
100076491	114960000	0	null	292	2014-12-04 21	3
100076491	114960000	0	null	292	2014-12-04 21	3
100076491	114960000	0	null	292	2014-12-04 21	3
100076491	35623620	0	null	10021	2014-11-20 12	2
100076491	35623620	0	null	10021	2014-11-20 12	2
100076491	399806259	0	null	1863	2014-12-15 23	2
100076491	399806259	0	null	1863	2014-12-15 23	2
