100112527	345925461	0	96p6u4p	13038	2014-12-14 19	2
100112527	345925461	0	96p6u47	13038	2014-12-14 19	2
100112527	269963800	0	96p6tvk	7359	2014-12-14 19	2
100112527	269963800	0	96p6tuf	7359	2014-12-14 19	2
100112527	39468607	0	96p6tva	10576	2014-11-28 12	2
100112527	39468607	0	96p6tub	10576	2014-11-28 12	2
100112527	290702413	0	96p6tvl	10523	2014-12-14 21	1
100112527	44093282	0	96p6tud	3940	2014-12-11 22	2
100112527	44093282	0	96p6u46	3940	2014-12-11 22	2
100112527	241756522	0	96p6tua	12197	2014-12-15 18	2
100112527	241756522	0	96p6tub	12197	2014-12-15 18	2
100112527	16541930	0	96p6u4u	7322	2014-12-12 21	2
100112527	16541930	0	96p6u57	7322	2014-12-12 21	2
100112527	291913419	0	96p6tug	4076	2014-11-19 21	2
100112527	291913419	0	96p6u5s	4076	2014-11-19 21	2
100112527	101179661	0	96p6u43	1090	2014-11-27 22	2
100112527	101179661	0	96p6u52	1090	2014-11-27 22	2
100112527	173079721	0	96p6u52	3200	2014-11-20 21	3
100112527	173079721	0	96p6tuo	3200	2014-11-20 21	3
100112527	173079721	0	96p6u57	3200	2014-11-20 21	3
100112527	135404001	0	96p6u5p	10576	2014-11-26 23	2
100112527	135404001	0	96p6tum	10576	2014-11-26 23	2
100112527	256875188	0	96p6u4v	12536	2014-11-27 21	2
100112527	256875188	0	96p6tvf	12536	2014-11-27 21	2
100112527	228598475	0	96p6tuk	10576	2014-11-28 12	4
100112527	228598475	0	96p6u50	10576	2014-11-20 19	4
100112527	228598475	0	96p6u46	10576	2014-11-28 12	4
100112527	228598475	0	96p6u5q	10576	2014-11-20 19	4
100112527	281870551	0	96p6tul	11821	2014-11-20 21	11
100112527	281870551	0	96p6tvj	11821	2014-11-20 21	11
100112527	281870551	0	96p6u4q	11821	2014-11-26 22	11
100112527	281870551	0	96p6tuf	11821	2014-11-25 22	11
100112527	281870551	0	96p6tuf	11821	2014-11-25 22	11
100112527	281870551	0	96p6tuk	11821	2014-11-20 21	11
100112527	281870551	0	96p6tvi	11821	2014-11-20 21	11
100112527	281870551	0	96p6u4v	11821	2014-11-20 21	11
100112527	281870551	0	96p6tuf	11821	2014-11-20 21	11
100112527	281870551	0	96p6tvd	11821	2014-11-26 22	11
100112527	281870551	0	96p6u5p	11821	2014-11-26 22	11
100112527	391583476	0	96p6u47	2667	2014-12-17 21	1
100112527	177384628	0	96p6tvm	11797	2014-11-19 21	2
100112527	177384628	0	96p6tug	11797	2014-11-19 21	2
100112527	6755366	0	96p6u54	3200	2014-11-20 21	2
100112527	6755366	0	96p6tuk	3200	2014-11-20 21	2
100112527	126177943	0	96p6tuf	3884	2014-12-11 22	1
100112527	345672396	0	96p6tvd	14033	2014-12-14 20	1
100112527	190781856	0	96p6u51	9790	2014-12-17 21	2
100112527	190781856	0	96p6tuk	9790	2014-12-17 21	2
100112527	105097853	0	96p6u43	11797	2014-12-06 21	2
100112527	105097853	0	96p6u55	11797	2014-12-06 21	2
100112527	394957923	0	96p6tuk	10576	2014-11-20 19	2
100112527	394957923	0	96p6u4v	10576	2014-11-20 19	2
100112527	167922563	0	96p6u46	11797	2014-11-19 21	2
100112527	167922563	0	96p6u51	11797	2014-11-19 21	2
100112527	197285772	0	96p6u41	4844	2014-11-26 22	2
100112527	197285772	0	96p6u41	4844	2014-11-26 22	2
100112527	221839344	0	96p6tuk	11797	2014-11-19 21	2
100112527	221839344	0	96p6tvb	11797	2014-11-19 21	2
100112527	157215683	0	96p6tue	8114	2014-12-14 20	2
100112527	157215683	0	96p6u56	8114	2014-12-14 20	2
100112527	318850912	0	96p6tuo	7739	2014-12-14 20	2
100112527	318850912	0	96p6u5r	7739	2014-12-14 20	2
100112527	221886455	0	96p6u44	172	2014-11-27 20	2
100112527	221886455	0	96p6u4u	172	2014-11-27 20	2
100112527	199820442	0	96p6u52	13038	2014-12-14 19	2
100112527	199820442	0	96p6tvd	13038	2014-12-14 19	2
100112527	373770126	0	96p6tuk	887	2014-12-06 20	2
100112527	373770126	0	96p6u40	887	2014-12-06 20	2
100112527	197675758	0	96p6u4u	3234	2014-11-27 20	2
100112527	197675758	0	96p6tua	3234	2014-11-27 20	2
100112527	166278520	0	96p6tvl	6194	2014-11-20 20	1
100112527	185290326	0	96p6u55	10576	2014-11-26 22	2
100112527	185290326	0	96p6tuf	10576	2014-11-26 22	2
100112527	157617756	0	96p6u51	10576	2014-11-20 19	7
100112527	157617756	0	96p6tud	10576	2014-11-20 19	7
100112527	157617756	0	96p6u4v	10576	2014-11-26 22	7
100112527	157617756	0	96p6tuf	10576	2014-11-28 08	7
100112527	157617756	0	96p6u4v	10576	2014-11-19 21	7
100112527	157617756	0	96p6tub	10576	2014-11-26 22	7
100112527	157617756	0	96p6tvm	10576	2014-11-28 08	7
100112527	202875884	0	96p6tub	11821	2014-11-22 13	2
100112527	202875884	0	96p6tua	11821	2014-11-22 13	2
100112527	294217997	0	96p6tug	3807	2014-11-20 20	1
100112527	212743365	0	96p6tuo	11406	2014-12-12 21	3
100112527	212743365	0	96p6u43	11406	2014-12-12 21	3
100112527	212743365	0	96p6tva	11406	2014-12-12 21	3
100112527	128916436	0	96p6u4p	5569	2014-11-23 16	2
100112527	128916436	0	96p6u53	5569	2014-11-23 16	2
100112527	162635213	0	96p6tul	6595	2014-12-17 22	2
100112527	162635213	0	96p6u51	6595	2014-12-17 22	2
100112527	10463339	0	96p6u50	12536	2014-11-27 22	2
100112527	10463339	0	96p6u5q	12536	2014-11-27 22	2
100112527	391950344	0	96p6u4u	10576	2014-11-20 19	4
100112527	391950344	0	96p6tva	10576	2014-11-28 08	4
100112527	391950344	0	96p6u5s	10576	2014-11-28 08	4
100112527	391950344	0	96p6u51	10576	2014-11-20 19	4
100112527	366319647	0	96p6tvi	13744	2014-11-27 22	4
100112527	366319647	0	96p6u41	13744	2014-11-27 22	4
100112527	366319647	0	96p6u46	13744	2014-11-27 22	4
100112527	366319647	0	96p6tum	13744	2014-11-27 22	4
100112527	148977025	0	96p6u45	11821	2014-11-22 13	2
100112527	148977025	0	96p6tvd	11821	2014-11-22 13	2
100112527	175910794	0	96p6tub	12197	2014-12-15 18	2
100112527	175910794	0	96p6u4v	12197	2014-12-15 18	2
100112527	118938270	0	96p6tvd	67	2014-11-20 19	2
100112527	118938270	0	96p6u4p	67	2014-11-20 19	2
100112527	47305507	0	96p6tvm	7040	2014-12-14 20	2
100112527	47305507	0	96p6tuf	7040	2014-12-14 20	2
100112527	34892824	0	96p6u54	10507	2014-11-27 21	2
100112527	34892824	0	96p6tvj	10507	2014-11-27 21	2
100112527	297618335	0	96p6tuo	3200	2014-11-20 21	2
100112527	297618335	0	96p6u4u	3200	2014-11-20 21	2
100112527	227709500	0	96p6u56	8864	2014-12-17 22	1
100112527	301971092	0	96p6u4v	11821	2014-11-22 13	2
100112527	301971092	0	96p6tuf	11821	2014-11-22 13	2
100112527	216867100	0	96p6tuf	3200	2014-11-20 21	3
100112527	216867100	0	96p6u59	3200	2014-11-20 21	3
100112527	216867100	0	96p6tuk	3200	2014-11-20 21	3
100112527	77821385	0	96p6u43	3272	2014-11-27 20	2
100112527	77821385	0	96p6u42	3272	2014-11-27 20	2
100112527	57798834	0	96p6tvo	13922	2014-11-18 20	3
100112527	57798834	0	96p6tuf	13922	2014-11-18 20	3
100112527	57798834	0	96p6u4u	13922	2014-11-18 20	3
100112527	262406156	0	96p6tuf	7322	2014-12-12 21	2
100112527	262406156	0	96p6u42	7322	2014-12-12 21	2
100112527	316743386	0	96p6tuk	1497	2014-11-27 22	2
100112527	316743386	0	96p6tvo	1497	2014-11-27 22	2
100112527	19761811	0	96p6u59	8892	2014-11-27 22	3
100112527	19761811	0	96p6u4v	8892	2014-11-27 22	3
100112527	19761811	0	96p6tub	8892	2014-11-27 22	3
100112527	377190075	0	96p6u4u	6194	2014-11-20 19	2
100112527	377190075	0	96p6u5v	6194	2014-11-20 19	2
100112527	152590157	0	96p6u55	12536	2014-11-27 22	1
100112527	222803829	0	96p6tvk	12791	2014-11-26 22	2
100112527	222803829	0	96p6tvk	12791	2014-11-26 22	2
100112527	123175703	0	96p6tuo	3827	2014-12-11 22	2
100112527	123175703	0	96p6tub	3827	2014-12-11 22	2
100112527	312534979	0	96p6u41	3272	2014-11-27 20	2
100112527	312534979	0	96p6u4p	3272	2014-11-27 20	2
100112527	29916983	0	96p6tuk	7359	2014-12-14 19	3
100112527	29916983	0	96p6u4r	7359	2014-12-14 19	3
100112527	29916983	0	96p6tul	7359	2014-12-14 19	3
100112527	231177728	0	96p6tug	9610	2014-11-18 21	2
100112527	231177728	0	96p6tva	9610	2014-11-18 21	2
100112527	66236675	0	96p6tum	591	2014-12-11 22	2
100112527	66236675	0	96p6tvm	591	2014-12-11 22	2
100112527	144311906	0	96p6u51	9402	2014-11-20 20	3
100112527	144311906	0	96p6u51	9402	2014-11-20 20	3
100112527	144311906	0	96p6u5q	9402	2014-11-20 20	3
100112527	308202072	0	96p6tuo	3200	2014-11-20 20	2
100112527	308202072	0	96p6u4q	3200	2014-11-20 20	2
100112527	91738189	0	96p6u46	887	2014-11-19 21	1
100112527	362039916	0	96p6u43	7359	2014-12-14 19	2
100112527	362039916	0	96p6u54	7359	2014-12-14 19	2
100112527	61780916	0	96p6u41	11821	2014-11-19 21	4
100112527	61780916	0	96p6u4v	11821	2014-11-19 21	4
100112527	61780916	0	96p6u5q	11821	2014-11-19 21	4
100112527	61780916	0	96p6tvl	11821	2014-11-19 21	4
100112527	174126101	0	96p6tvk	11311	2014-12-04 20	2
100112527	174126101	0	96p6u54	11311	2014-12-04 20	2
100112527	306797617	0	96p6tva	13922	2014-12-12 21	2
100112527	306797617	0	96p6u5h	13922	2014-12-12 21	2
100112527	278229540	0	96p6u51	11797	2014-11-19 21	3
100112527	278229540	0	96p6tvo	11797	2014-11-19 21	3
100112527	278229540	0	96p6u46	11797	2014-11-19 21	3
100112527	290176851	0	96p6tvd	10576	2014-11-28 12	2
100112527	290176851	0	96p6tuf	10576	2014-11-28 12	2
100112527	396286330	0	96p6u4u	6194	2014-11-20 19	2
100112527	396286330	0	96p6u56	6194	2014-12-04 20	2
100112527	70684032	0	96p6u46	1090	2014-11-27 22	2
100112527	70684032	0	96p6u56	1090	2014-11-27 22	2
100112527	244215147	0	96p6tuk	6194	2014-12-16 14	1
100112527	291168425	0	96p6u4v	10576	2014-11-20 19	2
100112527	291168425	0	96p6tve	10576	2014-11-20 19	2
100112527	188634583	0	96p6tui	8892	2014-11-27 22	2
100112527	188634583	0	96p6u42	8892	2014-11-27 22	2
100112527	236395876	0	96p6tvm	4269	2014-12-14 20	2
100112527	236395876	0	96p6u4s	4269	2014-12-14 20	2
100112527	231826562	0	96p6u51	11311	2014-12-04 20	1
100112527	270068700	0	96p6tuk	11821	2014-11-20 21	5
100112527	270068700	0	96p6u55	11821	2014-11-20 21	5
100112527	270068700	0	96p6u56	11821	2014-11-20 21	5
100112527	270068700	0	96p6u57	11821	2014-11-22 13	5
100112527	270068700	0	96p6u44	11821	2014-11-22 13	5
100112527	33873892	0	96p6tue	3200	2014-11-20 20	2
100112527	33873892	0	96p6tue	3200	2014-11-20 20	2
100112527	372114736	0	96p6tuf	3200	2014-11-20 20	2
100112527	372114736	0	96p6u45	3200	2014-11-20 20	2
100112527	283089572	0	96p6tva	11821	2014-11-20 21	4
100112527	283089572	0	96p6tuo	11821	2014-11-22 13	4
100112527	283089572	0	96p6tuk	11821	2014-11-22 13	4
100112527	283089572	0	96p6tuo	11821	2014-11-20 21	4
100112527	195094652	0	96p6u4t	11797	2014-11-19 21	5
100112527	195094652	0	96p6tvi	11797	2014-11-18 20	5
100112527	195094652	0	96p6u56	11797	2014-11-19 21	5
100112527	195094652	0	96p6tvb	11797	2014-11-19 21	5
100112527	195094652	0	96p6u4v	11797	2014-11-18 20	5
100112527	232750150	0	96p6u45	10576	2014-11-26 22	1
100112527	401749155	0	96p6u43	10576	2014-11-28 12	2
100112527	401749155	0	96p6tvj	10576	2014-11-28 12	2
100112527	298421527	0	96p6u46	13769	2014-12-17 22	2
100112527	298421527	0	96p6tul	13769	2014-12-17 22	2
100112527	181478670	0	96p6tuk	13928	2014-11-19 21	3
100112527	181478670	0	96p6u4p	13928	2014-11-19 21	3
100112527	181478670	0	96p6u4q	13928	2014-11-19 21	3
100112527	90342949	0	96p6u4r	6194	2014-11-20 20	3
100112527	90342949	0	96p6tug	6194	2014-11-20 20	3
100112527	90342949	0	96p6tvi	6194	2014-11-20 20	3
100112527	330539107	0	96p6tvg	11821	2014-11-22 13	2
100112527	330539107	0	96p6tuk	11821	2014-11-22 13	2
100112527	83760958	0	96p6tuk	10523	2014-12-14 21	1
100112527	209851210	0	96p6tul	7739	2014-12-14 20	2
100112527	209851210	0	96p6u4v	7739	2014-12-14 20	2
100112527	143952136	0	96p6tug	11821	2014-11-20 21	2
100112527	143952136	0	96p6u59	11821	2014-11-20 21	2
100112527	244217671	0	96p6tul	9610	2014-11-18 21	2
100112527	244217671	0	96p6u40	9610	2014-11-18 21	2
100112527	77065687	0	96p6u46	10523	2014-12-14 21	2
100112527	77065687	0	96p6u4v	10523	2014-12-14 21	2
100112527	287909453	0	96p6u55	1090	2014-11-27 22	2
100112527	287909453	0	96p6u42	1090	2014-11-27 22	2
100112527	124851379	0	96p6u59	8114	2014-12-14 20	1
100112527	332798117	0	96p6tvk	11652	2014-11-25 11	2
100112527	332798117	0	96p6u51	11652	2014-11-25 11	2
100112527	87487672	0	96p6tuw	5553	2014-11-23 16	1
100112527	188946711	0	96p6u4v	11821	2014-11-22 13	2
100112527	188946711	0	96p6tvd	11821	2014-11-22 13	2
100112527	149484859	0	96p6tuk	2459	2014-11-27 21	2
100112527	149484859	0	96p6u52	2459	2014-11-27 21	2
100112527	185299219	0	96p6u4v	12791	2014-11-26 22	2
100112527	185299219	0	96p6tub	12791	2014-11-26 22	2
100112527	364674397	0	96p6tvm	9261	2014-12-11 22	1
100112527	318779431	0	96p6tuk	7322	2014-12-12 21	4
100112527	318779431	0	96p6tul	7322	2014-12-12 21	4
100112527	318779431	0	96p6tul	7322	2014-12-12 21	4
100112527	318779431	0	96p6u5s	7322	2014-12-12 21	4
100112527	361386244	0	96p6tuf	4569	2014-12-08 20	1
100112527	31210003	0	96p6u43	3817	2014-12-17 22	1
100112527	62142841	0	96p6u46	11821	2014-11-22 13	2
100112527	62142841	0	96p6u54	11821	2014-11-22 13	2
100112527	359551568	0	96p6tug	11821	2014-11-20 20	2
100112527	359551568	0	96p6u5q	11821	2014-11-20 20	2
100112527	104620624	0	96p6u56	9610	2014-11-18 21	2
100112527	104620624	0	96p6u46	9610	2014-11-18 21	2
100112527	8270036	0	96p6u46	13825	2014-11-27 21	2
100112527	8270036	0	96p6tvm	13825	2014-11-27 21	2
100112527	46199642	0	96p6tub	1169	2014-11-20 19	2
100112527	46199642	0	96p6u5s	1169	2014-11-20 19	2
100112527	345238262	0	96p6u42	1182	2014-12-08 20	4
100112527	345238262	0	96p6tve	1182	2014-12-08 20	4
100112527	345238262	0	96p6tvo	1182	2014-12-08 20	4
100112527	345238262	0	96p6tuo	1182	2014-12-08 20	4
100112527	86045101	0	96p6u56	3200	2014-11-20 21	2
100112527	86045101	0	96p6u51	3200	2014-11-20 21	2
100112527	313871662	0	96p6tuk	6595	2014-12-17 22	2
100112527	313871662	0	96p6tui	6595	2014-12-17 22	2
100112527	357119347	0	96p6u51	5569	2014-11-23 16	2
100112527	357119347	0	96p6u4t	5569	2014-11-23 16	2
100112527	10463015	0	96p6tub	7359	2014-12-14 20	2
100112527	10463015	0	96p6tvo	7359	2014-12-14 20	2
100112527	220428701	0	96p6tuk	2513	2014-12-17 22	2
100112527	220428701	0	96p6u46	2513	2014-12-17 22	2
100112527	131089140	0	96p6tvj	11821	2014-11-22 13	5
100112527	131089140	0	96p6u5r	11821	2014-11-20 21	5
100112527	131089140	0	96p6u52	11821	2014-11-20 21	5
100112527	131089140	0	96p6tvk	11821	2014-11-22 13	5
100112527	131089140	0	96p6u42	11821	2014-11-22 13	5
100112527	303765596	0	96p6u50	13744	2014-11-27 22	2
100112527	303765596	0	96p6tva	13744	2014-11-27 22	2
100112527	16276304	0	96p6tud	11821	2014-11-20 21	3
100112527	16276304	0	96p6tvb	11821	2014-11-20 21	3
100112527	16276304	0	96p6u57	11821	2014-11-20 21	3
100112527	107541890	0	96p6tuk	10576	2014-11-26 22	2
100112527	107541890	0	96p6u5p	10576	2014-11-26 22	2
100112527	10257512	0	96p6tua	10931	2014-12-11 22	2
100112527	10257512	0	96p6tvo	10931	2014-12-11 22	2
100112527	315566451	0	96p6u57	3827	2014-12-11 22	2
100112527	315566451	0	96p6u4v	3827	2014-12-11 22	2
100112527	338359868	0	96p6u51	12536	2014-11-27 22	4
100112527	338359868	0	96p6u56	12536	2014-11-27 22	4
100112527	338359868	0	96p6u46	12536	2014-11-27 22	4
100112527	338359868	0	96p6u41	12536	2014-11-27 22	4
100112527	326518901	0	96p6tua	10576	2014-11-20 19	2
100112527	326518901	0	96p6u44	10576	2014-11-20 19	2
100112527	335714800	0	96p6tuk	10753	2014-12-11 22	2
100112527	335714800	0	96p6tve	10753	2014-12-11 22	2
100112527	17263148	0	96p6u5q	11406	2014-12-12 21	3
100112527	17263148	0	96p6u4p	11406	2014-12-12 21	3
100112527	17263148	0	96p6u5w	11406	2014-12-12 21	3
100112527	26255040	0	96p6u5q	2010	2014-12-11 22	1
100112527	237305678	0	96p6u4v	3200	2014-11-20 21	2
100112527	237305678	0	96p6tug	3200	2014-11-20 21	2
100112527	362945936	0	96p6tuj	3156	2014-12-17 22	1
100112527	271987580	0	96p6tvd	9268	2014-12-11 22	2
100112527	271987580	0	96p6tub	9268	2014-12-11 22	2
100112527	384006771	0	96p6tvm	7359	2014-12-14 19	2
100112527	384006771	0	96p6u46	7359	2014-12-14 19	2
100112527	320712252	0	96p6tuk	11610	2014-12-08 20	1
100112527	201006075	0	96p6u49	9160	2014-11-20 20	2
100112527	201006075	0	96p6tve	9160	2014-11-20 20	2
100112527	360964354	0	96p6u55	12536	2014-11-27 22	2
100112527	360964354	0	96p6tuf	12536	2014-11-27 22	2
100112527	69636379	0	96p6u5s	7359	2014-12-14 19	2
100112527	69636379	0	96p6tub	7359	2014-12-14 19	2
100112527	174824456	0	96p6tuk	11311	2014-11-18 20	2
100112527	174824456	0	96p6tua	11311	2014-11-18 20	2
100112527	28402494	0	96p6tvf	9559	2014-12-17 22	2
100112527	28402494	0	96p6u46	9559	2014-12-17 22	2
100112527	312116197	0	96p6u46	5569	2014-11-23 16	1
100112527	85751695	0	96p6tul	7739	2014-12-14 20	1
100112527	227753347	0	96p6u4q	10576	2014-11-26 22	2
100112527	227753347	0	96p6tub	10576	2014-11-26 22	2
100112527	301913289	0	96p6tug	3200	2014-11-20 19	2
100112527	301913289	0	96p6u4v	3200	2014-11-20 19	2
100112527	66569648	0	96p6tvd	67	2014-11-26 22	2
100112527	66569648	0	96p6u56	67	2014-11-26 22	2
100112527	273769608	0	96p6tui	3200	2014-11-20 21	2
100112527	273769608	0	96p6u42	3200	2014-11-20 21	2
100112527	111709125	0	96p6u55	5879	2014-11-27 22	2
100112527	111709125	0	96p6u54	5879	2014-11-27 22	2
100112527	280261657	0	96p6tvk	3783	2014-12-11 23	2
100112527	280261657	0	96p6tue	3783	2014-12-11 23	2
100112527	73655468	0	96p6u4u	10576	2014-11-28 12	2
100112527	73655468	0	96p6tvd	10576	2014-11-28 12	2
100112527	393446645	0	96p6tvd	13038	2014-12-14 19	2
100112527	393446645	0	96p6tvk	13038	2014-12-14 19	2
100112527	377864838	0	96p6tuo	6595	2014-12-17 22	2
100112527	377864838	0	96p6u56	6595	2014-12-17 22	2
100112527	148004406	0	96p6tul	3200	2014-11-20 20	2
100112527	148004406	0	96p6u50	3200	2014-11-20 20	2
100112527	399931489	0	96p6u57	4269	2014-12-14 20	2
100112527	399931489	0	96p6tuo	4269	2014-12-14 20	2
100112527	54862105	0	96p6u4v	4844	2014-12-14 20	1
100112527	122112943	0	96p6u51	13103	2014-11-19 21	4
100112527	122112943	0	96p6u4v	13103	2014-11-19 21	4
100112527	122112943	0	96p6u46	13103	2014-11-19 21	4
100112527	122112943	0	96p6u56	13103	2014-11-19 21	4
100112527	326973863	0	96p6u4t	10576	2014-11-20 19	2
100112527	326973863	0	96p6u46	10576	2014-11-20 19	2
100112527	284388159	0	96p6u55	3200	2014-11-20 19	2
100112527	284388159	0	96p6u5p	3200	2014-11-20 19	2
100112527	310407798	0	96p6u4t	12536	2014-11-27 22	3
100112527	310407798	0	96p6tua	12536	2014-11-27 22	3
100112527	310407798	0	96p6tva	12536	2014-11-27 22	3
100112527	38966512	0	96p6u40	4269	2014-12-14 20	1
100112527	206242869	0	96p6u4v	3682	2014-12-11 22	1
100112527	304932416	0	96p6tue	4810	2014-12-14 20	1
100112527	55976033	0	96p6tuf	11821	2014-11-20 19	1
100112527	82448497	0	96p6u4s	5569	2014-11-23 16	1
100112527	6886623	0	96p6tuj	11821	2014-11-22 13	2
100112527	6886623	0	96p6u4u	11821	2014-11-22 13	2
100112527	253348643	0	96p6tuk	11821	2014-11-19 21	2
100112527	253348643	0	96p6u59	11821	2014-11-19 21	2
100112527	213554542	0	96p6u5s	10523	2014-12-14 21	2
100112527	213554542	0	96p6tuf	10523	2014-12-14 21	2
100112527	113814108	0	96p6tuj	3614	2014-11-27 22	2
100112527	113814108	0	96p6u59	3614	2014-11-27 22	2
100112527	215859135	0	96p6tve	9610	2014-11-18 21	1
100112527	159748249	0	96p6u43	10576	2014-11-20 19	2
100112527	159748249	0	96p6u51	10576	2014-11-20 19	2
100112527	141633102	0	96p6u4v	4938	2014-11-27 22	2
100112527	141633102	0	96p6u51	4938	2014-11-27 22	2
100112527	229412516	0	96p6tvf	8864	2014-12-17 22	2
100112527	229412516	0	96p6tuf	8864	2014-12-17 22	2
100112527	367044585	0	96p6u45	11311	2014-11-18 20	2
100112527	367044585	0	96p6tum	11311	2014-11-18 20	2
100112527	42063729	0	96p6tua	11821	2014-11-22 13	3
100112527	42063729	0	96p6tvf	11821	2014-11-22 13	3
100112527	42063729	0	96p6tve	11821	2014-11-22 13	3
100112527	260818603	0	96p6tuf	10576	2014-11-26 22	12
100112527	260818603	0	96p6tvm	10576	2014-11-28 08	12
100112527	260818603	0	96p6u54	10576	2014-11-20 19	12
100112527	260818603	0	96p6u50	10576	2014-11-28 12	12
100112527	260818603	0	96p6tvj	10576	2014-11-20 19	12
100112527	260818603	0	96p6u45	10576	2014-11-19 21	12
100112527	260818603	0	96p6u5p	10576	2014-11-19 21	12
100112527	260818603	0	96p6tum	10576	2014-11-19 21	12
100112527	260818603	0	96p6tuf	10576	2014-11-26 22	12
100112527	260818603	0	96p6tua	10576	2014-11-20 19	12
100112527	260818603	0	96p6tud	10576	2014-11-28 08	12
100112527	260818603	0	96p6u46	10576	2014-11-19 21	12
100112527	72287432	0	96p6u5t	11821	2014-11-19 21	2
100112527	72287432	0	96p6u45	11821	2014-11-19 21	2
100112527	38857926	0	96p6tva	13038	2014-12-14 19	2
100112527	38857926	0	96p6u52	13038	2014-12-14 19	2
100112527	379359926	0	96p6tum	7322	2014-12-12 21	2
100112527	379359926	0	96p6u50	7322	2014-12-12 21	2
100112527	90338489	0	96p6tvi	11311	2014-11-18 20	1
100112527	9441572	0	96p6tub	4269	2014-12-14 20	2
100112527	9441572	0	96p6u4v	4269	2014-12-14 20	2
100112527	41752949	0	96p6tub	10523	2014-12-14 21	2
100112527	41752949	0	96p6u4r	10523	2014-12-14 21	2
100112527	288668707	0	96p6tvd	9610	2014-11-20 20	2
100112527	288668707	0	96p6u5q	9610	2014-11-20 20	2
100112527	129363659	0	96p6tuf	11797	2014-11-19 21	3
100112527	129363659	0	96p6tue	11797	2014-11-19 21	3
100112527	129363659	0	96p6u45	11797	2014-11-19 21	3
100112527	83296876	0	96p6u4p	11097	2014-12-16 14	2
100112527	83296876	0	96p6u4p	11097	2014-12-16 14	2
100112527	235049152	0	96p6tvd	1509	2014-12-14 20	1
100112527	148193406	0	96p6u50	2513	2014-12-17 22	2
100112527	148193406	0	96p6u5q	2513	2014-12-17 22	2
100112527	291926205	0	96p6tvk	172	2014-11-27 21	2
100112527	291926205	0	96p6tve	172	2014-11-27 21	2
100112527	353059639	0	96p6tul	3200	2014-11-20 20	2
100112527	353059639	0	96p6tuo	3200	2014-11-20 20	2
100112527	35680539	0	96p6u43	4076	2014-11-19 21	4
100112527	35680539	0	96p6tve	4076	2014-11-19 21	4
100112527	35680539	0	96p6tvj	4076	2014-11-20 20	4
100112527	35680539	0	96p6tvd	4076	2014-11-20 20	4
100112527	59086082	0	96p6tvd	10576	2014-11-20 19	2
100112527	59086082	0	96p6tvi	10576	2014-11-20 19	2
100112527	400906705	0	96p6u4q	12536	2014-11-27 22	2
100112527	400906705	0	96p6u45	12536	2014-11-27 22	2
100112527	226867569	0	96p6u41	10576	2014-11-28 12	2
100112527	226867569	0	96p6tve	10576	2014-11-28 12	2
100112527	334632289	0	96p6tug	12197	2014-11-20 20	2
100112527	334632289	0	96p6tva	12197	2014-11-20 20	2
100112527	393497828	0	96p6tum	11652	2014-11-25 11	2
100112527	393497828	0	96p6u46	11652	2014-11-25 11	2
100112527	5912709	0	96p6u49	11797	2014-11-18 20	1
100112527	99082717	0	96p6u41	3200	2014-11-20 21	3
100112527	99082717	0	96p6u51	3200	2014-11-20 21	3
100112527	99082717	0	96p6u4s	3200	2014-11-20 21	3
100112527	250666519	0	96p6u5v	7377	2014-12-14 20	2
100112527	250666519	0	96p6tub	7377	2014-12-14 20	2
100112527	171626773	0	96p6u4p	12536	2014-11-27 22	2
100112527	171626773	0	96p6u5r	12536	2014-11-27 22	2
100112527	301088186	0	96p6tuk	13152	2014-12-11 22	2
100112527	301088186	0	96p6u5q	13152	2014-12-11 22	2
100112527	345155216	0	96p6tvm	3200	2014-11-25 22	4
100112527	345155216	0	96p6u4h	3200	2014-11-20 20	4
100112527	345155216	0	96p6u40	3200	2014-11-20 20	4
100112527	345155216	0	96p6u5r	3200	2014-11-25 22	4
100112527	44527108	0	96p6u55	12197	2014-12-15 18	2
100112527	44527108	0	96p6tvd	12197	2014-12-15 18	2
100112527	298925789	0	96p6u57	1807	2014-11-27 22	1
100112527	319205225	0	96p6u49	3884	2014-12-11 22	2
100112527	319205225	0	96p6tul	3884	2014-12-11 22	2
100112527	392241805	0	96p6u47	7322	2014-12-15 18	3
100112527	392241805	0	96p6tuk	7322	2014-12-15 18	3
100112527	392241805	0	96p6u57	7322	2014-12-15 18	3
100112527	162063298	0	96p6u4q	12536	2014-11-27 21	1
100112527	141897203	0	96p6u51	10576	2014-11-26 22	2
100112527	141897203	0	96p6u47	10576	2014-11-26 22	2
100112527	126115189	0	96p6tvf	3884	2014-12-11 22	2
100112527	126115189	0	96p6tvd	3884	2014-12-11 22	2
100112527	370965241	0	96p6tul	13928	2014-11-19 21	2
100112527	370965241	0	96p6u4t	13928	2014-11-19 21	2
100112527	310330414	0	96p6u5r	3200	2014-11-20 21	2
100112527	310330414	0	96p6tuo	3200	2014-11-20 21	2
100112527	89010182	0	96p6u50	4269	2014-12-14 20	2
100112527	89010182	0	96p6u54	4269	2014-12-14 20	2
100112527	275076638	0	96p6u5s	13038	2014-12-14 19	2
100112527	275076638	0	96p6u4s	13038	2014-12-14 19	2
100112527	106087031	0	96p6tuo	13038	2014-12-14 19	2
100112527	106087031	0	96p6u5r	13038	2014-12-14 19	2
100112527	352325163	0	96p6u4t	13922	2014-12-12 21	4
100112527	352325163	0	96p6u47	13922	2014-12-12 21	4
100112527	352325163	0	96p6u56	13922	2014-12-12 21	4
100112527	352325163	0	96p6u4v	13922	2014-12-12 21	4
100112527	127522919	0	96p6tuo	13928	2014-11-18 20	1
100112527	231795798	0	96p6tvd	13928	2014-11-19 21	2
100112527	231795798	0	96p6tuk	13928	2014-11-19 21	2
100112527	160536924	0	96p6u4p	10576	2014-11-26 23	1
100112527	65680238	0	96p6u4q	10576	2014-11-26 22	2
100112527	65680238	0	96p6tuj	10576	2014-11-26 22	2
100112527	298901562	0	96p6tvm	4076	2014-11-19 21	2
100112527	298901562	0	96p6u5n	4076	2014-11-19 21	2
100112527	179222099	0	96p6u50	887	2014-12-06 20	2
100112527	179222099	0	96p6u52	887	2014-12-06 20	2
100112527	151221024	0	96p6u56	3827	2014-12-11 22	2
100112527	151221024	0	96p6tub	3827	2014-12-11 22	2
100112527	171610031	0	96p6tub	3783	2014-12-14 19	2
100112527	171610031	0	96p6u57	3783	2014-12-14 19	2
100112527	161173944	0	96p6u4p	13922	2014-12-12 21	2
100112527	161173944	0	96p6tuk	13922	2014-12-12 21	2
100112527	2595746	0	96p6u4v	13759	2014-11-23 16	1
100112527	365058219	0	96p6u56	12536	2014-11-27 22	2
100112527	365058219	0	96p6u41	12536	2014-11-27 22	2
100112527	42061439	0	96p6tvo	3234	2014-11-27 20	2
100112527	42061439	0	96p6u52	3234	2014-11-27 20	2
100112527	81274419	0	96p6u46	12791	2014-12-06 20	1
100112527	286006108	0	96p6u50	1710	2014-12-11 22	2
100112527	286006108	0	96p6u51	1710	2014-12-11 22	2
100112527	367643743	0	96p6u46	8864	2014-12-17 22	2
100112527	367643743	0	96p6u4h	8864	2014-12-17 22	2
100112527	62849446	0	96p6u56	5869	2014-12-14 19	2
100112527	62849446	0	96p6u4s	5869	2014-12-14 19	2
100112527	2802100	0	96p6u43	5879	2014-11-27 22	3
100112527	2802100	0	96p6tug	5879	2014-11-27 22	3
100112527	2802100	0	96p6u55	5879	2014-11-27 22	3
100112527	124864458	0	96p6u5s	1527	2014-12-15 19	3
100112527	124864458	0	96p6u52	1527	2014-12-15 19	3
100112527	124864458	0	96p6tuk	1527	2014-12-15 19	3
100112527	13552125	0	96p6u57	11821	2014-11-20 20	2
100112527	13552125	0	96p6tvl	11821	2014-11-20 20	2
100112527	261988746	0	96p6u4p	11097	2014-12-16 14	2
100112527	261988746	0	96p6u50	11097	2014-12-16 14	2
100112527	108810466	0	96p6tul	11797	2014-12-16 14	2
100112527	108810466	0	96p6u55	11797	2014-12-16 14	2
100112527	324223612	0	96p6u47	12197	2014-12-15 18	2
100112527	324223612	0	96p6u52	12197	2014-12-15 18	2
100112527	97689993	0	96p6tud	11797	2014-11-19 21	1
100112527	24706508	0	96p6u56	12197	2014-11-20 20	2
100112527	24706508	0	96p6tug	12197	2014-11-20 20	2
100112527	200593656	0	96p6u43	7815	2014-12-14 19	2
100112527	200593656	0	96p6u4q	7815	2014-12-14 19	2
100112527	309976016	0	96p6u56	7739	2014-12-14 20	2
100112527	309976016	0	96p6tub	7739	2014-12-14 20	2
100112527	103043431	0	96p6tud	5553	2014-11-23 16	2
100112527	103043431	0	96p6tuk	5553	2014-11-23 16	2
100112527	121143071	0	96p6u5q	10223	2014-12-17 22	3
100112527	121143071	0	96p6tvm	10223	2014-12-17 22	3
100112527	121143071	0	96p6u4q	10223	2014-12-17 22	3
100112527	69960308	0	96p6u44	6595	2014-12-17 22	2
100112527	69960308	0	96p6tua	6595	2014-12-17 22	2
100112527	334854075	0	96p6u52	10576	2014-11-28 08	2
100112527	334854075	0	96p6u5s	10576	2014-11-28 08	2
100112527	259087270	0	96p6u56	11821	2014-11-20 21	2
100112527	259087270	0	96p6u4t	11821	2014-11-20 21	2
100112527	333325957	0	96p6u59	8864	2014-12-17 22	2
100112527	333325957	0	96p6tva	8864	2014-12-17 22	2
100112527	192130447	0	96p6tug	6194	2014-12-04 20	1
100112527	367043053	0	96p6tug	3200	2014-11-20 21	2
100112527	367043053	0	96p6u41	3200	2014-11-20 21	2
100112527	65284110	0	96p6tuo	13038	2014-12-14 19	1
100112527	54099105	0	96p6tvo	10576	2014-11-26 23	1
100112527	100860677	0	96p6tva	5372	2014-12-14 19	3
100112527	100860677	0	96p6tuo	5372	2014-12-14 19	3
100112527	100860677	0	96p6u4v	5372	2014-12-14 19	3
100112527	147561957	0	96p6tub	8864	2014-12-17 22	2
100112527	147561957	0	96p6u45	8864	2014-12-17 22	2
100112527	197297056	0	96p6u43	3200	2014-11-20 21	2
100112527	197297056	0	96p6u55	3200	2014-11-20 21	2
100112527	7167044	0	96p6tug	3234	2014-11-27 20	1
100112527	260561819	0	96p6tul	10576	2014-11-28 12	3
100112527	260561819	0	96p6u52	10576	2014-11-28 12	3
100112527	260561819	0	96p6u5v	10576	2014-12-01 20	3
100112527	111707128	0	96p6u5v	11821	2014-12-06 20	2
100112527	111707128	0	96p6tub	11821	2014-12-06 20	2
100112527	396296870	0	96p6u59	3783	2014-12-11 23	2
100112527	396296870	0	96p6tub	3783	2014-12-11 23	2
100112527	276603881	0	96p6u50	5569	2014-11-23 16	2
100112527	276603881	0	96p6tud	5569	2014-11-23 16	2
100112527	164850847	0	96p6u47	3200	2014-11-20 20	2
100112527	164850847	0	96p6u5p	3200	2014-11-20 20	2
100112527	76554422	0	96p6tul	4269	2014-12-14 20	2
100112527	76554422	0	96p6u55	4269	2014-12-14 20	2
100112527	303878841	0	96p6u4p	3156	2014-12-17 22	2
100112527	303878841	0	96p6tub	3156	2014-12-17 22	2
100112527	400783490	0	96p6tui	4076	2014-11-20 19	2
100112527	400783490	0	96p6u54	4076	2014-11-20 19	2
100112527	269612592	0	96p6u55	8114	2014-12-14 20	2
100112527	269612592	0	96p6tuo	8114	2014-12-14 20	2
100112527	79925325	0	96p6u51	2513	2014-12-17 22	2
100112527	79925325	0	96p6u5p	2513	2014-12-17 22	2
100112527	111827934	0	96p6tuf	11821	2014-11-22 13	2
100112527	111827934	0	96p6u4v	11821	2014-11-22 13	2
100112527	166051470	0	96p6u4r	11821	2014-11-20 21	4
100112527	166051470	0	96p6u4q	11821	2014-11-22 13	4
100112527	166051470	0	96p6tvo	11821	2014-11-20 21	4
100112527	166051470	0	96p6u51	11821	2014-11-22 13	4
100112527	273256943	0	96p6tul	5553	2014-11-25 22	4
100112527	273256943	0	96p6u51	5553	2014-11-23 16	4
100112527	273256943	0	96p6u5w	5553	2014-11-25 22	4
100112527	273256943	0	96p6tva	5553	2014-11-23 16	4
100112527	309732398	0	96p6u55	10576	2014-11-26 22	2
100112527	309732398	0	96p6u5v	10576	2014-11-26 22	2
100112527	395199373	0	96p6u5s	3200	2014-11-25 22	4
100112527	395199373	0	96p6u54	3200	2014-11-20 20	4
100112527	395199373	0	96p6tud	3200	2014-11-25 22	4
100112527	395199373	0	96p6u41	3200	2014-11-20 20	4
100112527	171321126	0	96p6u4q	3200	2014-11-20 21	2
100112527	171321126	0	96p6tuf	3200	2014-11-20 21	2
100112527	329206214	0	96p6u52	11311	2014-12-04 20	1
100112527	343054927	0	96p6tuf	10576	2014-11-26 22	2
100112527	343054927	0	96p6tuf	10576	2014-11-26 22	2
100112527	107189029	0	96p6u46	7322	2014-12-12 21	3
100112527	107189029	0	96p6u41	7322	2014-12-12 21	3
100112527	107189029	0	96p6tui	7322	2014-12-12 21	3
100112527	376284015	0	96p6tvo	6194	2014-11-20 19	1
100112527	13040191	0	96p6tuf	6226	2014-11-25 11	2
100112527	13040191	0	96p6tul	6226	2014-11-25 11	2
100112527	214601167	0	96p6tva	11821	2014-11-22 13	2
100112527	214601167	0	96p6tvi	11821	2014-11-22 13	2
100112527	323917584	0	96p6tva	8864	2014-12-17 22	2
100112527	323917584	0	96p6tvo	8864	2014-12-17 22	2
100112527	365368061	0	96p6tvl	3614	2014-11-27 22	4
100112527	365368061	0	96p6u53	3614	2014-11-27 22	4
100112527	365368061	0	96p6u54	3614	2014-11-27 22	4
100112527	365368061	0	96p6tug	3614	2014-11-27 22	4
100112527	375701730	0	96p6tuf	13038	2014-12-14 19	2
100112527	375701730	0	96p6u55	13038	2014-12-14 19	2
100112527	381639978	0	96p6u5r	4269	2014-12-14 20	2
100112527	381639978	0	96p6u4t	4269	2014-12-14 20	2
100112527	13753592	0	96p6tuk	10576	2014-11-28 12	4
100112527	13753592	0	96p6u50	10576	2014-11-20 19	4
100112527	13753592	0	96p6tvk	10576	2014-11-28 12	4
100112527	13753592	0	96p6tvo	10576	2014-11-20 19	4
100112527	319906201	0	96p6tvo	3200	2014-11-20 21	2
100112527	319906201	0	96p6tui	3200	2014-11-20 21	2
100112527	62534459	0	96p6u50	3817	2014-12-17 22	2
100112527	62534459	0	96p6tub	3817	2014-12-17 22	2
100112527	396166303	0	96p6tva	67	2014-11-20 19	2
100112527	396166303	0	96p6u4t	67	2014-11-20 19	2
100112527	61887912	0	96p6tum	9610	2014-11-18 21	2
100112527	61887912	0	96p6u54	9610	2014-11-18 21	2
100112527	395984637	0	96p6tvd	7609	2014-11-27 21	1
100112527	35291332	0	96p6u43	3200	2014-11-20 21	2
100112527	35291332	0	96p6u4q	3200	2014-11-20 21	2
100112527	293852144	0	96p6u4u	7739	2014-12-14 20	2
100112527	293852144	0	96p6tuo	7739	2014-12-14 20	2
100112527	103684524	0	96p6tvd	6082	2014-12-12 21	2
100112527	103684524	0	96p6u4p	6082	2014-12-12 21	2
100112527	163716170	0	96p6tva	1843	2014-12-17 21	1
100112527	305662049	0	96p6u51	10576	2014-11-26 23	1
100112527	109704174	0	96p6tvd	13928	2014-11-18 20	2
100112527	109704174	0	96p6u52	13928	2014-11-18 20	2
100112527	204126362	0	96p6u45	7739	2014-12-14 20	2
100112527	204126362	0	96p6tva	7739	2014-12-14 20	2
100112527	175268043	0	96p6tuo	7322	2014-12-12 21	2
100112527	175268043	0	96p6tui	7322	2014-12-12 21	2
100112527	276416527	0	96p6tvd	13922	2014-12-14 19	2
100112527	276416527	0	96p6u56	13922	2014-12-14 19	2
100112527	172814949	0	96p6tvd	12375	2014-11-27 22	2
100112527	172814949	0	96p6u4r	12375	2014-11-27 22	2
100112527	56893580	0	96p6u41	8892	2014-11-27 22	1
100112527	403641184	0	96p6u42	3234	2014-11-27 20	2
100112527	403641184	0	96p6tvk	3234	2014-11-27 20	2
100112527	65102316	0	96p6tul	7242	2014-12-15 07	1
100112527	228825922	0	96p6tuk	6194	2014-11-20 20	2
100112527	228825922	0	96p6u59	6194	2014-11-20 20	2
100112527	155846018	0	96p6tui	3200	2014-11-20 20	2
100112527	155846018	0	96p6u46	3200	2014-11-20 20	2
100112527	90726793	0	96p6tud	8560	2014-11-26 22	2
100112527	90726793	0	96p6tve	8560	2014-11-26 22	2
100112527	133223144	0	96p6u4r	12228	2014-12-14 19	2
100112527	133223144	0	96p6u4v	12228	2014-12-14 19	2
100112527	19479039	0	96p6tub	7359	2014-12-14 19	2
100112527	19479039	0	96p6tvf	7359	2014-12-14 19	2
100112527	354483803	0	96p6tui	11797	2014-12-06 21	3
100112527	354483803	0	96p6u40	11797	2014-12-06 21	3
100112527	354483803	0	96p6tuk	11797	2014-12-06 21	3
100112527	87832640	0	96p6tuk	3783	2014-12-11 23	3
100112527	87832640	0	96p6u55	3783	2014-12-11 23	3
100112527	87832640	0	96p6tui	3783	2014-12-11 23	3
100112527	231448333	0	96p6tvo	8864	2014-12-17 22	2
100112527	231448333	0	96p6u55	8864	2014-12-17 22	2
100112527	381163820	0	96p6u4q	11821	2014-11-19 21	3
100112527	381163820	0	96p6tuf	11821	2014-11-19 21	3
100112527	381163820	0	96p6u4q	11821	2014-11-19 21	3
100112527	76263969	0	96p6tuo	13038	2014-12-14 19	3
100112527	76263969	0	96p6u57	13038	2014-12-14 19	3
100112527	76263969	0	96p6tub	13038	2014-12-14 19	3
100112527	64475857	0	96p6tvi	3200	2014-11-20 20	2
100112527	64475857	0	96p6tuo	3200	2014-11-20 20	2
100112527	362626075	0	96p6tvm	10576	2014-11-28 12	2
100112527	362626075	0	96p6u4t	10576	2014-11-28 12	2
100112527	395122208	0	96p6u50	13928	2014-12-06 21	1
100112527	157178171	0	96p6tua	3200	2014-11-20 20	2
100112527	157178171	0	96p6tue	3200	2014-11-20 20	2
100112527	369089326	0	96p6u5u	6382	2014-11-26 22	2
100112527	369089326	0	96p6u4v	6382	2014-11-26 22	2
100112527	283961546	0	96p6tug	3156	2014-12-17 22	2
100112527	283961546	0	96p6u54	3156	2014-12-17 22	2
100112527	152709356	0	96p6u4u	10576	2014-11-26 22	2
100112527	152709356	0	96p6u5v	10576	2014-11-26 22	2
100112527	359921214	0	96p6tvd	3234	2014-11-27 20	2
100112527	359921214	0	96p6u4t	3234	2014-11-27 20	2
100112527	31869822	0	96p6u46	8864	2014-12-17 22	2
100112527	31869822	0	96p6u4v	8864	2014-12-17 22	2
100112527	221865074	0	96p6u52	12375	2014-11-27 22	4
100112527	221865074	0	96p6tva	12375	2014-11-27 22	4
100112527	221865074	0	96p6tud	12375	2014-11-27 22	4
100112527	221865074	0	96p6u5v	12375	2014-11-27 22	4
100112527	69467199	0	96p6u5r	6595	2014-12-17 22	1
100112527	277043747	0	96p6u43	8723	2014-12-11 22	1
100112527	73189010	0	96p6tvo	1718	2014-11-26 22	2
100112527	73189010	0	96p6tuf	1718	2014-11-26 22	2
100112527	99894336	0	96p6tub	10576	2014-11-28 12	4
100112527	99894336	0	96p6u4p	10576	2014-11-26 23	4
100112527	99894336	0	96p6u45	10576	2014-11-26 23	4
100112527	99894336	0	96p6u4q	10576	2014-11-28 12	4
100112527	208701846	0	96p6tul	11797	2014-11-19 21	1
100112527	121114859	0	96p6tvd	11797	2014-11-19 21	2
100112527	121114859	0	96p6u56	11797	2014-11-19 21	2
100112527	80404531	0	96p6u4r	10523	2014-12-14 21	1
100112527	315731141	0	96p6tub	3156	2014-12-17 22	2
100112527	315731141	0	96p6u56	3156	2014-12-17 22	2
100112527	301339484	0	96p6tva	11821	2014-11-19 21	3
100112527	301339484	0	96p6u57	11821	2014-11-19 21	3
100112527	301339484	0	96p6tuf	11821	2014-11-19 21	3
100112527	63686709	0	96p6u4q	1182	2014-12-08 20	2
100112527	63686709	0	96p6u4w	1182	2014-12-08 20	2
100112527	371432883	0	96p6u4t	13038	2014-12-14 19	3
100112527	371432883	0	96p6tvd	13038	2014-12-14 19	3
100112527	371432883	0	96p6u5s	13038	2014-12-14 19	3
100112527	277887398	0	96p6tuk	8864	2014-12-17 22	2
100112527	277887398	0	96p6u4t	8864	2014-12-17 22	2
100112527	66835431	0	96p6tuo	3783	2014-12-11 23	3
100112527	66835431	0	96p6tuo	3783	2014-12-11 23	3
100112527	66835431	0	96p6u57	3783	2014-12-11 23	3
100112527	44674207	0	96p6tvk	1463	2014-11-27 22	2
100112527	44674207	0	96p6u4v	1463	2014-11-27 22	2
100112527	346303166	0	96p6tua	887	2014-12-06 20	3
100112527	346303166	0	96p6tud	887	2014-12-06 20	3
100112527	346303166	0	96p6tvk	887	2014-12-06 20	3
100112527	60617727	0	96p6u5p	12311	2014-11-23 16	3
100112527	60617727	0	96p6tug	12311	2014-11-25 22	3
100112527	60617727	0	96p6u52	12311	2014-11-25 22	3
100112527	220512954	0	96p6tua	13928	2014-11-19 21	1
100112527	123599363	0	96p6tvo	11311	2014-11-18 20	2
100112527	123599363	0	96p6u4u	11311	2014-11-18 20	2
100112527	169311822	0	96p6u54	3200	2014-11-20 20	2
100112527	169311822	0	96p6tvf	3200	2014-11-20 20	2
100112527	119381771	0	96p6u56	11821	2014-12-06 20	1
100112527	71846790	0	96p6u46	11821	2014-11-19 21	3
100112527	71846790	0	96p6tug	11821	2014-11-19 21	3
100112527	71846790	0	96p6tvj	11821	2014-11-19 21	3
100112527	138784849	0	96p6tvd	11652	2014-11-25 11	2
100112527	138784849	0	96p6u4u	11652	2014-11-25 11	2
100112527	138735562	0	96p6tva	11797	2014-11-18 20	1
100112527	389471666	0	96p6tuk	3827	2014-12-11 22	2
100112527	389471666	0	96p6tub	3827	2014-12-11 22	2
100112527	9179018	0	96p6u4v	4269	2014-12-14 20	2
100112527	9179018	0	96p6tva	4269	2014-12-14 20	2
100112527	25749176	0	96p6tuk	3272	2014-11-27 20	2
100112527	25749176	0	96p6u4p	3272	2014-11-27 20	2
100112527	141812380	0	96p6u47	11821	2014-11-22 13	2
100112527	141812380	0	96p6tvk	11821	2014-11-22 13	2
100112527	8393245	0	96p6u56	11493	2014-12-06 20	2
100112527	8393245	0	96p6u59	11493	2014-12-06 20	2
100112527	142111833	0	96p6u4v	13922	2014-12-12 21	2
100112527	142111833	0	96p6u47	13922	2014-12-12 21	2
100112527	186542634	0	96p6u46	10576	2014-11-20 19	2
100112527	186542634	0	96p6u57	10576	2014-11-20 19	2
100112527	288229146	0	96p6tvb	11797	2014-12-06 21	1
100112527	112759798	0	96p6u55	11797	2014-12-16 14	2
100112527	112759798	0	96p6u55	11797	2014-12-16 14	2
100112527	73648353	0	96p6tuk	7739	2014-12-14 20	2
100112527	73648353	0	96p6tuf	7739	2014-12-14 20	2
100112527	333549630	0	96p6tuo	7739	2014-12-14 20	1
100112527	358531302	0	96p6u43	6082	2014-12-12 21	2
100112527	358531302	0	96p6tuo	6082	2014-12-12 21	2
100112527	57779633	0	96p6u4s	3200	2014-11-20 20	4
100112527	57779633	0	96p6tua	3200	2014-11-20 20	4
100112527	57779633	0	96p6tva	3200	2014-11-25 22	4
100112527	57779633	0	96p6u45	3200	2014-11-25 22	4
100112527	294957990	0	96p6tui	13038	2014-12-14 19	2
100112527	294957990	0	96p6tuo	13038	2014-12-14 19	2
100112527	221639564	0	96p6u57	7359	2014-12-14 19	2
100112527	221639564	0	96p6u4p	7359	2014-12-14 19	2
100112527	269415768	0	96p6tuo	6194	2014-11-20 20	2
100112527	269415768	0	96p6tvi	6194	2014-11-20 20	2
100112527	236968017	0	96p6u41	8892	2014-11-27 22	2
100112527	236968017	0	96p6tum	8892	2014-11-27 22	2
100112527	210397588	0	96p6u41	10576	2014-11-26 23	3
100112527	210397588	0	96p6tva	10576	2014-11-26 23	3
100112527	210397588	0	96p6u51	10576	2014-11-26 23	3
100112527	111378737	0	96p6tuo	13922	2014-12-13 18	4
100112527	111378737	0	96p6u5s	13922	2014-12-12 21	4
100112527	111378737	0	96p6u51	13922	2014-12-12 21	4
100112527	111378737	0	96p6u5n	13922	2014-12-12 21	4
100112527	162732234	0	96p6tub	10576	2014-11-28 12	2
100112527	162732234	0	96p6tvd	10576	2014-11-28 12	2
100112527	267750763	0	96p6tua	6194	2014-12-04 20	2
100112527	267750763	0	96p6u45	6194	2014-12-04 20	2
100112527	366219206	0	96p6u49	11821	2014-11-19 21	2
100112527	366219206	0	96p6tud	11821	2014-11-19 21	2
100112527	25866229	0	96p6u44	11652	2014-11-25 11	2
100112527	25866229	0	96p6tva	11652	2014-11-25 11	2
100112527	54511682	0	96p6tvi	4076	2014-11-20 19	1
100112527	339291984	0	96p6u51	2459	2014-11-27 20	2
100112527	339291984	0	96p6u4p	2459	2014-11-27 20	2
100112527	309447885	0	96p6u4p	4076	2014-11-19 21	3
100112527	309447885	0	96p6tvk	4076	2014-11-20 19	3
100112527	309447885	0	96p6u5s	4076	2014-11-19 21	3
100112527	204455663	0	96p6u46	11821	2014-11-20 19	1
100112527	87904499	0	96p6tva	7359	2014-12-14 19	1
100112527	154659907	0	96p6tuj	8864	2014-12-17 22	1
100112527	298409015	0	96p6tvm	7322	2014-12-14 19	2
100112527	298409015	0	96p6u43	7322	2014-12-14 19	2
100112527	303682476	0	96p6tvd	7359	2014-12-14 19	3
100112527	303682476	0	96p6tvd	7359	2014-12-14 19	3
100112527	303682476	0	96p6tua	7359	2014-12-14 19	3
100112527	342794736	0	96p6tua	13922	2014-11-20 19	2
100112527	342794736	0	96p6u4v	13922	2014-11-20 19	2
100112527	84547325	0	96p6tuo	8892	2014-11-27 22	2
100112527	84547325	0	96p6u47	8892	2014-11-27 22	2
100112527	267226815	0	96p6tul	3234	2014-11-27 20	2
100112527	267226815	0	96p6u4v	3234	2014-11-27 20	2
100112527	205170124	0	96p6tui	13038	2014-12-14 19	2
100112527	205170124	0	96p6tuo	13038	2014-12-14 19	2
100112527	403710538	0	96p6u52	887	2014-11-18 20	2
100112527	403710538	0	96p6u42	887	2014-11-18 20	2
100112527	232459886	0	96p6u55	11797	2014-11-19 21	4
100112527	232459886	0	96p6tub	11797	2014-11-19 21	4
100112527	232459886	0	96p6u5r	11797	2014-11-19 21	4
100112527	232459886	0	96p6tug	11797	2014-11-19 21	4
100112527	190487516	0	96p6tvd	3475	2014-12-17 21	1
100112527	381993320	0	96p6tuk	3783	2014-12-11 23	2
100112527	381993320	0	96p6tuf	3783	2014-12-11 23	2
100112527	126659688	0	96p6tud	10576	2014-11-26 22	2
100112527	126659688	0	96p6u54	10576	2014-11-26 22	2
100112527	369634220	0	96p6u41	3783	2014-12-11 23	2
100112527	369634220	0	96p6tum	3783	2014-12-11 23	2
100112527	245894592	0	96p6u4v	11821	2014-11-22 13	2
100112527	245894592	0	96p6tvd	11821	2014-11-22 13	2
100112527	222466949	0	96p6u4s	11797	2014-12-06 21	3
100112527	222466949	0	96p6tug	11797	2014-12-06 21	3
100112527	222466949	0	96p6tug	11797	2014-12-06 21	3
100112527	171567415	0	96p6tva	5553	2014-11-23 16	2
100112527	171567415	0	96p6u4u	5553	2014-11-23 16	2
100112527	12245064	0	96p6u42	3156	2014-12-17 22	2
100112527	12245064	0	96p6u40	3156	2014-12-17 22	2
100112527	400121336	0	96p6u59	2277	2014-12-16 14	1
100112527	232813126	0	96p6u5u	9933	2014-11-20 20	2
100112527	232813126	0	96p6tua	9933	2014-11-20 20	2
100112527	6611468	0	96p6u55	7359	2014-12-14 19	3
100112527	6611468	0	96p6tve	7359	2014-12-14 19	3
100112527	6611468	0	96p6tub	7359	2014-12-14 19	3
100112527	382988991	0	96p6u5s	11821	2014-11-22 13	4
100112527	382988991	0	96p6u4t	11821	2014-11-22 13	4
100112527	382988991	0	96p6tul	11821	2014-11-22 13	4
100112527	382988991	0	96p6tuf	11821	2014-11-22 13	4
100112527	292794084	0	96p6tvg	10576	2014-11-26 22	1
100112527	104957946	0	96p6tvi	6194	2014-11-20 20	2
100112527	104957946	0	96p6tuf	6194	2014-11-20 20	2
100112527	119231306	0	96p6tvd	10523	2014-12-14 21	2
100112527	119231306	0	96p6tve	10523	2014-12-14 21	2
100112527	172647065	0	96p6tuf	10576	2014-11-28 08	2
100112527	172647065	0	96p6u4v	10576	2014-11-28 08	2
100112527	371652585	0	96p6tve	4269	2014-12-14 20	2
100112527	371652585	0	96p6tuk	4269	2014-12-14 20	2
100112527	393469272	0	96p6u5r	4076	2014-11-19 21	2
100112527	393469272	0	96p6u51	4076	2014-11-19 21	2
100112527	87105658	0	96p6tuo	8560	2014-11-26 22	2
100112527	87105658	0	96p6tvj	8560	2014-11-26 22	2
100112527	206940192	0	96p6u4v	11821	2014-11-20 19	1
100112527	13241248	0	96p6tvm	10576	2014-11-26 22	2
100112527	13241248	0	96p6u42	10576	2014-11-26 22	2
100112527	332162299	0	96p6tvd	2513	2014-12-17 21	1
100112527	39852974	0	96p6u56	7359	2014-12-14 19	3
100112527	39852974	0	96p6u4p	7359	2014-12-14 19	3
100112527	39852974	0	96p6tvd	7359	2014-12-14 19	3
100112527	2790593	0	96p6u4t	5879	2014-11-27 22	2
100112527	2790593	0	96p6u5s	5879	2014-11-27 22	2
100112527	280955824	0	96p6tvb	6595	2014-12-17 22	2
100112527	280955824	0	96p6tuo	6595	2014-12-17 22	2
100112527	205297472	0	96p6tuo	3798	2014-12-17 21	1
100112527	354351136	0	96p6tve	10576	2014-11-28 08	2
100112527	354351136	0	96p6u4v	10576	2014-11-28 08	2
100112527	260465872	0	96p6u4p	11097	2014-12-16 14	2
100112527	260465872	0	96p6tvd	11097	2014-12-16 14	2
100112527	248645572	0	96p6u4v	11680	2014-11-27 21	4
100112527	248645572	0	96p6tvf	11680	2014-11-27 21	4
100112527	248645572	0	96p6u52	11680	2014-11-27 21	4
100112527	248645572	0	96p6u5s	11680	2014-11-27 21	4
100112527	135241631	0	96p6u4h	9170	2014-12-08 20	1
100112527	403969021	0	96p6u52	11406	2014-12-12 21	2
100112527	403969021	0	96p6tul	11406	2014-12-12 21	2
100112527	159359517	0	96p6u52	12536	2014-11-27 21	2
100112527	159359517	0	96p6tvm	12536	2014-11-27 21	2
100112527	189165540	0	96p6tvi	11797	2014-12-06 21	3
100112527	189165540	0	96p6tub	11797	2014-12-06 21	3
100112527	189165540	0	96p6tvm	11797	2014-12-06 21	3
100112527	374680447	0	96p6tvb	8966	2014-12-05 22	4
100112527	374680447	0	96p6tvd	8966	2014-12-05 22	4
100112527	374680447	0	96p6tuo	8966	2014-12-05 22	4
100112527	374680447	0	96p6tuo	8966	2014-12-05 22	4
100112527	19245110	0	96p6u47	13928	2014-11-18 20	1
100112527	27880658	0	96p6tuo	8114	2014-12-14 20	2
100112527	27880658	0	96p6tug	8114	2014-12-14 20	2
100112527	261616787	0	96p6tub	10576	2014-11-26 22	2
100112527	261616787	0	96p6u41	10576	2014-11-26 22	2
100112527	371480552	0	96p6tud	10576	2014-11-26 23	3
100112527	371480552	0	96p6u46	10576	2014-11-26 23	3
100112527	371480552	0	96p6tuo	10576	2014-11-26 23	3
100112527	196541618	0	96p6tum	10576	2014-11-28 12	3
100112527	196541618	0	96p6tuk	10576	2014-11-28 12	3
100112527	196541618	0	96p6tuf	10576	2014-11-28 12	3
100112527	109992421	0	96p6tuf	2010	2014-12-11 22	1
100112527	274307009	0	96p6tub	8864	2014-12-17 22	2
100112527	274307009	0	96p6tuk	8864	2014-12-17 22	2
100112527	55824412	0	96p6tuo	13038	2014-12-14 19	1
100112527	84728237	0	96p6tvd	4269	2014-12-14 20	1
100112527	174268574	0	96p6u55	5569	2014-11-23 16	2
100112527	174268574	0	96p6tve	5569	2014-11-23 16	2
100112527	268374294	0	96p6u42	3200	2014-11-20 21	2
100112527	268374294	0	96p6u4v	3200	2014-11-20 21	2
100112527	188332992	0	96p6u45	11787	2014-11-27 21	2
100112527	188332992	0	96p6tvi	11787	2014-11-27 21	2
100112527	160555744	0	96p6u44	7359	2014-12-14 19	2
100112527	160555744	0	96p6tvm	7359	2014-12-14 19	2
100112527	102672831	0	96p6u4v	7739	2014-12-14 20	2
100112527	102672831	0	96p6u55	7739	2014-12-14 20	2
100112527	17790735	0	96p6tub	11821	2014-12-06 20	3
100112527	17790735	0	96p6tva	11821	2014-12-06 20	3
100112527	17790735	0	96p6u4s	11821	2014-12-06 20	3
100112527	146749744	0	96p6tva	12791	2014-11-26 22	2
100112527	146749744	0	96p6u4u	12791	2014-11-26 22	2
100112527	383836924	0	96p6tvd	8864	2014-12-17 22	2
100112527	383836924	0	96p6u4t	8864	2014-12-17 22	2
100112527	107239723	0	96p6u4t	4076	2014-11-19 21	2
100112527	107239723	0	96p6u51	4076	2014-11-19 21	2
100112527	357661120	0	96p6u4p	10576	2014-11-26 22	10
100112527	357661120	0	96p6u54	10576	2014-11-20 19	10
100112527	357661120	0	96p6tud	10576	2014-11-28 12	10
100112527	357661120	0	96p6tvj	10576	2014-12-01 20	10
100112527	357661120	0	96p6tud	10576	2014-11-28 08	10
100112527	357661120	0	96p6tug	10576	2014-12-01 20	10
100112527	357661120	0	96p6tuj	10576	2014-11-28 08	10
100112527	357661120	0	96p6u51	10576	2014-11-26 22	10
100112527	357661120	0	96p6tuo	10576	2014-11-20 19	10
100112527	357661120	0	96p6tvk	10576	2014-11-26 22	10
100112527	199036342	0	96p6tvo	10576	2014-11-20 19	2
100112527	199036342	0	96p6tuo	10576	2014-11-20 19	2
100112527	50228869	0	96p6tvk	10576	2014-11-20 19	3
100112527	50228869	0	96p6u5p	10576	2014-11-20 19	3
100112527	50228869	0	96p6tuk	10576	2014-11-20 19	3
100112527	319661134	0	96p6u4v	13922	2014-11-20 20	2
100112527	319661134	0	96p6tuo	13922	2014-11-20 20	2
100112527	314491310	0	96p6u4q	5879	2014-11-27 22	1
100112527	177118905	0	96p6tvd	6194	2014-11-20 19	2
100112527	177118905	0	96p6tul	6194	2014-11-20 19	2
100112527	384663436	0	96p6u5p	10216	2014-11-23 16	1
100112527	300257552	0	96p6tva	6194	2014-11-20 19	2
100112527	300257552	0	96p6tvk	6194	2014-11-20 19	2
100112527	223167797	0	96p6tum	13922	2014-12-12 21	2
100112527	223167797	0	96p6tuo	13922	2014-12-12 21	2
100112527	126329605	0	96p6u5r	4269	2014-12-14 20	2
100112527	126329605	0	96p6u55	4269	2014-12-14 20	2
100112527	225652954	0	96p6tuj	4076	2014-11-19 21	2
100112527	225652954	0	96p6tuf	4076	2014-11-19 21	2
100112527	5863439	0	96p6u51	10576	2014-11-26 22	1
100112527	308659121	0	96p6tug	13038	2014-12-14 19	2
100112527	308659121	0	96p6tuf	13038	2014-12-14 19	2
100112527	141781858	0	96p6u46	434	2014-11-20 20	4
100112527	141781858	0	96p6u41	434	2014-11-20 20	4
100112527	141781858	0	96p6u5p	434	2014-11-20 20	4
100112527	141781858	0	96p6tuo	434	2014-11-20 20	4
100112527	124421003	0	96p6u4q	924	2014-12-04 20	1
100112527	122883753	0	96p6tub	924	2014-12-16 14	1
100112527	109096865	0	96p6u51	5351	2014-11-26 23	1
100112527	391284845	0	96p6u41	10576	2014-11-26 22	7
100112527	391284845	0	96p6tvf	10576	2014-11-26 22	7
100112527	391284845	0	96p6u43	10576	2014-11-19 21	7
100112527	391284845	0	96p6tvb	10576	2014-11-26 22	7
100112527	391284845	0	96p6tvk	10576	2014-11-19 21	7
100112527	391284845	0	96p6tvd	10576	2014-11-26 22	7
100112527	391284845	0	96p6u4v	10576	2014-11-19 21	7
100112527	194707391	0	96p6tua	887	2014-12-06 20	3
100112527	194707391	0	96p6tuf	887	2014-12-06 20	3
100112527	194707391	0	96p6tue	887	2014-12-06 20	3
100112527	102000280	0	96p6tvd	10029	2014-12-17 21	1
100112527	70165275	0	96p6tul	4269	2014-12-14 20	2
100112527	70165275	0	96p6u4u	4269	2014-12-14 20	2
100112527	123005743	0	96p6u51	5869	2014-12-14 19	2
100112527	123005743	0	96p6u4s	5869	2014-12-14 19	2
100112527	171621457	0	96p6u5q	10576	2014-11-26 22	2
100112527	171621457	0	96p6u46	10576	2014-11-26 22	2
100112527	50326082	0	96p6tvf	9933	2014-12-15 18	2
100112527	50326082	0	96p6u4c	9933	2014-12-15 18	2
100112527	319781734	0	96p6u4q	8378	2014-11-20 19	2
100112527	319781734	0	96p6u4v	8378	2014-11-20 19	2
100112527	371949009	0	96p6u46	6194	2014-11-20 19	2
100112527	371949009	0	96p6tuk	6194	2014-11-20 19	2
100112527	382395877	0	96p6tva	2513	2014-12-17 21	1
100112527	30639619	0	96p6tvd	12919	2014-12-05 22	3
100112527	30639619	0	96p6tvd	12919	2014-12-05 22	3
100112527	30639619	0	96p6tud	12919	2014-12-05 22	3
100112527	331379852	0	96p6tvg	10753	2014-12-11 22	2
100112527	331379852	0	96p6u56	10753	2014-12-11 22	2
100112527	332041875	0	96p6tuf	10576	2014-11-28 12	1
100112527	13105321	0	96p6u4q	11821	2014-11-22 13	7
100112527	13105321	0	96p6u52	11821	2014-11-20 21	7
100112527	13105321	0	96p6u55	11821	2014-11-22 13	7
100112527	13105321	0	96p6u5q	11821	2014-11-25 22	7
100112527	13105321	0	96p6u51	11821	2014-11-20 21	7
100112527	13105321	0	96p6u4n	11821	2014-11-25 22	7
100112527	13105321	0	96p6u4s	11821	2014-11-20 21	7
100112527	126775652	0	96p6u56	6194	2014-11-20 20	2
100112527	126775652	0	96p6u51	6194	2014-11-20 20	2
100112527	286161395	0	96p6u56	11821	2014-11-20 19	2
100112527	286161395	0	96p6tuf	11821	2014-11-20 19	2
100112527	391784991	0	96p6u4q	10576	2014-11-26 22	1
100112527	57005159	0	96p6u42	13038	2014-12-14 19	3
100112527	57005159	0	96p6u4p	13038	2014-12-14 19	3
100112527	57005159	0	96p6tud	13038	2014-12-14 19	3
100112527	308874248	0	96p6u4t	8864	2014-12-17 22	2
100112527	308874248	0	96p6tvk	8864	2014-12-17 22	2
100112527	265956415	0	96p6u47	2010	2014-12-11 22	2
100112527	265956415	0	96p6tve	2010	2014-12-11 22	2
100112527	388195863	0	96p6u45	4269	2014-12-14 20	2
100112527	388195863	0	96p6u41	4269	2014-12-14 20	2
100112527	398115270	0	96p6tul	5569	2014-11-23 16	2
100112527	398115270	0	96p6tve	5569	2014-11-23 16	2
100112527	327190779	0	96p6u46	11821	2014-11-20 21	7
100112527	327190779	0	96p6u46	11821	2014-11-25 22	7
100112527	327190779	0	96p6tuo	11821	2014-11-22 13	7
100112527	327190779	0	96p6u50	11821	2014-11-22 13	7
100112527	327190779	0	96p6u5t	11821	2014-11-20 21	7
100112527	327190779	0	96p6u40	11821	2014-11-20 21	7
100112527	327190779	0	96p6u59	11821	2014-11-25 22	7
100112527	313048583	0	96p6tva	3156	2014-12-17 22	2
100112527	313048583	0	96p6tvo	3156	2014-12-17 22	2
100112527	17290846	0	96p6u56	10576	2014-11-20 19	2
100112527	17290846	0	96p6tua	10576	2014-11-20 19	2
100112527	90562716	0	96p6u44	6194	2014-12-04 20	1
100112527	259795137	0	96p6u47	3272	2014-11-27 20	2
100112527	259795137	0	96p6tvm	3272	2014-11-27 20	2
100112527	232226079	0	96p6u4r	11406	2014-12-12 21	1
100112527	16740502	0	96p6tvi	4938	2014-11-27 22	4
100112527	16740502	0	96p6tvk	4938	2014-11-27 22	4
100112527	16740502	0	96p6u4q	4938	2014-11-27 22	4
100112527	16740502	0	96p6u45	4938	2014-11-27 22	4
100112527	394235569	0	96p6u46	8864	2014-12-17 22	2
100112527	394235569	0	96p6u50	8864	2014-12-17 22	2
100112527	121616781	0	96p6tua	7359	2014-12-14 19	3
100112527	121616781	0	96p6u56	7359	2014-12-14 19	3
100112527	121616781	0	96p6tvi	7359	2014-12-14 19	3
100112527	48363783	0	96p6u51	11097	2014-12-16 14	1
100112527	106246737	0	96p6u4t	10072	2014-12-04 20	1
100112527	360046898	0	96p6u49	13922	2014-12-12 21	1
100112527	202808442	0	96p6u4u	4721	2014-11-23 16	3
100112527	202808442	0	96p6tvf	4721	2014-11-23 16	3
100112527	202808442	0	96p6tuo	4721	2014-11-23 16	3
100112527	242346733	0	96p6u4s	6382	2014-11-26 22	3
100112527	242346733	0	96p6u4v	6382	2014-11-26 22	3
100112527	242346733	0	96p6u5q	6382	2014-11-26 22	3
100112527	220819497	0	96p6u4r	7359	2014-12-14 19	3
100112527	220819497	0	96p6u45	7359	2014-12-14 19	3
100112527	220819497	0	96p6tul	7359	2014-12-14 19	3
100112527	309857531	0	96p6u4v	11797	2014-12-16 14	2
100112527	309857531	0	96p6tvm	11797	2014-12-16 14	2
100112527	536049	0	96p6tul	7322	2014-12-12 21	1
100112527	135448229	0	96p6u46	7806	2014-12-14 20	3
100112527	135448229	0	96p6tuf	7806	2014-12-14 20	3
100112527	135448229	0	96p6tul	7806	2014-12-14 20	3
100112527	271245315	0	96p6u51	11821	2014-11-20 20	2
100112527	271245315	0	96p6tub	11821	2014-11-20 20	2
100112527	79289939	0	96p6tum	924	2014-11-20 19	2
100112527	79289939	0	96p6u54	924	2014-11-20 19	2
100112527	27539822	0	96p6tuk	10223	2014-12-17 22	2
100112527	27539822	0	96p6u4v	10223	2014-12-17 22	2
100112527	140419841	0	96p6tuf	11821	2014-11-19 21	3
100112527	140419841	0	96p6tvf	11821	2014-11-22 12	3
100112527	140419841	0	96p6u5r	11821	2014-11-19 21	3
100112527	401866818	0	96p6tvj	7115	2014-11-20 19	2
100112527	401866818	0	96p6u51	7115	2014-11-20 19	2
100112527	167898530	0	96p6u41	11821	2014-11-20 20	5
100112527	167898530	0	96p6tuj	11821	2014-11-19 21	5
100112527	167898530	0	96p6u45	11821	2014-11-20 20	5
100112527	167898530	0	96p6u51	11821	2014-11-20 20	5
100112527	167898530	0	96p6tuj	11821	2014-11-19 21	5
100112527	264840226	0	96p6u54	8864	2014-12-17 22	2
100112527	264840226	0	96p6u5s	8864	2014-12-17 22	2
100112527	255939323	0	96p6u42	11797	2014-12-16 14	2
100112527	255939323	0	96p6u59	11797	2014-12-16 14	2
100112527	393408504	0	96p6tvi	11821	2014-11-22 13	2
100112527	393408504	0	96p6u45	11821	2014-11-22 13	2
100112527	203365112	0	96p6u55	3234	2014-11-27 20	2
100112527	203365112	0	96p6tud	3234	2014-11-27 20	2
100112527	341587395	0	96p6tvm	12409	2014-11-27 21	2
100112527	341587395	0	96p6u50	12409	2014-11-27 21	2
100112527	5929719	0	96p6u43	11097	2014-12-17 21	1
100112527	4875351	0	96p6tua	2010	2014-12-11 22	1
100112527	153772585	0	96p6tuf	10576	2014-11-20 19	1
100112527	347900758	0	96p6u56	7739	2014-12-14 20	2
100112527	347900758	0	96p6u49	7739	2014-12-14 20	2
100112527	63518778	0	96p6u51	8864	2014-12-17 22	2
100112527	63518778	0	96p6tud	8864	2014-12-17 22	2
100112527	198205553	0	96p6u40	5351	2014-11-26 23	3
100112527	198205553	0	96p6tvk	5351	2014-11-26 23	3
100112527	198205553	0	96p6u44	5351	2014-11-26 23	3
100112527	401789995	0	96p6tul	4721	2014-11-23 16	1
100112527	239658264	0	96p6u55	11406	2014-12-12 21	2
100112527	239658264	0	96p6tve	11406	2014-12-12 21	2
100112527	365336820	0	96p6u5s	9610	2014-11-18 21	2
100112527	365336820	0	96p6u51	9610	2014-11-18 21	2
100112527	42347410	0	96p6tvd	9815	2014-11-26 22	2
100112527	42347410	0	96p6u4v	9815	2014-11-26 22	2
100112527	263089716	0	96p6tum	5689	2014-12-17 21	1
100112527	323619364	0	96p6tva	1530	2014-12-14 19	2
100112527	323619364	0	96p6tuo	1530	2014-12-14 19	2
100112527	127352911	0	96p6tuo	3156	2014-12-17 22	2
100112527	127352911	0	96p6u46	3156	2014-12-17 22	2
100112527	378473294	0	96p6tub	4269	2014-12-14 20	1
100112527	3496501	0	96p6u46	1287	2014-11-20 20	2
100112527	3496501	0	96p6tvk	1287	2014-11-20 20	2
100112527	155211396	0	96p6tuo	5751	2014-12-11 22	1
100112527	119311393	0	96p6tvd	11564	2014-12-14 20	2
100112527	119311393	0	96p6tuo	11564	2014-12-14 20	2
100112527	253605731	0	96p6u50	11821	2014-11-20 21	6
100112527	253605731	0	96p6u4v	11821	2014-11-22 13	6
100112527	253605731	0	96p6tvl	11821	2014-11-20 21	6
100112527	253605731	0	96p6tuk	11821	2014-11-22 13	6
100112527	253605731	0	96p6u4t	11821	2014-11-20 21	6
100112527	253605731	0	96p6u4v	11821	2014-11-22 13	6
100112527	15075718	0	96p6tug	10523	2014-12-14 21	2
100112527	15075718	0	96p6u55	10523	2014-12-14 21	2
100112527	217187318	0	96p6tuk	11797	2014-11-19 21	3
100112527	217187318	0	96p6tuk	11797	2014-11-19 21	3
100112527	217187318	0	96p6tuf	11797	2014-11-19 21	3
100112527	391457747	0	96p6tud	6194	2014-11-20 19	1
100112527	201945919	0	96p6tuo	2667	2014-12-17 21	2
100112527	201945919	0	96p6u4v	2667	2014-12-17 21	2
100112527	204613878	0	96p6u51	4076	2014-11-18 20	2
100112527	204613878	0	96p6u54	4076	2014-11-18 20	2
100112527	12619545	0	96p6u4t	2158	2014-11-20 19	2
100112527	12619545	0	96p6tub	2158	2014-11-20 19	2
100112527	123712793	0	96p6u59	8864	2014-12-17 22	2
100112527	123712793	0	96p6u52	8864	2014-12-17 22	2
100112527	135262778	0	96p6tuk	6585	2014-12-14 19	2
100112527	135262778	0	96p6u47	6585	2014-12-14 19	2
100112527	340487316	0	96p6u5s	11821	2014-11-20 21	2
100112527	340487316	0	96p6u55	11821	2014-11-20 21	2
100112527	396582780	0	96p6tuk	3200	2014-11-20 20	2
100112527	396582780	0	96p6tvm	3200	2014-11-20 20	2
100112527	93315860	0	96p6tua	13038	2014-12-14 19	2
100112527	93315860	0	96p6tvd	13038	2014-12-14 19	2
100112527	309570904	0	96p6u41	10576	2014-11-28 12	3
100112527	309570904	0	96p6tua	10576	2014-11-28 12	3
100112527	309570904	0	96p6tve	10576	2014-11-28 12	3
100112527	26212659	0	96p6u5p	13922	2014-12-12 21	2
100112527	26212659	0	96p6u4t	13922	2014-12-12 21	2
100112527	359810021	0	96p6u45	1287	2014-11-20 19	2
100112527	359810021	0	96p6tuo	1287	2014-11-20 19	2
100112527	232422889	0	96p6u54	4076	2014-11-19 21	1
100112527	50915262	0	96p6u43	10576	2014-11-26 22	5
100112527	50915262	0	96p6tva	10576	2014-11-28 12	5
100112527	50915262	0	96p6tue	10576	2014-11-26 22	5
100112527	50915262	0	96p6u4r	10576	2014-11-26 22	5
100112527	50915262	0	96p6tud	10576	2014-11-28 12	5
100112527	132256901	0	96p6u5q	3827	2014-12-11 22	1
100112527	235330808	0	96p6tve	3156	2014-12-17 22	2
100112527	235330808	0	96p6u5p	3156	2014-12-17 22	2
100112527	374414705	0	96p6tub	11797	2014-11-19 21	2
100112527	374414705	0	96p6u50	11797	2014-11-19 21	2
100112527	193882644	0	96p6tuo	10576	2014-11-26 23	4
100112527	193882644	0	96p6tua	10576	2014-11-28 12	4
100112527	193882644	0	96p6u52	10576	2014-11-28 12	4
100112527	193882644	0	96p6tvd	10576	2014-11-26 23	4
100112527	283908273	0	96p6tvl	10108	2014-11-20 20	3
100112527	283908273	0	96p6u42	10108	2014-11-20 20	3
100112527	283908273	0	96p6u52	10108	2014-11-20 20	3
100112527	274913545	0	96p6u42	10576	2014-11-20 19	2
100112527	274913545	0	96p6u42	10576	2014-11-20 19	2
100112527	288926266	0	96p6tvl	3200	2014-11-20 20	2
100112527	288926266	0	96p6u49	3200	2014-11-20 20	2
100112527	245975604	0	96p6tul	11821	2014-11-22 13	2
100112527	245975604	0	96p6tve	11821	2014-11-22 13	2
100112527	244097568	0	96p6u4t	57	2014-12-14 19	3
100112527	244097568	0	96p6u52	57	2014-12-14 19	3
100112527	244097568	0	96p6tvo	57	2014-12-14 19	3
100112527	46346805	0	96p6u46	11821	2014-11-18 20	2
100112527	46346805	0	96p6u42	11821	2014-11-18 20	2
100112527	206039127	0	96p6tva	10576	2014-11-28 12	1
100112527	7822647	0	96p6u4t	4832	2014-12-14 20	2
100112527	7822647	0	96p6u55	4832	2014-12-14 20	2
100112527	121036215	0	96p6tub	5869	2014-12-14 20	2
100112527	121036215	0	96p6tub	5869	2014-12-14 20	2
100112527	47564482	0	96p6tui	11311	2014-11-18 20	2
100112527	47564482	0	96p6u52	11311	2014-11-18 20	2
100112527	372548259	0	96p6tvo	8864	2014-12-17 22	2
100112527	372548259	0	96p6tub	8864	2014-12-17 22	2
100112527	19019281	0	96p6tuk	12536	2014-11-27 22	2
100112527	19019281	0	96p6tvd	12536	2014-11-27 22	2
100112527	394980754	0	96p6tvd	11406	2014-12-12 21	2
100112527	394980754	0	96p6u4s	11406	2014-12-12 21	2
100112527	97251342	0	96p6u47	11406	2014-12-12 21	2
100112527	97251342	0	96p6u4t	11406	2014-12-12 21	2
100112527	281605087	0	96p6u54	3156	2014-12-17 22	2
100112527	281605087	0	96p6u52	3156	2014-12-17 22	2
100112527	103617048	0	96p6u4u	1463	2014-11-27 22	1
100112527	134585159	0	96p6tuj	10576	2014-11-28 08	2
100112527	134585159	0	96p6tue	10576	2014-11-28 08	2
100112527	72434681	0	96p6tuk	11821	2014-11-20 20	3
100112527	72434681	0	96p6u4v	11821	2014-11-20 20	3
100112527	72434681	0	96p6u46	11821	2014-11-20 20	3
100112527	109493941	0	96p6tug	1169	2014-12-08 20	1
100112527	225628443	0	96p6u5q	9610	2014-11-18 21	4
100112527	225628443	0	96p6u5q	9610	2014-11-18 21	4
100112527	225628443	0	96p6tuk	9610	2014-11-18 21	4
100112527	225628443	0	96p6u4v	9610	2014-11-18 21	4
100112527	78778470	0	96p6tuo	8864	2014-12-17 22	2
100112527	78778470	0	96p6tud	8864	2014-12-17 22	2
100112527	368077950	0	96p6u47	9170	2014-12-08 20	1
100112527	181281609	0	96p6u4t	10576	2014-11-28 12	4
100112527	181281609	0	96p6tve	10576	2014-11-28 12	4
100112527	181281609	0	96p6tvo	10576	2014-11-20 19	4
100112527	181281609	0	96p6u5r	10576	2014-11-20 19	4
100112527	217830744	0	96p6tuo	6194	2014-11-20 19	2
100112527	217830744	0	96p6tub	6194	2014-11-20 19	2
100112527	108731297	0	96p6u5r	11797	2014-12-06 21	3
100112527	108731297	0	96p6tvd	11797	2014-12-06 21	3
100112527	108731297	0	96p6u50	11797	2014-12-06 21	3
100112527	170050534	0	96p6u46	3200	2014-11-20 20	2
100112527	170050534	0	96p6tuf	3200	2014-11-20 20	2
100112527	280027539	0	96p6tvb	10753	2014-12-11 23	1
100112527	197232701	0	96p6u51	10576	2014-11-28 12	2
100112527	197232701	0	96p6u4r	10576	2014-11-28 12	2
100112527	297272465	0	96p6u40	10576	2014-11-20 19	2
100112527	297272465	0	96p6u51	10576	2014-11-20 19	2
100112527	363083022	0	96p6u56	7739	2014-12-14 20	2
100112527	363083022	0	96p6u50	7739	2014-12-14 20	2
100112527	10284971	0	96p6tvd	10576	2014-11-28 12	6
100112527	10284971	0	96p6tvo	10576	2014-11-26 22	6
100112527	10284971	0	96p6u46	10576	2014-11-28 12	6
100112527	10284971	0	96p6tub	10576	2014-11-28 12	6
100112527	10284971	0	96p6u46	10576	2014-11-26 22	6
100112527	10284971	0	96p6u4v	10576	2014-11-26 22	6
100112527	161783889	0	96p6tvm	7033	2014-12-05 22	2
100112527	161783889	0	96p6u46	7033	2014-12-05 22	2
100112527	145961794	0	96p6u4c	12197	2014-12-12 21	3
100112527	145961794	0	96p6u47	12197	2014-12-12 21	3
100112527	145961794	0	96p6tuf	12197	2014-12-12 21	3
100112527	207249660	0	96p6u55	10576	2014-11-20 19	2
100112527	207249660	0	96p6u56	10576	2014-11-20 19	2
100112527	381776916	0	96p6tul	6194	2014-11-20 19	2
100112527	381776916	0	96p6u4s	6194	2014-11-20 19	2
100112527	74790581	0	96p6tva	3156	2014-12-17 22	2
100112527	74790581	0	96p6tvm	3156	2014-12-17 22	2
100112527	294895937	0	96p6u4r	11821	2014-11-20 20	2
100112527	294895937	0	96p6u51	11821	2014-11-20 20	2
100112527	237222745	0	96p6tuk	5801	2014-12-05 22	4
100112527	237222745	0	96p6tvj	5801	2014-12-05 22	4
100112527	237222745	0	96p6tua	5801	2014-12-05 22	4
100112527	237222745	0	96p6u4v	5801	2014-12-05 22	4
100112527	298226003	0	96p6u43	10523	2014-12-14 21	1
100112527	263565845	0	96p6u4u	4076	2014-11-19 21	2
100112527	263565845	0	96p6tvd	4076	2014-11-19 21	2
100112527	181826220	0	96p6u4t	13922	2014-12-12 21	2
100112527	181826220	0	96p6u46	13922	2014-12-12 21	2
100112527	396269804	0	96p6tuj	10576	2014-11-26 22	2
100112527	396269804	0	96p6u4v	10576	2014-11-26 22	2
100112527	266095504	0	96p6tvm	11797	2014-11-19 21	2
100112527	266095504	0	96p6u4q	11797	2014-11-19 21	2
100112527	171757357	0	96p6u43	13038	2014-12-14 19	1
100112527	71117024	0	96p6u46	7955	2014-12-11 22	2
100112527	71117024	0	96p6tub	7955	2014-12-11 22	2
100112527	388753278	0	96p6tuk	4449	2014-12-14 20	3
100112527	388753278	0	96p6u5u	4449	2014-12-14 20	3
100112527	388753278	0	96p6u4v	4449	2014-12-14 20	3
100112527	169340620	0	96p6u49	5869	2014-12-14 19	1
100112527	243280819	0	96p6u45	10576	2014-11-20 19	2
100112527	243280819	0	96p6tvd	10576	2014-11-20 19	2
100112527	403546331	0	96p6tvd	705	2014-11-20 20	2
100112527	403546331	0	96p6tvl	705	2014-11-20 20	2
100112527	134910833	0	96p6tvi	4076	2014-11-19 21	2
100112527	134910833	0	96p6u5v	4076	2014-11-19 21	2
100112527	165408005	0	96p6u46	10523	2014-12-14 21	2
100112527	165408005	0	96p6u5r	10523	2014-12-14 21	2
100112527	173032278	0	96p6tve	6194	2014-12-04 20	3
100112527	173032278	0	96p6tvi	6194	2014-11-20 19	3
100112527	173032278	0	96p6tve	6194	2014-12-04 20	3
100112527	289487626	0	96p6u55	5176	2014-12-11 23	1
100112527	25592312	0	96p6u45	4269	2014-12-14 20	2
100112527	25592312	0	96p6u51	4269	2014-12-14 20	2
100112527	119816782	0	96p6tul	67	2014-12-14 19	2
100112527	119816782	0	96p6u5s	67	2014-12-14 19	2
100112527	201234906	0	96p6u47	4280	2014-12-11 22	2
100112527	201234906	0	96p6tve	4280	2014-12-11 22	2
100112527	74808864	0	96p6tvi	2459	2014-11-27 20	1
100112527	360481028	0	96p6tub	10523	2014-12-14 21	2
100112527	360481028	0	96p6u5v	10523	2014-12-14 21	2
100112527	149444161	0	96p6u41	2513	2014-12-17 22	1
100112527	72539722	0	96p6u45	11311	2014-11-18 20	2
100112527	72539722	0	96p6u4u	11311	2014-11-18 20	2
100112527	49070398	0	96p6u56	3156	2014-12-17 22	1
100112527	233870272	0	96p6tuo	5869	2014-12-14 19	2
100112527	233870272	0	96p6u4r	5869	2014-12-14 19	2
100112527	388780793	0	96p6u5s	5879	2014-11-27 22	1
100112527	178009135	0	96p6tua	11821	2014-11-20 19	2
100112527	178009135	0	96p6u4v	11821	2014-11-20 19	2
100112527	16245461	0	96p6tva	11821	2014-11-22 13	2
100112527	16245461	0	96p6tva	11821	2014-11-22 13	2
100112527	224486243	0	96p6tvm	13928	2014-11-18 20	2
100112527	224486243	0	96p6u5p	13928	2014-11-18 20	2
100112527	128416011	0	96p6u56	12791	2014-11-26 22	2
100112527	128416011	0	96p6u51	12791	2014-11-26 22	2
100112527	56771560	0	96p6u4p	5886	2014-11-27 22	2
100112527	56771560	0	96p6u50	5886	2014-11-27 22	2
100112527	246346861	0	96p6tva	5869	2014-12-14 20	2
100112527	246346861	0	96p6tuo	5869	2014-12-14 20	2
100112527	180289639	0	96p6tul	10576	2014-11-28 08	1
100112527	232385868	0	96p6u4p	13928	2014-11-19 21	1
100112527	172562851	0	96p6tva	6194	2014-11-20 20	1
100112527	177697610	0	96p6u43	3200	2014-11-20 21	2
100112527	177697610	0	96p6tui	3200	2014-11-20 21	2
100112527	137190223	0	96p6tua	10576	2014-11-26 22	3
100112527	137190223	0	96p6u54	10576	2014-11-26 22	3
100112527	137190223	0	96p6tvi	10576	2014-11-26 22	3
100112527	351351805	0	96p6tub	12536	2014-11-27 21	2
100112527	351351805	0	96p6u46	12536	2014-11-27 21	2
100112527	169284096	0	96p6u57	13038	2014-12-14 19	2
100112527	169284096	0	96p6tvd	13038	2014-12-14 19	2
100112527	362301633	0	96p6tva	1287	2014-11-20 19	1
100112527	253154067	0	96p6u4q	6194	2014-12-04 20	1
100112527	137879434	0	96p6u47	1392	2014-11-27 22	1
100112527	157317686	0	96p6tue	10753	2014-12-11 22	1
100112527	53122221	0	96p6u51	12791	2014-11-26 22	2
100112527	53122221	0	96p6u5n	12791	2014-11-26 22	2
100112527	92891480	0	96p6u4p	7359	2014-12-14 19	3
100112527	92891480	0	96p6u59	7359	2014-12-14 19	3
100112527	92891480	0	96p6tve	7359	2014-12-14 19	3
100112527	86534556	0	96p6tvl	1414	2014-11-20 20	1
100112527	307341273	0	96p6tvd	438	2014-11-27 22	2
100112527	307341273	0	96p6tva	438	2014-11-27 22	2
100112527	238192481	0	96p6u41	11821	2014-11-20 21	2
100112527	238192481	0	96p6tuf	11821	2014-11-20 21	2
100112527	151792052	0	96p6tud	11097	2014-12-16 14	2
100112527	151792052	0	96p6tue	11097	2014-12-16 14	2
100112527	163409258	0	96p6u5r	7359	2014-12-14 19	2
100112527	163409258	0	96p6tva	7359	2014-12-14 19	2
100112527	152125711	0	96p6u5q	4076	2014-11-19 21	2
100112527	152125711	0	96p6u41	4076	2014-11-19 21	2
100112527	8699546	0	96p6tva	11406	2014-12-12 21	1
100112527	37524823	0	96p6tuk	7322	2014-12-12 21	3
100112527	37524823	0	96p6tvm	7322	2014-12-12 21	3
100112527	37524823	0	96p6tum	7322	2014-12-12 21	3
100112527	2931906	0	96p6u51	6595	2014-12-17 22	2
100112527	2931906	0	96p6u4u	6595	2014-12-17 22	2
100112527	360730212	0	96p6u4v	11821	2014-11-28 10	1
100112527	140459130	0	96p6u4q	11821	2014-11-20 21	3
100112527	140459130	0	96p6u40	11821	2014-11-20 21	3
100112527	140459130	0	96p6u40	11821	2014-11-20 21	3
100112527	126824244	0	96p6u4t	2158	2014-11-26 23	1
100112527	30862638	0	96p6tuk	6194	2014-11-20 20	2
100112527	30862638	0	96p6tuo	6194	2014-11-20 20	2
100112527	305459351	0	96p6tve	11821	2014-11-22 13	2
100112527	305459351	0	96p6u4t	11821	2014-11-22 13	2
100112527	29834395	0	96p6u46	7359	2014-12-14 19	2
100112527	29834395	0	96p6tuf	7359	2014-12-14 19	2
100112527	340478751	0	96p6u50	13928	2014-11-19 21	2
100112527	340478751	0	96p6u52	13928	2014-11-19 21	2
100112527	218638187	0	96p6u47	11821	2014-11-22 13	2
100112527	218638187	0	96p6u4t	11821	2014-11-22 13	2
100112527	73254154	0	96p6u4t	10576	2014-11-26 22	2
100112527	73254154	0	96p6u4t	10576	2014-11-26 22	2
100112527	57707822	0	96p6tug	12197	2014-12-15 18	1
100112527	134622081	0	96p6u51	6595	2014-12-17 22	2
100112527	134622081	0	96p6u52	6595	2014-12-17 22	2
100112527	339764158	0	96p6u4t	2459	2014-11-27 22	1
100112527	368877423	0	96p6tve	887	2014-12-06 20	2
100112527	368877423	0	96p6u51	887	2014-12-06 20	2
100112527	109185453	0	96p6tvd	13928	2014-11-19 21	1
