10011993	243558795	0	null	3628	2014-11-22 00	22
10011993	243558795	0	9rf4i6a	3628	2014-11-23 15	22
10011993	243558795	0	9rf4i6t	3628	2014-11-22 15	22
10011993	243558795	0	9rf4i66	3628	2014-11-23 15	22
10011993	243558795	0	9rf4iqa	3628	2014-11-22 10	22
10011993	243558795	0	9rf4i61	3628	2014-11-23 11	22
10011993	243558795	0	9rf4iqt	3628	2014-11-23 15	22
10011993	243558795	0	null	3628	2014-11-22 00	22
10011993	243558795	0	9rf4iq7	3628	2014-11-23 15	22
10011993	243558795	0	9rf4i4f	3628	2014-11-23 15	22
10011993	243558795	0	9rf4i69	3628	2014-11-22 11	22
10011993	243558795	0	9rf4i65	3628	2014-11-22 15	22
10011993	243558795	0	9rf4i6c	3628	2014-11-22 11	22
10011993	243558795	0	null	3628	2014-11-22 00	22
10011993	243558795	0	9rf4iq6	3628	2014-11-22 10	22
10011993	243558795	0	9rf4iqv	3628	2014-11-22 11	22
10011993	243558795	0	9rf4i6q	3628	2014-11-22 07	22
10011993	243558795	0	null	3628	2014-11-22 00	22
10011993	243558795	0	9rf4iqh	3628	2014-11-22 15	22
10011993	243558795	0	9rf4iqs	3628	2014-11-22 07	22
10011993	243558795	0	null	3628	2014-11-22 00	22
10011993	243558795	0	9rf4i69	3628	2014-11-23 15	22
10011993	394218115	0	9rf4i6k	4505	2014-12-09 22	1
10011993	103248948	0	null	6526	2014-11-28 23	6
10011993	103248948	0	null	6526	2014-11-28 23	6
10011993	103248948	0	null	6526	2014-11-28 23	6
10011993	103248948	0	null	6526	2014-11-30 15	6
10011993	103248948	0	null	6526	2014-11-30 15	6
10011993	103248948	0	null	6526	2014-11-28 23	6
10011993	54669811	0	null	4370	2014-11-30 15	8
10011993	54669811	0	9rf4iq3	4370	2014-11-27 21	8
10011993	54669811	0	null	4370	2014-11-28 22	8
10011993	54669811	0	9rf4iq6	4370	2014-11-27 21	8
10011993	54669811	0	null	4370	2014-11-30 15	8
10011993	54669811	0	9rf4i6v	4370	2014-11-27 21	8
10011993	54669811	0	null	4370	2014-11-28 22	8
10011993	54669811	0	9rf4i5m	4370	2014-11-27 21	8
10011993	203429025	0	9rf4iq1	4370	2014-11-27 21	2
10011993	203429025	0	9rf4i62	4370	2014-11-27 21	2
10011993	175734084	0	null	12326	2014-11-28 22	2
10011993	175734084	0	null	12326	2014-11-28 22	2
10011993	77269186	0	9rf4iqa	3628	2014-11-21 21	1
10011993	363660663	0	9rf4i5o	3673	2014-11-21 23	1
10011993	181810999	0	9rf4iqp	2993	2014-11-21 22	1
10011993	401530161	0	9rf4iqu	9130	2014-12-14 23	2
10011993	401530161	0	9rf4iqp	9130	2014-12-14 23	2
10011993	320980618	0	null	5894	2014-11-27 22	1
10011993	390406695	0	9rf4i5d	7767	2014-12-02 21	2
10011993	390406695	0	9rf4iqp	7767	2014-12-02 21	2
10011993	249048784	0	null	3673	2014-12-08 19	1
10011993	118596380	0	9rf4i6n	3628	2014-11-21 21	1
10011993	137373602	0	9rf4iqa	2825	2014-12-08 21	1
10011993	353454124	0	null	874	2014-12-05 12	3
10011993	353454124	0	null	874	2014-12-05 12	3
10011993	353454124	0	null	874	2014-12-05 12	3
10011993	34141162	0	null	12326	2014-11-28 22	2
10011993	34141162	0	null	12326	2014-11-28 22	2
10011993	45819264	0	9rf4i6t	1843	2014-12-02 21	2
10011993	45819264	0	9rf4iq7	1843	2014-12-02 21	2
10011993	286529703	0	9rf4i5o	3628	2014-11-21 21	1
10011993	20656531	0	9rf4i6r	12569	2014-11-21 23	2
10011993	20656531	0	9rf4i64	12569	2014-11-21 23	2
10011993	248721507	0	null	3892	2014-12-08 19	2
10011993	248721507	0	null	3892	2014-12-08 19	2
10011993	311401775	0	9rf4i6r	11824	2014-11-20 23	2
10011993	311401775	0	9rf4i6s	11824	2014-11-20 23	2
10011993	395370071	0	9rf4i62	11564	2014-11-30 19	2
10011993	395370071	0	9rf4iq6	11564	2014-11-30 19	2
10011993	133924663	0	9rf4iq1	10314	2014-11-22 11	2
10011993	133924663	0	9rf4i7i	10314	2014-11-22 11	2
10011993	298774792	0	9rf4i66	3628	2014-11-21 21	3
10011993	298774792	0	9rf4i5m	3628	2014-11-21 21	3
10011993	298774792	0	9rf4i65	3628	2014-11-21 21	3
10011993	130275093	0	9rf4iqk	552	2014-12-12 23	3
10011993	130275093	0	9rf4i64	552	2014-12-12 23	3
10011993	130275093	0	9rf4i69	552	2014-12-12 23	3
10011993	160558651	0	null	3266	2014-12-08 19	2
10011993	160558651	0	null	3266	2014-12-08 19	2
10011993	231292939	0	9rf4i6i	3628	2014-11-21 21	4
10011993	231292939	0	9rf4i65	3628	2014-11-21 21	4
10011993	231292939	0	9rf4i4o	3628	2014-11-21 21	4
10011993	231292939	0	9rf4i4f	3628	2014-11-21 21	4
10011993	240577354	0	9rf4iqv	12569	2014-12-02 21	2
10011993	240577354	0	9rf4i7w	12569	2014-12-02 21	2
10011993	48953980	0	9rf4i6s	1843	2014-11-23 15	5
10011993	48953980	0	null	1843	2014-11-30 15	5
10011993	48953980	0	9rf4i61	1843	2014-11-23 15	5
10011993	48953980	0	null	1843	2014-11-30 15	5
10011993	48953980	0	9rf4i6w	1843	2014-11-23 15	5
10011993	139836586	0	9rf4iq3	6000	2014-12-13 22	1
10011993	97025363	0	9rf4i66	6054	2014-11-21 21	2
10011993	97025363	0	9rf4iqu	6054	2014-11-21 21	2
10011993	331694760	0	9rf4iqs	11564	2014-11-30 19	1
10011993	1284287	0	null	3673	2014-12-04 08	1
10011993	376995832	0	null	3628	2014-11-22 00	4
10011993	376995832	0	9rf4i6a	3628	2014-11-21 21	4
10011993	376995832	0	null	3628	2014-11-22 00	4
10011993	376995832	0	null	3628	2014-11-22 00	4
10011993	100291988	0	null	5503	2014-11-28 22	3
10011993	100291988	0	null	5503	2014-11-28 22	3
10011993	100291988	0	null	5503	2014-11-28 22	3
10011993	135961902	0	9rf4iqv	11564	2014-11-30 19	1
10011993	94332126	0	9rf4i7r	11824	2014-11-20 23	3
10011993	94332126	0	9rf4i62	11824	2014-11-20 23	3
10011993	94332126	0	9rf4iqs	11824	2014-11-20 23	3
10011993	33644796	0	9rf4i6b	6000	2014-12-13 22	1
10011993	399255321	0	9rf4iq1	3673	2014-12-10 22	3
10011993	399255321	0	9rf4i6n	3673	2014-12-10 22	3
10011993	399255321	0	9rf4i69	3673	2014-12-10 22	3
10011993	303111181	0	9rf4i6a	11552	2014-12-12 23	2
10011993	303111181	0	9rf4iqs	11552	2014-12-12 23	2
10011993	372995322	0	9rf4iqq	6344	2014-12-01 23	2
10011993	372995322	0	9rf4i6b	6344	2014-12-01 23	2
10011993	132120956	0	null	3673	2014-12-08 19	1
10011993	13067602	0	9rf4i69	14079	2014-11-21 22	2
10011993	13067602	0	9rf4i64	14079	2014-11-21 22	2
10011993	134336932	0	9rf4i6i	4505	2014-12-09 22	3
10011993	134336932	0	9rf4iqp	4505	2014-12-13 22	3
10011993	134336932	0	9rf4i64	4505	2014-12-13 22	3
10011993	376272630	0	9rf4i5j	2993	2014-11-21 22	1
10011993	238240469	0	9rf4i67	1863	2014-12-02 23	5
10011993	238240469	0	9rf4i6v	1863	2014-12-02 23	5
10011993	238240469	0	9rf4i65	1863	2014-12-02 23	5
10011993	238240469	0	9rf4i64	1863	2014-12-02 23	5
10011993	238240469	0	9rf4i60	1863	2014-12-01 23	5
10011993	187621513	0	9rf4iqp	3628	2014-11-21 21	1
10011993	69365698	0	null	10894	2014-11-30 15	2
10011993	69365698	0	null	10894	2014-11-30 15	2
10011993	214384071	0	9rf4i61	5232	2014-11-21 22	2
10011993	214384071	0	9rf4i6a	5232	2014-11-21 22	2
10011993	266326520	0	null	2883	2014-12-08 19	4
10011993	266326520	0	null	2883	2014-12-08 19	4
10011993	266326520	0	null	2883	2014-12-08 19	4
10011993	266326520	0	null	2883	2014-12-08 19	4
10011993	49976128	0	9rf4i6i	11824	2014-11-20 23	2
10011993	49976128	0	9rf4iqt	11824	2014-11-20 23	2
10011993	227331446	0	9rf4i6s	11552	2014-12-01 23	2
10011993	227331446	0	9rf4i6i	11552	2014-12-01 23	2
10011993	45662693	0	9rf4i75	4370	2014-11-19 21	2
10011993	45662693	0	9rf4i6i	4370	2014-11-19 21	2
10011993	178853021	0	9rf4i69	3673	2014-11-21 23	1
10011993	304235745	0	null	3628	2014-11-22 00	1
10011993	206717036	0	9rf4i4l	2993	2014-11-21 22	2
10011993	206717036	0	9rf4i6s	2993	2014-11-21 22	2
10011993	219558288	0	9rf4i6b	3673	2014-12-10 22	1
10011993	170839142	0	9rf4i6p	6054	2014-12-08 20	3
10011993	170839142	0	9rf4i6t	6054	2014-12-08 20	3
10011993	170839142	0	9rf4iqk	6054	2014-12-08 20	3
10011993	107421143	0	9rf4i6w	6513	2014-11-27 18	2
10011993	107421143	0	9rf4i6s	6513	2014-11-27 18	2
10011993	349381272	0	9rf4i6n	552	2014-11-22 11	2
10011993	349381272	0	9rf4i5m	552	2014-11-22 11	2
10011993	66779702	0	9rf4i6a	2993	2014-11-21 23	15
10011993	66779702	0	9rf4i61	2993	2014-11-21 23	15
10011993	66779702	0	null	2993	2014-11-22 00	15
10011993	66779702	0	9rf4i6i	2993	2014-11-21 23	15
10011993	66779702	0	null	2993	2014-11-25 10	15
10011993	66779702	0	9rf4iq6	2993	2014-11-21 23	15
10011993	66779702	0	9rf4i6i	2993	2014-11-21 23	15
10011993	66779702	0	9rf4i6n	2993	2014-11-22 07	15
10011993	66779702	0	null	2993	2014-11-22 00	15
10011993	66779702	0	9rf4i63	2993	2014-11-21 23	15
10011993	66779702	0	9rf4i61	2993	2014-11-22 07	15
10011993	66779702	0	null	2993	2014-11-25 10	15
10011993	66779702	0	9rf4i6a	2993	2014-11-21 23	15
10011993	66779702	0	9rf4iq6	2993	2014-11-21 23	15
10011993	66779702	0	9rf4iqp	2993	2014-11-21 23	15
10011993	82865422	0	9rf4iqp	1863	2014-12-02 21	2
10011993	82865422	0	9rf4i6k	1863	2014-12-02 21	2
10011993	37991180	0	9rf4iqs	3673	2014-11-21 23	1
10011993	12543843	0	9rf4iqv	874	2014-12-17 22	2
10011993	12543843	0	9rf4i63	874	2014-12-17 22	2
10011993	403532619	0	null	5689	2014-11-30 15	2
10011993	403532619	0	null	5689	2014-11-30 15	2
10011993	40296975	0	9rf4iqh	9130	2014-11-20 19	2
10011993	40296975	0	9rf4iqn	9130	2014-11-20 19	2
10011993	135052201	0	9rf4i6n	5503	2014-11-21 23	2
10011993	135052201	0	9rf4i66	5503	2014-11-21 23	2
10011993	134356416	0	9rf4i5m	6054	2014-11-21 21	1
10011993	292376176	0	9rf4i66	2993	2014-11-23 15	21
10011993	292376176	0	9rf4iq7	2993	2014-11-21 23	21
10011993	292376176	0	9rf4iqp	2993	2014-11-21 22	21
10011993	292376176	0	9rf4i5m	2993	2014-11-21 23	21
10011993	292376176	0	null	2993	2014-11-22 00	21
10011993	292376176	0	9rf4iqb	2993	2014-11-21 22	21
10011993	292376176	0	9rf4i5j	2993	2014-11-21 22	21
10011993	292376176	0	9rf4i6i	2993	2014-11-21 22	21
10011993	292376176	0	9rf4i5d	2993	2014-11-21 22	21
10011993	292376176	0	9rf4i62	2993	2014-11-23 15	21
10011993	292376176	0	9rf4iq2	2993	2014-11-23 15	21
10011993	292376176	0	9rf4i6t	2993	2014-11-21 23	21
10011993	292376176	0	null	2993	2014-11-25 10	21
10011993	292376176	0	null	2993	2014-11-25 10	21
10011993	292376176	0	null	2993	2014-11-22 12	21
10011993	292376176	0	null	2993	2014-11-22 12	21
10011993	292376176	0	null	2993	2014-11-25 10	21
10011993	292376176	0	9rf4i4o	2993	2014-11-21 22	21
10011993	292376176	0	9rf4i6w	2993	2014-11-23 15	21
10011993	292376176	0	null	2993	2014-11-22 00	21
10011993	292376176	0	null	2993	2014-11-25 10	21
10011993	272190116	0	null	4370	2014-12-04 12	1
10011993	348036671	0	9rf4iqk	552	2014-11-27 18	4
10011993	348036671	0	9rf4i5f	552	2014-11-27 18	4
10011993	348036671	0	9rf4iqa	552	2014-11-27 18	4
10011993	348036671	0	9rf4i6i	552	2014-11-27 18	4
10011993	280432827	0	9rf4i6c	10753	2014-12-02 21	3
10011993	280432827	0	9rf4i6w	10753	2014-12-02 21	3
10011993	280432827	0	9rf4i6t	10753	2014-12-02 21	3
10011993	200247545	0	9rf4i6q	2993	2014-11-21 23	1
10011993	1719385	0	9rf4i64	5232	2014-11-21 22	2
10011993	1719385	0	9rf4i4o	5232	2014-11-21 22	2
10011993	145838783	0	9rf4iqb	12569	2014-12-02 21	2
10011993	145838783	0	9rf4iqh	12569	2014-12-02 21	2
10011993	177602813	0	9rf4i6a	3628	2014-11-21 21	1
10011993	392827016	0	9rf4iq1	10703	2014-12-12 23	2
10011993	392827016	0	9rf4iqt	10703	2014-12-12 23	2
10011993	8799693	0	null	4370	2014-12-04 12	2
10011993	8799693	0	null	4370	2014-12-04 12	2
10011993	8882205	0	null	10753	2014-11-21 12	2
10011993	8882205	0	null	10753	2014-11-21 12	2
10011993	195579191	0	null	1483	2014-12-08 19	2
10011993	195579191	0	null	1483	2014-12-08 19	2
10011993	115778202	0	9rf4iqa	2993	2014-11-21 23	1
10011993	403459169	0	9rf4i6a	11564	2014-11-30 19	3
10011993	403459169	0	9rf4i6a	11564	2014-11-30 19	3
10011993	403459169	0	9rf4iqb	11564	2014-11-30 19	3
10011993	375963499	0	9rf4i6v	4370	2014-11-27 21	2
10011993	375963499	0	9rf4i69	4370	2014-11-27 21	2
10011993	153910710	0	null	5503	2014-11-28 23	2
10011993	153910710	0	null	5503	2014-11-28 23	2
10011993	296009751	0	null	12326	2014-11-28 22	4
10011993	296009751	0	null	12326	2014-11-28 22	4
10011993	296009751	0	null	12326	2014-11-28 22	4
10011993	296009751	0	null	12326	2014-11-28 22	4
10011993	12666473	0	9rf4iqk	4370	2014-11-27 21	2
10011993	12666473	0	9rf4i4d	4370	2014-11-27 21	2
10011993	63909414	0	null	4370	2014-12-04 12	2
10011993	63909414	0	null	4370	2014-12-04 12	2
10011993	163756991	0	9rf4i5g	3628	2014-11-21 21	1
10011993	288052252	0	9rf4iqk	11564	2014-11-30 19	2
10011993	288052252	0	9rf4i5g	11564	2014-11-30 20	2
10011993	276095506	0	null	4370	2014-12-04 12	2
10011993	276095506	0	null	4370	2014-12-04 12	2
10011993	299582358	0	9rf4i61	14079	2014-11-21 22	2
10011993	299582358	0	9rf4i6s	14079	2014-11-21 22	2
10011993	10318936	0	9rf4i67	6000	2014-12-09 22	3
10011993	10318936	0	9rf4iqv	6000	2014-12-09 22	3
10011993	10318936	0	9rf4i4d	6000	2014-12-09 22	3
10011993	34237855	0	9rf4iqt	3673	2014-11-21 22	4
10011993	34237855	0	9rf4i4d	3673	2014-11-21 22	4
10011993	34237855	0	9rf4i61	3673	2014-11-21 22	4
10011993	34237855	0	9rf4iqu	3673	2014-11-21 22	4
10011993	270789963	0	null	5503	2014-11-30 15	3
10011993	270789963	0	null	5503	2014-11-30 15	3
10011993	270789963	0	null	5503	2014-11-30 15	3
10011993	110559217	0	9rf4i65	6000	2014-12-13 22	1
10011993	275741480	0	9rf4i6s	7767	2014-12-02 22	2
10011993	275741480	0	9rf4i6n	7767	2014-12-02 22	2
10011993	163424309	0	9rf4i6v	552	2014-12-01 23	2
10011993	163424309	0	9rf4i6c	552	2014-12-01 23	2
10011993	254332410	0	9rf4i64	4505	2014-12-13 22	3
10011993	254332410	0	9rf4i69	4505	2014-12-13 22	3
10011993	254332410	0	9rf4i69	4505	2014-12-13 22	3
10011993	335674022	0	null	5894	2014-11-27 22	2
10011993	335674022	0	null	5894	2014-11-27 22	2
10011993	300165284	0	null	10049	2014-12-06 22	12
10011993	300165284	0	null	10049	2014-12-08 19	12
10011993	300165284	0	null	10049	2014-12-06 22	12
10011993	300165284	0	null	10049	2014-12-08 19	12
10011993	300165284	0	null	10049	2014-12-08 19	12
10011993	300165284	0	null	10049	2014-12-06 23	12
10011993	300165284	0	null	10049	2014-12-08 19	12
10011993	300165284	0	null	10049	2014-12-08 19	12
10011993	300165284	0	null	10049	2014-12-08 19	12
10011993	300165284	0	9rf4i6s	10049	2014-12-18 21	12
10011993	300165284	0	null	10049	2014-12-06 22	12
10011993	300165284	0	9rf4i63	10049	2014-12-18 21	12
10011993	394219526	0	9rf4i6v	11564	2014-11-30 19	2
10011993	394219526	0	9rf4i5f	11564	2014-11-30 19	2
10011993	77135480	0	9rf4i6r	3673	2014-11-21 23	1
10011993	119890470	0	9rf4i6p	5232	2014-11-21 22	1
10011993	156892945	0	9rf4iqk	2993	2014-11-23 15	2
10011993	156892945	0	9rf4i6n	2993	2014-11-23 15	2
10011993	44653147	0	9rf4i6k	2947	2014-12-12 23	1
10011993	268899540	0	9rf4iqa	3673	2014-12-10 22	4
10011993	268899540	0	9rf4i6t	3673	2014-12-10 22	4
10011993	268899540	0	9rf4i61	3673	2014-12-10 22	4
10011993	268899540	0	9rf4i6n	3673	2014-12-10 22	4
10011993	347659043	0	9rf4iqh	10223	2014-11-23 15	2
10011993	347659043	0	9rf4i6k	10223	2014-11-23 15	2
10011993	120808653	0	null	10314	2014-11-22 00	2
10011993	120808653	0	null	10314	2014-11-22 00	2
10011993	212782787	0	9rf4i69	7929	2014-11-21 21	1
10011993	109561329	0	9rf4i6q	3628	2014-11-21 21	1
10011993	56710962	0	null	5503	2014-11-30 15	1
10011993	176616895	0	9rf4i66	552	2014-11-21 23	2
10011993	176616895	0	9rf4i64	552	2014-11-21 23	2
10011993	316493491	0	9rf4iqc	6054	2014-11-21 21	2
10011993	316493491	0	9rf4i6u	6054	2014-11-21 21	2
10011993	188334259	0	null	3673	2014-12-08 19	2
10011993	188334259	0	null	3673	2014-12-08 19	2
10011993	230070976	0	9rf4i6w	6054	2014-11-21 21	2
10011993	230070976	0	9rf4iq3	6054	2014-11-21 21	2
10011993	51267923	0	9rf4iqp	3628	2014-11-22 11	2
10011993	51267923	0	9rf4i5j	3628	2014-11-22 11	2
10011993	341254772	0	9rf4i6w	4505	2014-12-09 22	2
10011993	341254772	0	9rf4iqp	4505	2014-12-09 22	2
10011993	266922867	0	null	2993	2014-12-08 19	2
10011993	266922867	0	null	2993	2014-12-08 19	2
10011993	273989844	0	9rf4i6v	552	2014-11-27 18	2
10011993	273989844	0	9rf4i6a	552	2014-11-27 18	2
10011993	158973092	0	9rf4iqk	10223	2014-11-27 19	2
10011993	158973092	0	9rf4iqp	10223	2014-11-27 19	2
10011993	144934492	0	9rf4i5o	5128	2014-12-08 20	1
10011993	107492792	0	9rf4i62	14079	2014-11-21 22	1
10011993	326565056	0	9rf4i6a	5894	2014-11-27 21	1
10011993	319804251	0	9rf4i6v	11470	2014-11-23 20	2
10011993	319804251	0	9rf4iq7	11470	2014-11-23 20	2
10011993	239155212	0	9rf4i61	10223	2014-12-08 21	3
10011993	239155212	0	9rf4i61	10223	2014-12-08 21	3
10011993	239155212	0	9rf4iqk	10223	2014-12-08 21	3
10011993	64727375	0	9rf4iqp	6000	2014-12-13 22	1
10011993	145567526	0	9rf4iqk	2993	2014-11-21 23	1
10011993	194537976	0	9rf4iqh	14079	2014-11-21 22	2
10011993	194537976	0	9rf4i4o	14079	2014-11-21 22	2
10011993	334133672	0	null	9130	2014-12-10 12	2
10011993	334133672	0	null	9130	2014-12-10 12	2
10011993	116008703	0	9rf4i6s	5232	2014-11-21 22	2
10011993	116008703	0	9rf4i6i	5232	2014-11-21 22	2
10011993	209343119	0	9rf4i69	552	2014-11-27 18	5
10011993	209343119	0	9rf4iq7	552	2014-11-27 18	5
10011993	209343119	0	9rf4i66	552	2014-11-27 18	5
10011993	209343119	0	9rf4iqk	552	2014-11-27 18	5
10011993	209343119	0	9rf4i62	552	2014-11-27 18	5
10011993	340934227	0	9rf4i69	6000	2014-12-09 22	1
10011993	301736723	0	9rf4i62	6000	2014-12-12 23	1
10011993	398411617	0	null	552	2014-12-06 22	5
10011993	398411617	0	9rf4i5m	552	2014-12-12 23	5
10011993	398411617	0	null	552	2014-12-06 22	5
10011993	398411617	0	9rf4iqa	552	2014-12-12 23	5
10011993	398411617	0	9rf4i6n	552	2014-12-01 23	5
10011993	132992734	0	9rf4i5l	12569	2014-12-02 21	2
10011993	132992734	0	9rf4i6i	12569	2014-12-02 21	2
10011993	382147514	0	9rf4i6c	6000	2014-12-13 22	3
10011993	382147514	0	9rf4i6s	6000	2014-12-13 22	3
10011993	382147514	0	9rf4i6p	6000	2014-12-13 22	3
10011993	299241345	0	9rf4iqs	10894	2014-12-02 21	2
10011993	299241345	0	9rf4i5d	10894	2014-12-02 21	2
10011993	54216479	0	9rf4i62	11470	2014-11-23 20	2
10011993	54216479	0	9rf4i6a	11470	2014-11-23 20	2
10011993	44433942	0	9rf4iqp	2993	2014-12-12 23	2
10011993	44433942	0	9rf4iq6	2993	2014-12-12 23	2
10011993	376967652	0	null	4370	2014-12-05 23	20
10011993	376967652	0	null	4370	2014-12-04 12	20
10011993	376967652	0	null	4370	2014-12-04 12	20
10011993	376967652	0	null	4370	2014-12-04 12	20
10011993	376967652	0	null	4370	2014-12-04 10	20
10011993	376967652	0	null	4370	2014-12-05 23	20
10011993	376967652	0	null	4370	2014-12-04 12	20
10011993	376967652	0	null	4370	2014-12-05 23	20
10011993	376967652	0	null	4370	2014-12-05 17	20
10011993	376967652	0	null	4370	2014-12-04 12	20
10011993	376967652	0	null	4370	2014-12-05 17	20
10011993	376967652	0	null	4370	2014-12-04 10	20
10011993	376967652	0	null	4370	2014-12-04 10	20
10011993	376967652	0	null	4370	2014-12-05 17	20
10011993	376967652	0	null	4370	2014-12-04 10	20
10011993	376967652	0	null	4370	2014-12-05 23	20
10011993	376967652	0	null	4370	2014-12-05 23	20
10011993	376967652	0	null	4370	2014-12-05 23	20
10011993	376967652	0	null	4370	2014-12-05 17	20
10011993	376967652	0	null	4370	2014-12-05 23	20
10011993	279116063	0	9rf4i4o	6054	2014-11-21 22	1
10011993	387828497	0	9rf4i4o	3673	2014-11-21 23	1
10011993	250019181	0	null	4370	2014-12-04 12	2
10011993	250019181	0	null	4370	2014-12-04 12	2
10011993	132760831	0	9rf4iqa	3628	2014-11-21 21	1
10011993	223076723	0	9rf4i60	5232	2014-11-21 22	2
10011993	223076723	0	9rf4i6v	5232	2014-11-21 22	2
10011993	171338071	0	9rf4iqb	11623	2014-12-01 23	1
10011993	11261442	0	null	11564	2014-11-30 12	1
10011993	214516743	0	9rf4iq6	3673	2014-12-10 22	4
10011993	214516743	0	9rf4i6s	3673	2014-12-10 22	4
10011993	214516743	0	9rf4i6a	3673	2014-12-10 22	4
10011993	214516743	0	9rf4i74	3673	2014-12-10 22	4
10011993	144000540	0	9rf4iqq	3673	2014-12-10 22	1
10011993	51754307	0	9rf4i66	5232	2014-11-21 22	2
10011993	51754307	0	9rf4iqp	5232	2014-11-21 22	2
10011993	20813394	0	null	2993	2014-12-08 19	2
10011993	20813394	0	null	2993	2014-12-08 19	2
10011993	7177027	0	9rf4i65	6054	2014-11-21 21	1
10011993	179735797	0	null	10753	2014-11-21 12	2
10011993	179735797	0	null	10753	2014-11-21 12	2
10011993	239765954	0	null	10753	2014-11-21 12	2
10011993	239765954	0	null	10753	2014-11-21 12	2
10011993	137768298	0	9rf4i6n	3673	2014-11-21 23	1
10011993	143420851	0	9rf4i6a	6000	2014-12-13 22	3
10011993	143420851	0	9rf4i5d	6000	2014-12-13 22	3
10011993	143420851	0	9rf4i6b	6000	2014-12-13 22	3
10011993	86184213	0	9rf4i69	14079	2014-11-21 23	1
10011993	55330639	0	9rf4i5l	2993	2014-11-21 22	1
10011993	274592542	0	9rf4i6q	3673	2014-11-21 23	3
10011993	274592542	0	9rf4iqb	3673	2014-11-21 23	3
10011993	274592542	0	9rf4iqv	3673	2014-11-21 23	3
10011993	275130285	0	null	4370	2014-12-04 12	6
10011993	275130285	0	null	4370	2014-12-04 12	6
10011993	275130285	0	null	4370	2014-12-04 10	6
10011993	275130285	0	null	4370	2014-12-04 12	6
10011993	275130285	0	null	4370	2014-12-04 10	6
10011993	275130285	0	null	4370	2014-12-04 10	6
10011993	341552759	0	9rf4i69	3381	2014-11-23 20	2
10011993	341552759	0	9rf4iqp	3381	2014-11-23 20	2
10011993	18694794	0	9rf4i6i	3673	2014-11-21 23	1
10011993	310440356	0	null	13230	2014-11-30 15	1
10011993	365360957	0	9rf4i6c	5503	2014-11-21 23	4
10011993	365360957	0	9rf4i6r	5503	2014-11-21 23	4
10011993	365360957	0	9rf4i6w	5503	2014-11-21 23	4
10011993	365360957	0	9rf4i6a	5503	2014-11-21 23	4
10011993	43377995	0	9rf4i6w	3673	2014-11-21 23	1
10011993	174861729	0	9rf4iqa	6000	2014-12-09 22	2
10011993	174861729	0	9rf4i5d	6000	2014-12-09 22	2
10011993	202550104	0	null	12326	2014-11-28 22	2
10011993	202550104	0	null	12326	2014-11-28 22	2
10011993	88642871	0	9rf4iqh	6054	2014-11-21 21	2
10011993	88642871	0	9rf4i6n	6054	2014-11-21 21	2
10011993	192917953	0	9rf4i6a	10533	2014-11-21 21	5
10011993	192917953	0	9rf4i6p	10533	2014-11-21 22	5
10011993	192917953	0	9rf4i6c	10533	2014-11-21 22	5
10011993	192917953	0	9rf4i65	10533	2014-11-21 23	5
10011993	192917953	0	9rf4iqt	10533	2014-11-21 21	5
10011993	57517394	0	null	12326	2014-11-28 23	13
10011993	57517394	0	null	12326	2014-11-30 14	13
10011993	57517394	0	null	12326	2014-11-28 22	13
10011993	57517394	0	null	12326	2014-11-28 23	13
10011993	57517394	0	null	12326	2014-11-28 22	13
10011993	57517394	0	null	12326	2014-11-28 22	13
10011993	57517394	0	null	12326	2014-11-28 23	13
10011993	57517394	0	null	12326	2014-11-28 22	13
10011993	57517394	0	null	12326	2014-11-30 14	13
10011993	57517394	0	null	12326	2014-11-28 23	13
10011993	57517394	0	null	12326	2014-11-28 22	13
10011993	57517394	0	null	12326	2014-11-28 22	13
10011993	57517394	0	null	12326	2014-11-28 22	13
10011993	401691398	0	null	12326	2014-11-28 22	2
10011993	401691398	0	null	12326	2014-11-28 22	2
10011993	386337510	0	9rf4iqq	552	2014-12-02 21	2
10011993	386337510	0	9rf4i6t	552	2014-12-02 21	2
10011993	316443354	0	null	5894	2014-11-27 22	2
10011993	316443354	0	null	5894	2014-11-27 22	2
10011993	296115926	0	9rf4i6r	1385	2014-12-14 23	2
10011993	296115926	0	9rf4i62	1385	2014-12-14 23	2
10011993	133262544	0	9rf4i6h	2993	2014-11-21 23	3
10011993	133262544	0	9rf4i5e	2993	2014-11-21 23	3
10011993	133262544	0	9rf4i7r	2993	2014-11-21 23	3
10011993	68510250	0	null	3266	2014-12-08 19	2
10011993	68510250	0	null	3266	2014-12-08 19	2
10011993	274867751	0	9rf4iq2	3628	2014-11-21 21	1
10011993	383218713	0	9rf4ihi	9130	2014-12-13 12	1
10011993	115649693	0	9rf4iq7	6054	2014-11-22 11	3
10011993	115649693	0	9rf4i4f	6054	2014-11-22 11	3
10011993	115649693	0	9rf4iq6	6054	2014-11-22 11	3
10011993	33446286	0	9rf4i4o	3673	2014-11-21 23	1
10011993	368815276	0	9rf4i5m	11824	2014-11-20 23	2
10011993	368815276	0	9rf4i6p	11824	2014-11-20 23	2
10011993	381979744	0	9rf4iqp	1498	2014-12-09 22	1
10011993	99027772	0	9rf4i65	552	2014-11-27 18	2
10011993	99027772	0	9rf4i6v	552	2014-11-27 18	2
10011993	331042865	0	null	3673	2014-12-08 19	5
10011993	331042865	0	9rf4iqp	3673	2014-12-10 22	5
10011993	331042865	0	null	3673	2014-12-08 19	5
10011993	331042865	0	null	3673	2014-12-08 19	5
10011993	331042865	0	null	3673	2014-12-08 19	5
10011993	153826841	0	9rf4i6t	1843	2014-11-23 15	2
10011993	153826841	0	9rf4iqc	1843	2014-11-23 15	2
10011993	243273308	0	9rf4iq7	14079	2014-11-21 22	2
10011993	243273308	0	9rf4i65	14079	2014-11-21 22	2
10011993	86054067	0	9rf4i6a	11623	2014-12-12 23	1
10011993	393859535	0	9rf4i5o	7767	2014-12-03 20	12
10011993	393859535	0	null	7767	2014-12-03 11	12
10011993	393859535	0	null	7767	2014-12-03 11	12
10011993	393859535	0	9rf4i5l	7767	2014-12-02 22	12
10011993	393859535	0	9rf4iqn	7767	2014-12-02 22	12
10011993	393859535	0	9rf4i6a	7767	2014-12-02 22	12
10011993	393859535	0	9rf4iq6	7767	2014-12-02 22	12
10011993	393859535	0	9rf4i6s	7767	2014-12-03 20	12
10011993	393859535	0	9rf4iq6	7767	2014-12-02 22	12
10011993	393859535	0	9rf4iq2	7767	2014-12-03 20	12
10011993	393859535	0	9rf4iq7	7767	2014-12-03 20	12
10011993	393859535	0	9rf4i67	7767	2014-12-02 22	12
10011993	310938624	0	null	874	2014-12-05 12	1
10011993	109360949	0	null	6327	2014-12-06 22	2
10011993	109360949	0	null	6327	2014-12-06 22	2
10011993	380449186	0	9rf4i6a	7767	2014-12-02 21	3
10011993	380449186	0	9rf4i6h	7767	2014-12-02 21	3
10011993	380449186	0	9rf4iqv	7767	2014-12-02 21	3
10011993	117413545	0	9rf4i64	874	2014-12-17 22	3
10011993	117413545	0	9rf4iq7	874	2014-12-17 22	3
10011993	117413545	0	9rf4i65	874	2014-12-17 22	3
10011993	11761383	0	null	6526	2014-11-28 23	3
10011993	11761383	0	null	6526	2014-11-28 23	3
10011993	11761383	0	null	6526	2014-11-28 23	3
10011993	297910414	0	9rf4i66	7767	2014-12-02 21	2
10011993	297910414	0	9rf4i6k	7767	2014-12-02 21	2
10011993	29014080	0	9rf4i69	9752	2014-12-02 22	2
10011993	29014080	0	9rf4i64	9752	2014-12-02 22	2
10011993	75877020	0	9rf4iqt	3275	2014-11-21 21	1
10011993	195726977	0	9rf4i6n	5232	2014-11-21 23	14
10011993	195726977	0	9rf4i6q	5232	2014-11-21 22	14
10011993	195726977	0	9rf4i64	5232	2014-11-21 22	14
10011993	195726977	0	9rf4i61	5232	2014-11-21 22	14
10011993	195726977	0	9rf4iqn	5232	2014-12-03 07	14
10011993	195726977	0	9rf4i65	5232	2014-12-03 07	14
10011993	195726977	0	9rf4i69	5232	2014-11-21 22	14
10011993	195726977	0	null	5232	2014-11-22 00	14
10011993	195726977	0	9rf4i6n	5232	2014-11-21 22	14
10011993	195726977	0	9rf4i6a	5232	2014-11-21 22	14
10011993	195726977	0	null	5232	2014-11-22 00	14
10011993	195726977	0	9rf4i6t	5232	2014-11-21 22	14
10011993	195726977	0	9rf4i4o	5232	2014-11-21 23	14
10011993	195726977	0	9rf4iq1	5232	2014-11-21 23	14
10011993	141278572	0	9rf4iq6	10753	2014-11-21 21	1
10011993	334888423	0	9rf4i60	6000	2014-12-13 22	3
10011993	334888423	0	9rf4i6a	6000	2014-12-13 22	3
10011993	334888423	0	9rf4iqv	6000	2014-12-13 22	3
10011993	310477377	0	null	4276	2014-11-21 12	1
10011993	326960285	0	null	3673	2014-12-08 19	3
10011993	326960285	0	null	3673	2014-12-08 19	3
10011993	326960285	0	null	3673	2014-12-08 19	3
10011993	118389441	0	9rf4iqh	7767	2014-12-02 21	2
10011993	118389441	0	9rf4iqp	7767	2014-12-02 21	2
10011993	208697819	0	9rf4i6p	5894	2014-11-21 21	2
10011993	208697819	0	9rf4iqh	5894	2014-11-21 21	2
10011993	3378105	0	9rf4iqh	7929	2014-11-21 23	2
10011993	3378105	0	9rf4i6k	7929	2014-11-21 23	2
10011993	298548536	0	9rf4iqs	3628	2014-11-21 21	1
10011993	228530722	0	9rf4i6h	10753	2014-11-20 21	1
10011993	326123043	0	9rf4iq2	11564	2014-11-30 19	3
10011993	326123043	0	9rf4i69	11564	2014-11-30 19	3
10011993	326123043	0	9rf4iqh	11564	2014-11-30 19	3
10011993	248224426	0	9rf4i69	12741	2014-12-17 22	5
10011993	248224426	0	9rf4i6p	12741	2014-12-18 21	5
10011993	248224426	0	9rf4i61	12741	2014-12-17 22	5
10011993	248224426	0	9rf4i4l	12741	2014-12-17 22	5
10011993	248224426	0	9rf4i6i	12741	2014-12-18 21	5
10011993	15388198	0	9rf4i61	3798	2014-12-01 23	2
10011993	15388198	0	9rf4i65	3798	2014-12-01 23	2
10011993	259526956	0	9rf4iq7	2993	2014-11-21 23	1
10011993	4653794	0	9rf4i6s	11824	2014-11-20 20	1
10011993	353127088	0	9rf4i61	3673	2014-12-10 22	1
10011993	64279707	0	null	12326	2014-11-28 22	7
10011993	64279707	0	null	12326	2014-11-28 22	7
10011993	64279707	0	null	12326	2014-11-28 22	7
10011993	64279707	0	null	12326	2014-11-30 15	7
10011993	64279707	0	null	12326	2014-11-28 22	7
10011993	64279707	0	null	12326	2014-11-28 22	7
10011993	64279707	0	null	12326	2014-11-30 15	7
10011993	290346951	0	null	12230	2014-12-12 23	2
10011993	290346951	0	null	12230	2014-12-12 23	2
10011993	31388942	0	9rf4i6a	3628	2014-11-21 21	1
10011993	112216472	0	null	12326	2014-11-28 22	5
10011993	112216472	0	null	12326	2014-11-28 22	5
10011993	112216472	0	null	12326	2014-11-28 22	5
10011993	112216472	0	null	12326	2014-11-28 22	5
10011993	112216472	0	null	12326	2014-11-28 22	5
10011993	343085772	0	9rf4iq6	1863	2014-12-02 23	1
10011993	66793144	0	9rf4i69	6054	2014-11-21 22	3
10011993	66793144	0	9rf4i69	6054	2014-11-21 22	3
10011993	66793144	0	9rf4i6v	6054	2014-11-21 22	3
10011993	22194768	0	null	12690	2014-12-08 19	4
10011993	22194768	0	null	12690	2014-12-08 19	4
10011993	22194768	0	null	12690	2014-12-08 19	4
10011993	22194768	0	null	12690	2014-12-08 19	4
10011993	318390120	0	9rf4i62	2993	2014-11-21 22	1
10011993	392376299	0	9rf4iq7	3424	2014-12-13 22	2
10011993	392376299	0	9rf4iq1	3424	2014-12-13 22	2
10011993	370626465	0	9rf4i60	12097	2014-12-08 20	2
10011993	370626465	0	9rf4i66	12097	2014-12-08 20	2
10011993	212058710	0	9rf4ihh	9130	2014-12-13 12	2
10011993	212058710	0	9rf4i70	9130	2014-12-13 12	2
10011993	94830771	0	9rf4i64	10223	2014-11-27 18	4
10011993	94830771	0	9rf4i6p	10223	2014-11-27 18	4
10011993	94830771	0	9rf4i65	10223	2014-11-27 18	4
10011993	94830771	0	9rf4i6a	10223	2014-11-27 18	4
10011993	33048270	0	9rf4i4g	3673	2014-12-10 22	2
10011993	33048270	0	9rf4iqb	3673	2014-12-10 22	2
10011993	398681810	0	9rf4i61	6000	2014-12-13 22	3
10011993	398681810	0	9rf4i6k	6000	2014-12-13 22	3
10011993	398681810	0	9rf4i6s	6000	2014-12-13 22	3
10011993	337158401	0	9rf4iq7	9179	2014-12-09 22	3
10011993	337158401	0	9rf4iqv	9179	2014-12-09 22	3
10011993	337158401	0	9rf4i4o	9179	2014-12-09 22	3
10011993	214565045	0	9rf4i5m	3673	2014-12-10 22	1
10011993	312320817	0	9rf4i6h	6000	2014-12-09 22	1
10011993	301559478	0	9rf4iq1	7767	2014-12-02 22	2
10011993	301559478	0	9rf4i6c	7767	2014-12-02 22	2
10011993	150534674	0	9rf4iqa	10533	2014-12-08 20	2
10011993	150534674	0	9rf4i6h	10533	2014-12-08 20	2
10011993	393563764	0	9rf4i6w	3628	2014-11-22 11	6
10011993	393563764	0	9rf4i61	3628	2014-11-23 15	6
10011993	393563764	0	null	3628	2014-11-22 00	6
10011993	393563764	0	9rf4i6v	3628	2014-11-23 15	6
10011993	393563764	0	null	3628	2014-11-22 00	6
10011993	393563764	0	9rf4iqk	3628	2014-11-22 11	6
10011993	15297876	0	9rf4i69	6054	2014-11-21 21	1
10011993	113661604	0	9rf4ih0	9130	2014-12-13 12	2
10011993	113661604	0	9rf4ihf	9130	2014-12-13 12	2
10011993	245506568	0	null	3673	2014-12-08 19	1
10011993	191464231	0	9rf4i5m	3628	2014-11-21 21	1
10011993	374863916	0	9rf4i62	10223	2014-11-27 19	2
10011993	374863916	0	9rf4iqk	10223	2014-11-27 19	2
10011993	311550848	0	9rf4iq7	2993	2014-12-10 22	2
10011993	311550848	0	9rf4iqa	2993	2014-12-10 22	2
10011993	171239353	0	9rf4i6s	3628	2014-11-21 22	2
10011993	171239353	0	9rf4i6r	3628	2014-11-21 22	2
10011993	18962667	0	null	4370	2014-12-04 12	3
10011993	18962667	0	null	4370	2014-12-04 12	3
10011993	18962667	0	null	4370	2014-12-04 12	3
10011993	93986063	0	9rf4i65	4370	2014-11-27 21	2
10011993	93986063	0	9rf4iqq	4370	2014-11-27 21	2
10011993	38055276	0	null	5503	2014-11-30 15	2
10011993	38055276	0	null	5503	2014-11-30 15	2
10011993	211149409	0	9rf4i6s	3673	2014-12-12 23	4
10011993	211149409	0	9rf4i4e	3673	2014-12-12 23	4
10011993	211149409	0	9rf4i79	3673	2014-12-12 23	4
10011993	211149409	0	9rf4i6s	3673	2014-12-12 23	4
10011993	314686566	0	9rf4i69	10753	2014-11-20 23	2
10011993	314686566	0	9rf4i5m	10753	2014-11-20 23	2
10011993	221869862	0	9rf4iqn	1863	2014-12-02 21	2
10011993	221869862	0	9rf4i79	1863	2014-12-02 21	2
10011993	109583187	0	9rf4i5l	10223	2014-12-12 23	3
10011993	109583187	0	9rf4iqk	10223	2014-12-12 23	3
10011993	109583187	0	9rf4i62	10223	2014-12-12 23	3
10011993	346504209	0	9rf4iqp	7767	2014-12-02 22	2
10011993	346504209	0	9rf4i66	7767	2014-12-02 22	2
10011993	170261791	0	null	10753	2014-11-21 12	5
10011993	170261791	0	9rf4i6s	10753	2014-11-21 21	5
10011993	170261791	0	null	10753	2014-11-21 12	5
10011993	170261791	0	9rf4i6h	10753	2014-11-21 21	5
10011993	170261791	0	null	10753	2014-11-21 12	5
10011993	295402433	0	null	10753	2014-11-21 12	2
10011993	295402433	0	null	10753	2014-11-21 12	2
10011993	187652062	0	null	3673	2014-12-08 19	1
10011993	255693499	0	9rf4i6h	2993	2014-11-21 23	1
10011993	24470489	0	null	5503	2014-11-30 15	2
10011993	24470489	0	null	5503	2014-11-30 15	2
10011993	145943143	0	9rf4i60	3628	2014-12-01 23	1
10011993	272184631	0	9rf4iqb	10533	2014-12-01 23	4
10011993	272184631	0	9rf4i5m	10533	2014-11-22 10	4
10011993	272184631	0	9rf4i6v	10533	2014-12-01 23	4
10011993	272184631	0	9rf4i5d	10533	2014-11-22 10	4
10011993	45007087	0	9rf4iqk	11564	2014-11-30 19	3
10011993	45007087	0	9rf4i61	11564	2014-11-30 19	3
10011993	45007087	0	9rf4i69	11564	2014-11-30 19	3
10011993	46945434	0	9rf4iqs	5399	2014-12-08 20	4
10011993	46945434	0	9rf4i6s	5399	2014-12-08 20	4
10011993	46945434	0	9rf4i6v	5399	2014-12-08 20	4
10011993	46945434	0	9rf4iqb	5399	2014-12-08 20	4
10011993	82764812	0	9rf4iqs	552	2014-11-27 18	2
10011993	82764812	0	9rf4iqv	552	2014-11-27 18	2
10011993	383449796	0	9rf4i60	552	2014-11-27 18	2
10011993	383449796	0	9rf4i6h	552	2014-11-27 18	2
10011993	235159823	0	9rf4iqs	3628	2014-11-21 21	3
10011993	235159823	0	9rf4iqa	3628	2014-11-21 21	3
10011993	235159823	0	9rf4i69	3628	2014-11-21 21	3
10011993	255321908	0	9rf4i5o	2993	2014-11-21 22	3
10011993	255321908	0	9rf4i61	2993	2014-11-21 22	3
10011993	255321908	0	9rf4iqa	2993	2014-11-21 22	3
10011993	55900913	0	9rf4ihk	9130	2014-12-13 12	4
10011993	55900913	0	null	9130	2014-12-10 12	4
10011993	55900913	0	null	9130	2014-12-10 12	4
10011993	55900913	0	9rf4ih9	9130	2014-12-13 12	4
10011993	179480219	0	9rf4i61	11824	2014-12-02 22	2
10011993	179480219	0	9rf4i6r	11824	2014-12-02 22	2
10011993	193954694	0	null	11327	2014-12-08 19	4
10011993	193954694	0	null	11327	2014-12-08 19	4
10011993	193954694	0	null	11327	2014-12-08 19	4
10011993	193954694	0	null	11327	2014-12-08 19	4
10011993	256994181	0	9rf4i4o	4505	2014-12-09 22	1
10011993	21227325	0	9rf4i6u	5894	2014-11-28 18	5
10011993	21227325	0	null	5894	2014-11-30 15	5
10011993	21227325	0	null	5894	2014-11-28 22	5
10011993	21227325	0	null	5894	2014-11-28 22	5
10011993	21227325	0	null	5894	2014-11-30 15	5
10011993	398214407	0	9rf4i65	3673	2014-11-21 23	1
10011993	249751096	0	9rf4i5d	10753	2014-12-02 22	3
10011993	249751096	0	9rf4iq7	10753	2014-12-02 22	3
10011993	249751096	0	9rf4iqv	10753	2014-12-02 22	3
10011993	123146670	0	9rf4i6n	10753	2014-11-20 23	2
10011993	123146670	0	9rf4i65	10753	2014-11-20 23	2
10011993	239238641	0	9rf4i6v	7312	2014-12-08 20	5
10011993	239238641	0	9rf4i60	7312	2014-12-08 20	5
10011993	239238641	0	9rf4iqs	7312	2014-12-08 20	5
10011993	239238641	0	9rf4i6b	7312	2014-12-08 20	5
10011993	239238641	0	9rf4iqs	7312	2014-12-08 20	5
10011993	291120440	0	9rf4iq2	3628	2014-11-21 21	1
10011993	311147043	0	9rf4i6w	11552	2014-11-21 23	7
10011993	311147043	0	9rf4i6s	11552	2014-11-22 11	7
10011993	311147043	0	null	11552	2014-11-22 00	7
10011993	311147043	0	9rf4iq1	11552	2014-11-22 11	7
10011993	311147043	0	9rf4i6a	11552	2014-11-21 23	7
10011993	311147043	0	null	11552	2014-11-22 00	7
10011993	311147043	0	9rf4i6i	11552	2014-11-22 11	7
10011993	98512051	0	9rf4iqb	5689	2014-12-02 21	2
10011993	98512051	0	9rf4i4d	5689	2014-12-02 21	2
10011993	35163210	0	9rf4iqv	11824	2014-12-02 22	1
10011993	179786724	0	null	11327	2014-12-08 19	2
10011993	179786724	0	null	11327	2014-12-08 19	2
10011993	345157535	0	9rf4iqk	5232	2014-12-03 07	1
10011993	334212191	0	9rf4i63	4276	2014-11-21 22	2
10011993	334212191	0	9rf4iqk	4276	2014-11-21 22	2
10011993	196895368	0	9rf4iqh	7767	2014-11-21 23	2
10011993	196895368	0	9rf4i6u	7767	2014-11-21 23	2
10011993	371573608	0	9rf4iqp	552	2014-12-02 21	2
10011993	371573608	0	9rf4i61	552	2014-12-02 21	2
10011993	85327087	0	9rf4iqs	11824	2014-12-02 22	2
10011993	85327087	0	9rf4i6s	11824	2014-12-02 22	2
10011993	287032959	0	9rf4i6k	1863	2014-12-01 23	1
10011993	56355379	0	9rf4iq0	3628	2014-11-21 21	1
10011993	175611423	0	9rf4i6p	12569	2014-12-02 22	2
10011993	175611423	0	9rf4i60	12569	2014-12-02 22	2
10011993	345970883	0	null	12326	2014-11-28 22	3
10011993	345970883	0	null	12326	2014-11-28 22	3
10011993	345970883	0	null	12326	2014-11-28 22	3
10011993	393981574	0	9rf4iq2	3673	2014-12-10 22	2
10011993	393981574	0	9rf4i62	3673	2014-12-10 22	2
10011993	106690269	0	9rf4iqs	3673	2014-11-21 23	3
10011993	106690269	0	9rf4i6n	3673	2014-11-21 23	3
10011993	106690269	0	9rf4i69	3673	2014-11-21 23	3
10011993	328353125	0	9rf4i6p	2993	2014-11-21 22	1
10011993	120554342	0	9rf4iqv	2993	2014-11-21 22	3
10011993	120554342	0	9rf4i65	2993	2014-11-21 22	3
10011993	120554342	0	9rf4i4o	2993	2014-11-21 22	3
10011993	75010631	0	9rf4iqs	3673	2014-11-21 23	1
10011993	316010158	0	9rf4i6p	14079	2014-11-21 23	6
10011993	316010158	0	9rf4i4l	14079	2014-11-21 23	6
10011993	316010158	0	9rf4iqt	14079	2014-11-21 23	6
10011993	316010158	0	null	14079	2014-11-22 00	6
10011993	316010158	0	9rf4i66	14079	2014-11-21 23	6
10011993	316010158	0	null	14079	2014-11-22 00	6
10011993	35096600	0	9rf4iqq	874	2014-12-17 22	7
10011993	35096600	0	9rf4i6s	874	2014-12-17 22	7
10011993	35096600	0	9rf4irm	874	2014-12-17 22	7
10011993	35096600	0	9rf4i6w	874	2014-12-17 22	7
10011993	35096600	0	9rf4iq6	874	2014-12-17 22	7
10011993	35096600	0	9rf4iqh	874	2014-12-17 22	7
10011993	35096600	0	9rf4i65	874	2014-12-17 22	7
10011993	153286349	0	9rf4iqn	4370	2014-11-27 21	2
10011993	153286349	0	9rf4i69	4370	2014-11-27 21	2
10011993	16367435	0	9rf4i6v	9130	2014-11-21 21	3
10011993	16367435	0	9rf4i69	9130	2014-11-21 21	3
10011993	16367435	0	9rf4i69	9130	2014-11-21 21	3
10011993	127049592	0	9rf4iq1	3673	2014-11-21 22	1
10011993	398488481	0	9rf4i5f	14079	2014-11-21 22	1
10011993	70135684	0	9rf4iqk	10223	2014-12-08 21	2
10011993	70135684	0	9rf4iq0	10223	2014-12-08 21	2
10011993	229887482	0	9rf4iqh	3628	2014-11-21 21	1
10011993	332391413	0	9rf4i6a	1863	2014-12-02 23	2
10011993	332391413	0	9rf4i6p	1863	2014-12-02 23	2
10011993	3258809	0	9rf4i79	3673	2014-11-21 22	2
10011993	3258809	0	9rf4i5f	3673	2014-11-21 22	2
10011993	2341601	0	9rf4i6s	3628	2014-11-21 21	1
10011993	382377596	0	9rf4i69	10223	2014-11-27 18	3
10011993	382377596	0	9rf4iqb	10223	2014-11-27 18	3
10011993	382377596	0	9rf4iq6	10223	2014-11-27 18	3
10011993	134119432	0	null	3673	2014-12-08 19	2
10011993	134119432	0	null	3673	2014-12-08 19	2
10011993	59194870	0	9rf4i6i	6054	2014-11-21 21	3
10011993	59194870	0	9rf4i65	6054	2014-11-21 21	3
10011993	59194870	0	9rf4iqu	6054	2014-11-21 21	3
10011993	116761352	0	9rf4i6i	874	2014-12-17 22	1
10011993	251306799	0	9rf4i77	12388	2014-12-13 12	2
10011993	251306799	0	9rf4i7b	12388	2014-12-13 12	2
10011993	21144113	0	9rf4i66	7929	2014-11-21 23	2
10011993	21144113	0	9rf4iqa	7929	2014-11-21 23	2
10011993	299874445	0	9rf4i6k	4370	2014-11-27 21	2
10011993	299874445	0	9rf4i65	4370	2014-11-27 21	2
10011993	2963167	0	9rf4i6t	3673	2014-11-21 22	1
10011993	60556337	0	9rf4i75	7767	2014-12-02 21	2
10011993	60556337	0	9rf4i6b	7767	2014-12-02 21	2
10011993	96597814	0	9rf4i6p	11564	2014-11-30 19	1
10011993	6728191	0	9rf4i69	874	2014-12-17 22	2
10011993	6728191	0	9rf4i69	874	2014-12-17 22	2
10011993	138930077	0	9rf4i6v	12569	2014-11-21 23	2
10011993	138930077	0	9rf4iqa	12569	2014-11-21 23	2
10011993	105157483	0	null	13963	2014-11-28 23	8
10011993	105157483	0	9rf4i6i	13963	2014-12-01 22	8
10011993	105157483	0	9rf4i61	13963	2014-12-01 22	8
10011993	105157483	0	null	13963	2014-11-30 15	8
10011993	105157483	0	null	13963	2014-11-28 23	8
10011993	105157483	0	null	13963	2014-11-28 23	8
10011993	105157483	0	9rf4i4o	13963	2014-12-01 20	8
10011993	105157483	0	null	13963	2014-11-30 15	8
10011993	44560528	0	null	4370	2014-12-04 10	5
10011993	44560528	0	null	4370	2014-12-04 10	5
10011993	44560528	0	null	4370	2014-12-04 12	5
10011993	44560528	0	null	4370	2014-12-04 12	5
10011993	44560528	0	null	4370	2014-12-04 10	5
10011993	212079674	0	9rf4i64	13230	2014-11-27 18	2
10011993	212079674	0	9rf4i5f	13230	2014-11-27 18	2
10011993	247894044	0	9rf4i7i	7767	2014-12-02 21	2
10011993	247894044	0	9rf4i7i	7767	2014-12-02 21	2
10011993	217391882	0	9rf4i5l	11824	2014-12-02 22	2
10011993	217391882	0	9rf4irm	11824	2014-12-02 22	2
10011993	276390765	0	9rf4i60	10314	2014-11-21 21	2
10011993	276390765	0	9rf4iqk	10314	2014-11-21 21	2
10011993	269562042	0	9rf4iqp	7767	2014-11-21 23	3
10011993	269562042	0	9rf4iq2	7767	2014-11-21 23	3
10011993	269562042	0	9rf4i6a	7767	2014-11-21 23	3
10011993	340649708	0	9rf4i5m	3628	2014-11-21 21	3
10011993	340649708	0	9rf4i6k	3628	2014-11-21 21	3
10011993	340649708	0	9rf4iqh	3628	2014-11-21 21	3
10011993	189979868	0	9rf4i6r	3628	2014-11-21 21	1
10011993	201826483	0	null	7767	2014-11-22 00	8
10011993	201826483	0	9rf4i4o	7767	2014-11-21 23	8
10011993	201826483	0	9rf4i6p	7767	2014-11-21 23	8
10011993	201826483	0	9rf4iqh	7767	2014-11-21 23	8
10011993	201826483	0	null	7767	2014-11-22 00	8
10011993	201826483	0	9rf4i6s	7767	2014-11-21 23	8
10011993	201826483	0	null	7767	2014-11-22 12	8
10011993	201826483	0	null	7767	2014-11-22 12	8
10011993	195070325	0	9rf4iqq	12388	2014-11-22 11	2
10011993	195070325	0	9rf4i5d	12388	2014-11-22 11	2
10011993	245242187	0	null	3673	2014-11-22 12	20
10011993	245242187	0	9rf4iqu	3673	2014-11-21 22	20
10011993	245242187	0	9rf4i5d	3673	2014-11-21 23	20
10011993	245242187	0	9rf4i5o	3673	2014-11-21 23	20
10011993	245242187	0	null	3673	2014-11-22 12	20
10011993	245242187	0	null	3673	2014-11-22 12	20
10011993	245242187	0	9rf4i4d	3673	2014-11-23 15	20
10011993	245242187	0	9rf4i60	3673	2014-11-23 15	20
10011993	245242187	0	9rf4iq6	3673	2014-11-23 15	20
10011993	245242187	0	9rf4i5d	3673	2014-11-21 22	20
10011993	245242187	0	9rf4iqt	3673	2014-11-23 15	20
10011993	245242187	0	9rf4i67	3673	2014-11-21 22	20
10011993	245242187	0	9rf4i67	3673	2014-11-21 23	20
10011993	245242187	0	9rf4iq0	3673	2014-11-21 22	20
10011993	245242187	0	null	3673	2014-11-22 12	20
10011993	245242187	0	null	3673	2014-11-22 00	20
10011993	245242187	0	9rf4i64	3673	2014-11-23 15	20
10011993	245242187	0	9rf4i6r	3673	2014-11-21 22	20
10011993	245242187	0	null	3673	2014-11-22 00	20
10011993	245242187	0	9rf4iqq	3673	2014-11-23 15	20
10011993	112096057	0	9rf4iqp	7929	2014-11-21 23	2
10011993	112096057	0	9rf4i5m	7929	2014-11-21 23	2
10011993	361195488	0	null	4370	2014-11-27 21	2
10011993	361195488	0	null	4370	2014-11-27 21	2
10011993	5565137	0	9rf4i6i	9790	2014-12-12 23	4
10011993	5565137	0	9rf4iqb	9790	2014-12-12 23	4
10011993	5565137	0	9rf4iqt	9790	2014-12-12 23	4
10011993	5565137	0	9rf4i65	9790	2014-12-12 23	4
10011993	141480762	0	9rf4iqq	2993	2014-11-21 22	1
10011993	161582718	0	null	1083	2014-12-08 19	2
10011993	161582718	0	null	1083	2014-12-08 19	2
10011993	39999340	0	9rf4iqv	2947	2014-12-08 20	2
10011993	39999340	0	9rf4i66	2947	2014-12-08 20	2
10011993	388852089	0	9rf4i6v	5232	2014-11-21 22	2
10011993	388852089	0	9rf4iqv	5232	2014-11-21 22	2
10011993	389133672	0	9rf4i60	4999	2014-12-12 23	2
10011993	389133672	0	9rf4i6s	4999	2014-12-12 23	2
10011993	62218114	0	9rf4iq6	5689	2014-12-02 21	2
10011993	62218114	0	9rf4i6t	5689	2014-12-02 21	2
10011993	17700910	0	9rf4iqs	5232	2014-11-21 22	2
10011993	17700910	0	9rf4iqp	5232	2014-11-21 22	2
10011993	39592100	0	9rf4i6i	10223	2014-12-08 21	2
10011993	39592100	0	9rf4i61	10223	2014-12-08 21	2
10011993	322920550	0	9rf4i60	4370	2014-11-27 21	2
10011993	322920550	0	9rf4i7i	4370	2014-11-27 21	2
10011993	293593385	0	9rf4i6s	10894	2014-12-02 21	2
10011993	293593385	0	9rf4i5j	10894	2014-12-02 21	2
10011993	55825129	0	null	11564	2014-11-30 12	1
10011993	329646487	0	9rf4i69	6054	2014-11-21 21	2
10011993	329646487	0	9rf4i6a	6054	2014-11-21 21	2
10011993	259439008	0	9rf4i5m	11564	2014-11-30 19	4
10011993	259439008	0	9rf4i66	11564	2014-11-30 19	4
10011993	259439008	0	9rf4i4o	11564	2014-11-30 19	4
10011993	259439008	0	9rf4i4o	11564	2014-11-30 19	4
10011993	263288683	0	null	5894	2014-11-24 14	3
10011993	263288683	0	null	5894	2014-11-24 13	3
10011993	263288683	0	null	5894	2014-11-24 14	3
10011993	205919690	0	9rf4i5m	9790	2014-11-22 11	1
10011993	339003043	0	9rf4i6a	7929	2014-11-21 23	2
10011993	339003043	0	9rf4iqt	7929	2014-11-21 23	2
10011993	314791636	0	null	4370	2014-12-04 12	2
10011993	314791636	0	null	4370	2014-12-04 12	2
10011993	106076469	0	9rf4i5f	5894	2014-11-27 21	2
10011993	106076469	0	9rf4i6v	5894	2014-11-27 21	2
10011993	8683794	0	null	5503	2014-11-29 12	5
10011993	8683794	0	null	5503	2014-11-29 12	5
10011993	8683794	0	null	5503	2014-11-28 23	5
10011993	8683794	0	null	5503	2014-11-28 23	5
10011993	8683794	0	null	5503	2014-11-28 23	5
10011993	127262960	0	null	2993	2014-12-08 20	2
10011993	127262960	0	null	2993	2014-12-08 20	2
10011993	40492988	0	9rf4i62	10223	2014-12-01 23	3
10011993	40492988	0	9rf4i6t	10223	2014-12-01 23	3
10011993	40492988	0	9rf4i69	10223	2014-12-12 23	3
10011993	200564902	0	9rf4i75	4269	2014-12-17 22	2
10011993	200564902	0	9rf4i62	4269	2014-12-17 22	2
10011993	400344528	0	9rf4i60	2993	2014-11-21 22	1
10011993	393950429	0	null	3628	2014-11-22 00	8
10011993	393950429	0	9rf4i61	3628	2014-11-22 11	8
10011993	393950429	0	null	3628	2014-11-22 00	8
10011993	393950429	0	null	3628	2014-11-22 00	8
10011993	393950429	0	9rf4iq1	3628	2014-11-23 15	8
10011993	393950429	0	9rf4i7r	3628	2014-11-23 15	8
10011993	393950429	0	null	3628	2014-11-22 00	8
10011993	393950429	0	9rf4i5d	3628	2014-11-22 11	8
10011993	114699070	0	9rf4iq1	3673	2014-11-21 22	5
10011993	114699070	0	9rf4i4g	3673	2014-11-21 22	5
10011993	114699070	0	9rf4i5d	3673	2014-11-21 22	5
10011993	114699070	0	9rf4iq1	3673	2014-11-21 23	5
10011993	114699070	0	9rf4i60	3673	2014-11-21 22	5
10011993	383983389	0	9rf4i5d	7767	2014-12-02 20	6
10011993	383983389	0	9rf4i65	7767	2014-12-02 22	6
10011993	383983389	0	9rf4i65	7767	2014-12-02 20	6
10011993	383983389	0	9rf4i6v	7767	2014-12-02 22	6
10011993	383983389	0	9rf4i62	7767	2014-12-02 21	6
10011993	383983389	0	9rf4iqn	7767	2014-12-02 22	6
10011993	164047906	0	9rf4iqb	7767	2014-12-02 22	2
10011993	164047906	0	9rf4i67	7767	2014-12-02 22	2
10011993	88517400	0	9rf4i61	11552	2014-12-01 23	4
10011993	88517400	0	9rf4i5m	11552	2014-12-01 23	4
10011993	88517400	0	9rf4i6w	11552	2014-12-01 23	4
10011993	88517400	0	9rf4i66	11552	2014-12-01 23	4
10011993	82670751	0	9rf4i6v	10753	2014-12-02 22	1
10011993	181213015	0	9rf4iqp	6054	2014-11-21 21	1
10011993	57275572	0	9rf4i6t	1488	2014-11-22 11	3
10011993	57275572	0	9rf4i66	1488	2014-11-22 11	3
10011993	57275572	0	9rf4iqp	1488	2014-11-22 11	3
10011993	315747841	0	9rf4i6t	3673	2014-12-10 22	1
10011993	233479378	0	9rf4i6k	1863	2014-12-02 21	2
10011993	233479378	0	9rf4iqv	1863	2014-12-02 21	2
10011993	3704901	0	9rf4i64	3673	2014-12-10 22	2
10011993	3704901	0	9rf4i65	3673	2014-12-10 22	2
10011993	161313559	0	9rf4i6p	6000	2014-12-13 22	4
10011993	161313559	0	9rf4iq6	6000	2014-12-13 22	4
10011993	161313559	0	9rf4iq6	6000	2014-12-09 22	4
10011993	161313559	0	9rf4iqa	6000	2014-12-13 22	4
10011993	223353284	0	9rf4iq6	11623	2014-12-01 23	2
10011993	223353284	0	9rf4i7w	11623	2014-12-01 23	2
10011993	147105316	0	9rf4i7w	12569	2014-12-02 21	2
10011993	147105316	0	9rf4iq1	12569	2014-12-02 21	2
10011993	108366118	0	9rf4i5m	2993	2014-11-21 23	1
10011993	396843324	0	9rf4i6n	6513	2014-12-02 21	2
10011993	396843324	0	9rf4iqp	6513	2014-12-02 21	2
10011993	222796002	0	9rf4i6u	895	2014-12-13 22	1
10011993	179332970	0	9rf4i6w	11623	2014-12-01 23	4
10011993	179332970	0	9rf4iq1	11623	2014-12-01 23	4
10011993	179332970	0	9rf4iqs	11623	2014-12-01 23	4
10011993	179332970	0	9rf4i5o	11623	2014-12-01 23	4
10011993	196047412	0	9rf4iqs	10753	2014-11-20 21	1
10011993	63210867	0	9rf4i6w	3673	2014-11-21 21	2
10011993	63210867	0	9rf4i66	3673	2014-11-21 21	2
10011993	74176178	0	9rf4iqq	2993	2014-11-21 22	1
10011993	147138451	0	9rf4i6h	3673	2014-11-21 22	1
10011993	173095649	0	9rf4i4o	12569	2014-12-02 21	2
10011993	173095649	0	9rf4i60	12569	2014-12-02 21	2
10011993	378145496	0	9rf4i6r	3628	2014-11-21 21	1
10011993	222641072	0	9rf4i5d	6000	2014-12-09 22	1
10011993	355926038	0	9rf4i7i	3628	2014-11-21 21	1
10011993	119576628	0	9rf4i6i	552	2014-11-27 18	2
10011993	119576628	0	9rf4iqn	552	2014-11-27 18	2
10011993	209777635	0	null	6054	2014-11-22 00	4
10011993	209777635	0	null	6054	2014-11-22 00	4
10011993	209777635	0	null	6054	2014-11-22 00	4
10011993	209777635	0	null	6054	2014-11-22 00	4
10011993	389449964	0	9rf4i6a	3673	2014-12-12 23	1
10011993	178529554	0	9rf4iq6	10753	2014-11-20 23	3
10011993	178529554	0	9rf4iqs	10753	2014-11-20 23	3
10011993	178529554	0	9rf4iq1	10753	2014-11-20 23	3
10011993	398347449	0	9rf4i6t	13381	2014-11-21 23	2
10011993	398347449	0	9rf4i79	13381	2014-11-21 23	2
10011993	296573030	0	9rf4i6p	5232	2014-12-03 19	1
10011993	79356457	0	9rf4i60	552	2014-11-27 18	2
10011993	79356457	0	9rf4iqk	552	2014-11-27 18	2
10011993	121384226	0	9rf4i5m	11623	2014-12-12 23	2
10011993	121384226	0	9rf4i6u	11623	2014-12-12 23	2
10011993	192838334	0	9rf4iq1	6054	2014-11-21 21	2
10011993	192838334	0	9rf4i6s	6054	2014-11-21 21	2
10011993	352465050	0	9rf4i6r	4370	2014-11-27 21	2
10011993	352465050	0	9rf4i67	4370	2014-11-27 21	2
10011993	238805268	0	9rf4i6v	2825	2014-12-02 21	2
10011993	238805268	0	9rf4iqv	2825	2014-12-02 21	2
10011993	206071049	0	9rf4i61	5503	2014-11-21 23	18
10011993	206071049	0	9rf4i66	5503	2014-11-27 21	18
10011993	206071049	0	9rf4i6k	5503	2014-11-27 21	18
10011993	206071049	0	9rf4i65	5503	2014-11-27 21	18
10011993	206071049	0	9rf4i6a	5503	2014-11-28 17	18
10011993	206071049	0	9rf4i6a	5503	2014-11-28 17	18
10011993	206071049	0	9rf4i6s	5503	2014-11-21 23	18
10011993	206071049	0	9rf4i5j	5503	2014-11-21 23	18
10011993	206071049	0	null	5503	2014-11-19 11	18
10011993	206071049	0	9rf4iq1	5503	2014-11-27 21	18
10011993	206071049	0	null	5503	2014-11-19 11	18
10011993	206071049	0	9rf4i6h	5503	2014-11-21 23	18
10011993	206071049	0	null	5503	2014-11-19 11	18
10011993	206071049	0	9rf4iqb	5503	2014-11-27 21	18
10011993	206071049	0	9rf4i5e	5503	2014-11-21 23	18
10011993	206071049	0	9rf4i74	5503	2014-11-27 21	18
10011993	206071049	0	9rf4iqb	5503	2014-11-21 23	18
10011993	206071049	0	9rf4i63	5503	2014-11-27 21	18
10011993	22750583	0	9rf4iq6	552	2014-11-22 11	9
10011993	22750583	0	9rf4iq0	552	2014-11-21 23	9
10011993	22750583	0	9rf4iqu	552	2014-11-23 15	9
10011993	22750583	0	9rf4i7r	552	2014-11-22 11	9
10011993	22750583	0	9rf4i4f	552	2014-11-23 15	9
10011993	22750583	0	9rf4i6v	552	2014-11-23 15	9
10011993	22750583	0	9rf4i65	552	2014-11-23 15	9
10011993	22750583	0	9rf4i6a	552	2014-11-21 23	9
10011993	22750583	0	9rf4iq0	552	2014-11-21 23	9
10011993	162112491	0	9rf4i5m	12641	2014-12-08 21	2
10011993	162112491	0	9rf4iq1	12641	2014-12-08 21	2
10011993	255835995	0	null	5513	2014-11-30 15	2
10011993	255835995	0	null	5513	2014-11-30 15	2
10011993	20371190	0	9rf4i6s	11824	2014-12-02 21	2
10011993	20371190	0	9rf4iqq	11824	2014-12-02 21	2
10011993	220901978	0	null	2883	2014-12-08 19	2
10011993	220901978	0	null	2883	2014-12-08 19	2
10011993	321792003	0	9rf4i69	7312	2014-11-22 11	2
10011993	321792003	0	9rf4i6v	7312	2014-11-22 11	2
10011993	378264980	0	9rf4i6b	1488	2014-11-21 21	2
10011993	378264980	0	9rf4i6u	1488	2014-11-21 21	2
10011993	326222748	0	9rf4i6w	1843	2014-12-12 23	1
10011993	130349089	0	null	3673	2014-12-08 19	1
10011993	320469740	0	9rf4iqb	5689	2014-12-08 21	1
10011993	183036955	0	9rf4i6k	874	2014-12-17 22	2
10011993	183036955	0	9rf4i5m	874	2014-12-17 22	2
10011993	236193411	0	9rf4i65	11470	2014-11-23 20	2
10011993	236193411	0	9rf4iqq	11470	2014-11-23 20	2
10011993	86167113	0	9rf4iq6	4370	2014-11-27 21	2
10011993	86167113	0	9rf4i79	4370	2014-11-27 21	2
10011993	259161091	0	9rf4iqu	7767	2014-12-02 21	2
10011993	259161091	0	9rf4iqq	7767	2014-12-02 21	2
10011993	102490713	0	9rf4i60	2993	2014-11-21 22	1
10011993	368841708	0	9rf4iqc	11652	2014-11-22 11	2
10011993	368841708	0	9rf4iqv	11652	2014-11-22 11	2
10011993	231374311	0	9rf4iqs	6000	2014-12-09 22	3
10011993	231374311	0	9rf4iq6	6000	2014-12-09 22	3
10011993	231374311	0	9rf4i6r	6000	2014-12-09 22	3
10011993	19485074	0	9rf4i7i	3673	2014-12-12 23	1
10011993	7239321	0	9rf4iq6	5232	2014-11-21 22	2
10011993	7239321	0	9rf4i64	5232	2014-11-21 22	2
10011993	315869043	0	9rf4ihd	9130	2014-12-13 12	2
10011993	315869043	0	9rf4i7g	9130	2014-12-13 12	2
10011993	109537092	0	9rf4iqh	5894	2014-11-27 21	2
10011993	109537092	0	9rf4iqk	5894	2014-11-27 21	2
10011993	298080580	0	9rf4iqs	9130	2014-11-22 15	2
10011993	298080580	0	9rf4iqa	9130	2014-11-22 15	2
10011993	375766601	0	9rf4iqn	6054	2014-11-21 21	1
10011993	15410023	0	null	4370	2014-12-04 12	2
10011993	15410023	0	null	4370	2014-12-04 12	2
10011993	365276950	0	9rf4i5m	7312	2014-12-08 20	2
10011993	365276950	0	9rf4iq1	7312	2014-12-08 20	2
10011993	85543520	0	9rf4i60	7095	2014-12-02 22	1
10011993	356200694	0	9rf4i61	7767	2014-12-02 21	2
10011993	356200694	0	9rf4iqn	7767	2014-12-02 21	2
10011993	66824494	0	null	2993	2014-12-08 19	2
10011993	66824494	0	null	2993	2014-12-08 19	2
10011993	280928408	0	9rf4iqp	11552	2014-12-01 23	4
10011993	280928408	0	9rf4i64	11552	2014-12-01 23	4
10011993	280928408	0	9rf4i64	11552	2014-12-01 23	4
10011993	280928408	0	9rf4iq7	11552	2014-12-01 23	4
10011993	319764576	0	9rf4iqp	552	2014-11-27 18	2
10011993	319764576	0	9rf4iq6	552	2014-11-27 18	2
10011993	371413400	0	9rf4i6t	7767	2014-11-21 21	2
10011993	371413400	0	9rf4iqv	7767	2014-11-21 21	2
10011993	18347996	0	null	10894	2014-11-30 15	3
10011993	18347996	0	null	10894	2014-11-30 15	3
10011993	18347996	0	null	10894	2014-11-30 15	3
10011993	138313622	0	9rf4i6r	6054	2014-11-21 22	1
10011993	61986354	0	9rf4iqs	3628	2014-11-21 21	1
10011993	210019203	0	9rf4i6c	3673	2014-12-10 22	1
10011993	290726180	0	null	3266	2014-12-08 19	1
10011993	103125650	0	9rf4i5m	3673	2014-12-10 22	4
10011993	103125650	0	9rf4i65	3673	2014-12-10 22	4
10011993	103125650	0	9rf4i7r	3673	2014-12-10 22	4
10011993	103125650	0	9rf4i6w	3673	2014-12-10 22	4
10011993	129559105	0	9rf4i6p	10753	2014-11-20 21	1
10011993	117499830	0	9rf4i69	11652	2014-12-01 23	2
10011993	117499830	0	9rf4i5o	11652	2014-12-01 23	2
10011993	302427966	0	9rf4iqs	6054	2014-11-21 21	2
10011993	302427966	0	9rf4iqu	6054	2014-11-21 21	2
10011993	272217345	0	null	3628	2014-11-22 00	1
10011993	269198752	0	null	4370	2014-12-04 10	3
10011993	269198752	0	null	4370	2014-12-04 10	3
10011993	269198752	0	null	4370	2014-12-04 10	3
10011993	359362039	0	9rf4i61	9721	2014-11-21 22	4
10011993	359362039	0	9rf4i60	9721	2014-11-22 15	4
10011993	359362039	0	9rf4i5m	9721	2014-11-21 22	4
10011993	359362039	0	9rf4i64	9721	2014-11-21 22	4
10011993	257403188	0	9rf4iqk	4505	2014-12-09 22	4
10011993	257403188	0	9rf4iqn	4505	2014-12-09 22	4
10011993	257403188	0	9rf4i5f	4505	2014-12-09 22	4
10011993	257403188	0	9rf4i6t	4505	2014-12-09 22	4
10011993	19440058	0	9rf4i79	2883	2014-11-21 21	2
10011993	19440058	0	9rf4iq7	2883	2014-11-21 21	2
10011993	265393390	0	9rf4i6t	10223	2014-12-08 21	1
10011993	205858337	0	9rf4i6h	7767	2014-12-02 22	2
10011993	205858337	0	9rf4iqk	7767	2014-12-02 22	2
10011993	258161338	0	9rf4i6i	5689	2014-11-21 23	1
10011993	4864284	0	9rf4i79	6054	2014-11-21 21	1
10011993	65548664	0	9rf4iqt	7929	2014-11-21 23	2
10011993	65548664	0	9rf4i69	7929	2014-11-21 23	2
10011993	59020787	0	9rf4i69	7767	2014-12-02 21	2
10011993	59020787	0	9rf4iq1	7767	2014-12-02 21	2
10011993	118204760	0	null	4370	2014-12-04 12	2
10011993	118204760	0	null	4370	2014-12-04 12	2
10011993	21355492	0	null	5894	2014-11-24 13	1
10011993	170789593	0	9rf4i61	11824	2014-11-20 21	1
10011993	222725219	0	9rf4iqu	2993	2014-11-21 23	1
10011993	134492828	0	9rf4i6t	12569	2014-12-02 21	2
10011993	134492828	0	9rf4i6v	12569	2014-12-02 21	2
10011993	118385461	0	null	2993	2014-12-08 19	2
10011993	118385461	0	null	2993	2014-12-08 19	2
10011993	87093417	0	9rf4i6c	6000	2014-12-09 22	1
10011993	37072313	0	9rf4iqa	552	2014-11-27 18	2
10011993	37072313	0	9rf4i65	552	2014-11-27 18	2
10011993	212294509	0	9rf4iqh	552	2014-11-27 18	2
10011993	212294509	0	9rf4i7i	552	2014-11-27 18	2
10011993	240199825	0	9rf4i65	3673	2014-11-21 23	3
10011993	240199825	0	9rf4i5j	3673	2014-11-21 23	3
10011993	240199825	0	9rf4i6a	3673	2014-11-21 23	3
10011993	176207291	0	9rf4i5d	5689	2014-12-08 21	3
10011993	176207291	0	9rf4iqb	5689	2014-12-08 21	3
10011993	176207291	0	9rf4i60	5689	2014-12-08 21	3
10011993	202821574	0	null	3673	2014-12-08 19	3
10011993	202821574	0	null	3673	2014-12-08 19	3
10011993	202821574	0	null	3673	2014-12-08 19	3
10011993	65205749	0	9rf4i65	12326	2014-12-01 20	1
10011993	134754868	0	9rf4i6r	6000	2014-12-09 22	3
10011993	134754868	0	9rf4i5d	6000	2014-12-09 22	3
10011993	134754868	0	9rf4i60	6000	2014-12-09 22	3
10011993	197366188	0	9rf4i6n	14079	2014-11-21 22	2
10011993	197366188	0	9rf4iqv	14079	2014-11-21 22	2
10011993	18676282	0	9rf4i79	6054	2014-11-21 22	3
10011993	18676282	0	9rf4i6c	6054	2014-11-21 22	3
10011993	18676282	0	9rf4i66	6054	2014-11-21 22	3
10011993	338433418	0	9rf4i5f	1863	2014-12-02 23	1
10011993	83831794	0	9rf4i6i	4370	2014-11-27 21	2
10011993	83831794	0	9rf4i6u	4370	2014-11-27 21	2
10011993	401675203	0	9rf4i6h	4505	2014-12-09 22	1
10011993	351809611	0	9rf4iki	9130	2014-12-13 12	2
10011993	351809611	0	9rf4i7f	9130	2014-12-13 12	2
10011993	374679564	0	9rf4i75	2993	2014-11-21 22	1
10011993	404447175	0	9rf4iq6	4116	2014-11-22 11	2
10011993	404447175	0	9rf4iq7	4116	2014-11-22 11	2
10011993	22356062	0	9rf4i65	7767	2014-12-02 22	1
10011993	164562954	0	null	552	2014-12-06 22	3
10011993	164562954	0	null	552	2014-12-06 22	3
10011993	164562954	0	null	552	2014-12-06 22	3
10011993	5011473	0	9rf4i6s	6000	2014-12-09 22	1
10011993	39332157	0	null	14079	2014-11-30 15	2
10011993	39332157	0	null	14079	2014-11-30 15	2
10011993	305855972	0	9rf4i63	6054	2014-11-21 22	3
10011993	305855972	0	9rf4iqb	6054	2014-11-21 22	3
10011993	305855972	0	9rf4i74	6054	2014-11-21 22	3
10011993	86248461	0	9rf4irj	14079	2014-11-21 22	2
10011993	86248461	0	9rf4iqk	14079	2014-11-21 22	2
10011993	360573721	0	9rf4i6w	11552	2014-12-12 23	1
10011993	206650822	0	null	10223	2014-12-06 23	2
10011993	206650822	0	null	10223	2014-12-06 23	2
10011993	284159869	0	9rf4i6w	12230	2014-12-01 23	5
10011993	284159869	0	9rf4iqk	12230	2014-12-01 23	5
10011993	284159869	0	9rf4i6v	12230	2014-12-01 23	5
10011993	284159869	0	9rf4i6s	12230	2014-12-12 23	5
10011993	284159869	0	9rf4i61	12230	2014-12-01 23	5
10011993	39647803	0	9rf4i6n	6054	2014-11-21 21	2
10011993	39647803	0	9rf4iq2	6054	2014-11-21 21	2
10011993	299794482	0	9rf4iq3	7767	2014-12-02 21	2
10011993	299794482	0	9rf4irm	7767	2014-12-02 21	2
10011993	154142964	0	9rf4i69	3673	2014-11-21 23	1
10011993	341944190	0	9rf4i5l	3673	2014-12-02 21	2
10011993	341944190	0	9rf4iqa	3673	2014-12-02 21	2
10011993	394146560	0	9rf4i6w	3628	2014-11-21 21	1
10011993	26004844	0	9rf4i6a	3628	2014-11-21 21	3
10011993	26004844	0	9rf4i6r	3628	2014-11-21 21	3
10011993	26004844	0	9rf4i62	3628	2014-11-21 21	3
10011993	249704583	0	9rf4i6k	7929	2014-11-27 21	5
10011993	249704583	0	null	7929	2014-11-27 22	5
10011993	249704583	0	9rf4i7w	7929	2014-11-27 21	5
10011993	249704583	0	null	7929	2014-11-27 22	5
10011993	249704583	0	9rf4i79	7929	2014-11-27 21	5
10011993	333594581	0	9rf4i5o	6513	2014-11-27 18	2
10011993	333594581	0	9rf4i5j	6513	2014-11-27 18	2
10011993	380599572	0	9rf4i61	6054	2014-11-21 21	2
10011993	380599572	0	9rf4i6w	6054	2014-11-21 21	2
10011993	336279728	0	9rf4i61	6054	2014-11-21 22	1
10011993	100188039	0	9rf4i69	7767	2014-12-02 21	2
10011993	100188039	0	9rf4iqs	7767	2014-12-02 21	2
10011993	83451205	0	9rf4i64	2993	2014-11-21 23	1
10011993	392227641	0	9rf4i65	11552	2014-11-22 11	2
10011993	392227641	0	9rf4i6i	11552	2014-11-22 11	2
10011993	161325453	0	9rf4i61	3673	2014-11-21 22	5
10011993	161325453	0	9rf4iq1	3673	2014-11-21 22	5
10011993	161325453	0	9rf4i65	3673	2014-11-21 22	5
10011993	161325453	0	9rf4i6i	3673	2014-11-21 23	5
10011993	161325453	0	9rf4i6w	3673	2014-11-21 22	5
10011993	246931219	0	null	3628	2014-11-22 00	1
10011993	26067496	0	9rf4i69	3628	2014-11-21 21	3
10011993	26067496	0	9rf4iqh	3628	2014-11-21 21	3
10011993	26067496	0	9rf4i6w	3628	2014-11-21 21	3
10011993	263546370	0	9rf4iqa	3628	2014-11-21 21	3
10011993	263546370	0	9rf4i64	3628	2014-11-21 21	3
10011993	263546370	0	9rf4i65	3628	2014-11-21 21	3
10011993	220933881	0	9rf4i66	552	2014-12-01 23	3
10011993	220933881	0	9rf4i6u	552	2014-12-01 23	3
10011993	220933881	0	9rf4i4f	552	2014-12-01 23	3
10011993	196149313	0	9rf4i69	2993	2014-11-21 23	3
10011993	196149313	0	9rf4i7r	2993	2014-11-21 23	3
10011993	196149313	0	9rf4iqt	2993	2014-11-21 23	3
10011993	250444506	0	9rf4i65	552	2014-12-01 23	1
10011993	95112065	0	9rf4iqp	6054	2014-11-21 22	3
10011993	95112065	0	9rf4i6p	6054	2014-11-21 22	3
10011993	95112065	0	9rf4i6a	6054	2014-11-21 22	3
10011993	119576310	0	9rf4ih9	9130	2014-12-13 12	2
10011993	119576310	0	9rf4ikm	9130	2014-12-13 12	2
10011993	393366025	0	9rf4i69	4276	2014-11-21 22	4
10011993	393366025	0	9rf4i6k	4276	2014-11-21 23	4
10011993	393366025	0	9rf4i7i	4276	2014-11-21 22	4
10011993	393366025	0	9rf4i4g	4276	2014-11-21 22	4
10011993	296677391	0	9rf4i4o	3628	2014-11-21 21	1
10011993	77402066	0	9rf4i6q	12569	2014-12-02 21	2
10011993	77402066	0	9rf4iq6	12569	2014-12-02 21	2
10011993	191720741	0	null	1083	2014-11-30 15	3
10011993	191720741	0	null	1083	2014-11-30 15	3
10011993	191720741	0	null	1083	2014-11-30 15	3
10011993	365182638	0	9rf4i5m	3673	2014-12-10 22	4
10011993	365182638	0	9rf4iqu	3673	2014-12-10 22	4
10011993	365182638	0	9rf4i61	3673	2014-12-10 22	4
10011993	365182638	0	9rf4i61	3673	2014-12-10 22	4
10011993	207589189	0	9rf4i6t	6000	2014-12-13 22	1
10011993	57691932	0	9rf4iqp	3628	2014-11-21 21	4
10011993	57691932	0	9rf4i79	3628	2014-11-21 21	4
10011993	57691932	0	9rf4iqc	3628	2014-11-21 21	4
10011993	57691932	0	9rf4i7i	3628	2014-11-21 21	4
10011993	232880259	0	null	6054	2014-12-06 22	1
10011993	63197516	0	null	4370	2014-12-04 10	11
10011993	63197516	0	null	4370	2014-12-06 23	11
10011993	63197516	0	null	4370	2014-12-04 12	11
10011993	63197516	0	null	4370	2014-12-04 12	11
10011993	63197516	0	null	4370	2014-12-04 12	11
10011993	63197516	0	null	4370	2014-12-05 17	11
10011993	63197516	0	null	4370	2014-12-04 10	11
10011993	63197516	0	null	4370	2014-12-04 12	11
10011993	63197516	0	null	4370	2014-12-06 23	11
10011993	63197516	0	null	4370	2014-12-05 17	11
10011993	63197516	0	null	4370	2014-12-04 12	11
10011993	42710253	0	9rf4iqk	3673	2014-12-10 22	1
10011993	85854614	0	9rf4iq7	2825	2014-11-27 18	4
10011993	85854614	0	9rf4iq7	2825	2014-11-27 21	4
10011993	85854614	0	9rf4iq1	2825	2014-11-27 21	4
10011993	85854614	0	9rf4i61	2825	2014-11-27 18	4
10011993	124558152	0	9rf4i6q	552	2014-12-02 21	2
10011993	124558152	0	9rf4iqk	552	2014-12-02 21	2
10011993	262281553	0	null	3673	2014-12-08 19	2
10011993	262281553	0	null	3673	2014-12-08 19	2
10011993	219623758	0	9rf4iqk	2993	2014-12-12 23	2
10011993	219623758	0	9rf4i65	2993	2014-12-12 23	2
10011993	266397256	0	9rf4i6v	3673	2014-12-10 22	1
10011993	190724195	0	9rf4iqp	4370	2014-11-27 21	2
10011993	190724195	0	9rf4i6s	4370	2014-11-27 21	2
10011993	44797268	0	9rf4iq6	874	2014-12-17 22	1
10011993	148528649	0	9rf4i63	11824	2014-12-02 22	2
10011993	148528649	0	9rf4iqp	11824	2014-12-02 22	2
10011993	329330903	0	null	2825	2014-12-06 22	1
10011993	68504107	0	9rf4i4o	10223	2014-12-01 23	5
10011993	68504107	0	9rf4i6s	10223	2014-12-01 23	5
10011993	68504107	0	9rf4iqc	10223	2014-12-01 23	5
10011993	68504107	0	9rf4iqs	10223	2014-12-01 23	5
10011993	68504107	0	9rf4i6s	10223	2014-12-12 23	5
10011993	194068666	0	9rf4iqv	4505	2014-12-13 22	1
10011993	177877477	0	9rf4i69	10223	2014-11-21 21	2
10011993	177877477	0	9rf4i6w	10223	2014-11-21 21	2
10011993	348345059	0	9rf4i6a	11552	2014-12-12 23	2
10011993	348345059	0	9rf4i61	11552	2014-12-12 23	2
10011993	239011213	0	9rf4i5f	2993	2014-11-21 23	3
10011993	239011213	0	9rf4i60	2993	2014-11-21 23	3
10011993	239011213	0	9rf4iqs	2993	2014-11-21 23	3
10011993	157613640	0	null	3673	2014-12-08 19	3
10011993	157613640	0	null	3673	2014-12-08 19	3
10011993	157613640	0	null	3673	2014-12-08 19	3
10011993	180277069	0	9rf4i6s	12230	2014-12-13 22	1
10011993	113420501	0	9rf4i65	10121	2014-12-03 20	3
10011993	113420501	0	9rf4i6t	10121	2014-12-03 20	3
10011993	113420501	0	9rf4iq1	10121	2014-12-03 20	3
10011993	315707362	0	9rf4i6u	11552	2014-12-12 23	2
10011993	315707362	0	9rf4i6w	11552	2014-12-12 23	2
10011993	68879497	0	9rf4i6a	3628	2014-11-21 21	3
10011993	68879497	0	9rf4i5d	3628	2014-11-21 21	3
10011993	68879497	0	9rf4iqv	3628	2014-11-21 21	3
10011993	206646148	0	9rf4i6n	3628	2014-11-21 21	1
10011993	235206582	0	9rf4i6t	3451	2014-12-08 20	1
10011993	400063056	0	9rf4i4o	9130	2014-12-14 23	17
10011993	400063056	0	9rf4i62	9130	2014-12-14 15	17
10011993	400063056	0	9rf4ik6	9130	2014-12-13 12	17
10011993	400063056	0	9rf4i79	9130	2014-12-14 23	17
10011993	400063056	0	9rf4ihj	9130	2014-12-13 12	17
10011993	400063056	0	9rf4iqh	9130	2014-12-14 23	17
10011993	400063056	0	9rf4iqk	9130	2014-12-14 23	17
10011993	400063056	0	9rf4i65	9130	2014-12-14 23	17
10011993	400063056	0	9rf4iq6	9130	2014-12-14 23	17
10011993	400063056	0	9rf4i6s	9130	2014-12-14 23	17
10011993	400063056	0	9rf4i7i	9130	2014-12-14 23	17
10011993	400063056	0	9rf4i6v	9130	2014-12-14 23	17
10011993	400063056	0	9rf4i69	9130	2014-12-14 23	17
10011993	400063056	0	9rf4ihf	9130	2014-12-13 12	17
10011993	400063056	0	9rf4i6s	9130	2014-12-14 23	17
10011993	400063056	0	9rf4ihi	9130	2014-12-13 12	17
10011993	400063056	0	9rf4iha	9130	2014-12-13 12	17
10011993	291177632	0	null	3673	2014-12-08 19	3
10011993	291177632	0	null	3673	2014-12-08 19	3
10011993	291177632	0	null	3673	2014-12-08 19	3
10011993	164259683	0	null	10533	2014-12-03 19	1
10011993	98324577	0	null	11623	2014-12-02 12	4
10011993	98324577	0	9rf4i6i	11623	2014-12-01 23	4
10011993	98324577	0	null	11623	2014-12-06 23	4
10011993	98324577	0	null	11623	2014-12-02 12	4
10011993	259533984	0	9rf4iq7	5232	2014-11-21 22	8
10011993	259533984	0	9rf4iqv	5232	2014-11-21 23	8
10011993	259533984	0	9rf4i6i	5232	2014-11-20 19	8
10011993	259533984	0	9rf4i6i	5232	2014-11-20 19	8
10011993	259533984	0	9rf4i6i	5232	2014-11-20 19	8
10011993	259533984	0	9rf4iqh	5232	2014-11-21 21	8
10011993	259533984	0	9rf4i6i	5232	2014-11-20 19	8
10011993	259533984	0	9rf4i65	5232	2014-11-21 21	8
10011993	56532767	0	9rf4i4d	4269	2014-12-17 22	1
10011993	182406738	0	9rf4iq2	3673	2014-12-01 23	3
10011993	182406738	0	9rf4i5m	3673	2014-12-01 23	3
10011993	182406738	0	9rf4i66	3673	2014-12-12 23	3
10011993	4342614	0	9rf4iqp	1863	2014-11-21 22	5
10011993	4342614	0	9rf4i6t	1863	2014-11-21 22	5
10011993	4342614	0	9rf4i61	1863	2014-11-20 19	5
10011993	4342614	0	9rf4i6r	1863	2014-11-21 23	5
10011993	4342614	0	9rf4i65	1863	2014-11-20 19	5
10011993	11721142	0	9rf4iq3	3673	2014-11-21 23	4
10011993	11721142	0	9rf4i6q	3673	2014-11-21 23	4
10011993	11721142	0	9rf4i6r	3673	2014-11-21 23	4
10011993	11721142	0	9rf4i6i	3673	2014-11-21 23	4
10011993	403749151	0	9rf4i5o	9130	2014-12-14 23	1
10011993	348715262	0	9rf4i60	552	2014-12-01 23	7
10011993	348715262	0	9rf4iq0	552	2014-12-01 23	7
10011993	348715262	0	9rf4iqs	552	2014-12-01 23	7
10011993	348715262	0	null	552	2014-12-02 12	7
10011993	348715262	0	null	552	2014-12-02 12	7
10011993	348715262	0	9rf4i6q	552	2014-12-01 23	7
10011993	348715262	0	9rf4iqk	552	2014-12-01 23	7
10011993	138632346	0	9rf4i6a	9790	2014-11-22 11	1
10011993	376914244	0	9rf4i7r	11824	2014-11-20 20	1
10011993	266872694	0	9rf4i6t	6000	2014-12-09 22	1
10011993	257914953	0	9rf4i4f	3628	2014-11-21 21	1
10011993	55915004	0	9rf4i6k	7767	2014-12-02 21	2
10011993	55915004	0	9rf4i6q	7767	2014-12-02 21	2
10011993	291191910	0	9rf4i4o	6000	2014-12-13 22	1
10011993	186639118	0	9rf4i6q	3628	2014-12-01 23	2
10011993	186639118	0	9rf4i66	3628	2014-12-01 23	2
10011993	32638195	0	9rf4i6s	5232	2014-11-21 22	4
10011993	32638195	0	9rf4iq3	5232	2014-11-21 22	4
10011993	32638195	0	9rf4iqp	5232	2014-11-21 22	4
10011993	32638195	0	9rf4i6a	5232	2014-11-21 23	4
10011993	330963177	0	null	874	2014-12-05 12	1
10011993	74482281	0	9rf4i6u	4370	2014-11-27 21	2
10011993	74482281	0	9rf4i64	4370	2014-11-27 21	2
10011993	320941639	0	9rf4i75	5689	2014-11-21 21	2
10011993	320941639	0	9rf4iqb	5689	2014-11-21 23	2
10011993	295732704	0	9rf4i6h	4370	2014-11-27 21	2
10011993	295732704	0	9rf4i4g	4370	2014-11-27 21	2
10011993	213088198	0	9rf4i6s	5232	2014-11-21 22	2
10011993	213088198	0	9rf4i79	5232	2014-11-21 22	2
10011993	52482841	0	9rf4iq2	552	2014-11-27 18	2
10011993	52482841	0	9rf4iqk	552	2014-11-27 18	2
10011993	121615689	0	9rf4i66	9752	2014-12-02 22	1
10011993	282401315	0	9rf4iqu	552	2014-11-22 15	2
10011993	282401315	0	9rf4i6p	552	2014-11-22 15	2
10011993	102601360	0	9rf4i79	5689	2014-12-02 21	2
10011993	102601360	0	9rf4i6t	5689	2014-12-02 21	2
10011993	133265256	0	9rf4iqk	2993	2014-11-21 23	3
10011993	133265256	0	9rf4i6a	2993	2014-11-21 23	3
10011993	133265256	0	9rf4iqa	2993	2014-11-21 23	3
10011993	143435679	0	null	3673	2014-12-08 19	2
10011993	143435679	0	null	3673	2014-12-08 19	2
10011993	385168506	0	9rf4irj	552	2014-11-21 21	2
10011993	385168506	0	9rf4iqp	552	2014-11-21 21	2
10011993	233374798	0	9rf4iq0	242	2014-11-21 21	2
10011993	233374798	0	9rf4i6s	242	2014-11-21 21	2
10011993	200012652	0	9rf4iqt	7767	2014-12-02 20	2
10011993	200012652	0	9rf4i6i	7767	2014-12-02 20	2
10011993	357064043	0	null	11652	2014-12-06 23	4
10011993	357064043	0	null	11652	2014-12-06 22	4
10011993	357064043	0	null	11652	2014-12-06 23	4
10011993	357064043	0	null	11652	2014-12-06 22	4
10011993	360626266	0	null	2825	2014-12-08 19	4
10011993	360626266	0	null	2825	2014-12-08 19	4
10011993	360626266	0	null	2825	2014-12-08 19	4
10011993	360626266	0	null	2825	2014-12-08 19	4
10011993	33942277	0	9rf4i4o	3628	2014-11-21 21	2
10011993	33942277	0	9rf4iqv	3628	2014-11-21 21	2
10011993	228754898	0	9rf4i69	13041	2014-12-08 21	2
10011993	228754898	0	9rf4i6s	13041	2014-12-08 21	2
10011993	376376110	0	9rf4iqp	3673	2014-12-01 23	2
10011993	376376110	0	9rf4i6r	3673	2014-12-01 23	2
10011993	137681170	0	9rf4i7r	3275	2014-12-14 23	2
10011993	137681170	0	9rf4i5d	3275	2014-12-14 23	2
10011993	20862061	0	9rf4iqu	552	2014-12-02 21	2
10011993	20862061	0	9rf4i6t	552	2014-12-02 21	2
10011993	187144445	0	9rf4i60	6054	2014-11-21 21	1
10011993	175838715	0	null	4370	2014-11-27 21	2
10011993	175838715	0	null	4370	2014-11-27 21	2
10011993	129715376	0	9rf4i61	5232	2014-11-21 22	2
10011993	129715376	0	9rf4iqv	5232	2014-11-21 22	2
10011993	295145440	0	null	10049	2014-11-28 23	2
10011993	295145440	0	null	10049	2014-11-28 23	2
10011993	153870515	0	9rf4iqp	6513	2014-12-02 21	2
10011993	153870515	0	9rf4iq1	6513	2014-12-02 21	2
10011993	174762159	0	null	13963	2014-11-28 23	2
10011993	174762159	0	null	13963	2014-11-28 23	2
10011993	122379331	0	9rf4i7r	12097	2014-12-02 22	2
10011993	122379331	0	9rf4i5d	12097	2014-12-02 22	2
10011993	217759379	0	null	13230	2014-11-30 15	2
10011993	217759379	0	null	13230	2014-11-30 15	2
10011993	251264482	0	9rf4i69	3673	2014-11-23 15	6
10011993	251264482	0	9rf4i60	3673	2014-11-21 23	6
10011993	251264482	0	9rf4iq6	3673	2014-11-21 23	6
10011993	251264482	0	9rf4i6s	3673	2014-11-23 15	6
10011993	251264482	0	9rf4iqh	3673	2014-11-23 15	6
10011993	251264482	0	9rf4iqn	3673	2014-11-23 15	6
10011993	236523151	0	null	5894	2014-11-30 15	3
10011993	236523151	0	9rf4iqc	5894	2014-11-28 18	3
10011993	236523151	0	null	5894	2014-11-30 15	3
10011993	12146832	0	9rf4i4d	1488	2014-11-23 15	2
10011993	12146832	0	9rf4i64	1488	2014-11-23 15	2
10011993	323261206	0	null	5749	2014-11-27 22	2
10011993	323261206	0	null	5749	2014-11-27 22	2
10011993	246602597	0	9rf4iqv	3673	2014-11-21 23	1
10011993	190393772	0	null	4370	2014-11-27 22	1
10011993	236464781	0	9rf4i6t	10753	2014-11-20 23	11
10011993	236464781	0	9rf4i4o	10753	2014-11-20 23	11
10011993	236464781	0	9rf4i4o	10753	2014-11-20 21	11
10011993	236464781	0	9rf4i4o	10753	2014-11-21 22	11
10011993	236464781	0	9rf4i4o	10753	2014-11-20 21	11
10011993	236464781	0	9rf4i62	10753	2014-11-20 21	11
10011993	236464781	0	9rf4i6w	10753	2014-11-20 23	11
10011993	236464781	0	9rf4i6r	10753	2014-11-20 23	11
10011993	236464781	0	null	10753	2014-11-21 12	11
10011993	236464781	0	9rf4iq0	10753	2014-11-21 22	11
10011993	236464781	0	9rf4i66	10753	2014-11-20 21	11
10011993	300603190	0	9rf4iqt	2825	2014-11-21 22	1
10011993	155503286	0	9rf4iqb	4505	2014-12-09 22	2
10011993	155503286	0	9rf4i6t	4505	2014-12-09 22	2
10011993	130172019	0	9rf4i69	4370	2014-11-27 21	3
10011993	130172019	0	9rf4i6r	4370	2014-11-27 21	3
10011993	130172019	0	9rf4i65	4370	2014-11-27 21	3
10011993	154125519	0	9rf4i6b	10753	2014-11-21 21	2
10011993	154125519	0	9rf4iqk	10753	2014-11-21 21	2
10011993	282152978	0	9rf4iqb	2993	2014-11-21 23	1
10011993	88983303	0	null	2415	2014-12-08 19	2
10011993	88983303	0	null	2415	2014-12-08 19	2
10011993	360194930	0	9rf4iqk	1843	2014-11-27 18	3
10011993	360194930	0	9rf4i5d	1843	2014-11-27 18	3
10011993	360194930	0	9rf4iq7	1843	2014-11-27 18	3
10011993	24793522	0	9rf4i60	3628	2014-11-21 21	1
10011993	71499586	0	null	10753	2014-11-21 12	1
10011993	211215108	0	null	4370	2014-11-27 21	2
10011993	211215108	0	null	4370	2014-11-27 21	2
10011993	148606390	0	9rf4i6i	874	2014-12-17 22	2
10011993	148606390	0	9rf4i65	874	2014-12-17 22	2
10011993	217644924	0	9rf4ihi	9130	2014-12-13 12	2
10011993	217644924	0	9rf4ihr	9130	2014-12-13 12	2
10011993	393233255	0	9rf4iq0	3673	2014-12-12 23	1
10011993	73726431	0	9rf4i6n	6054	2014-11-21 21	2
10011993	73726431	0	9rf4i66	6054	2014-11-21 21	2
10011993	191509576	0	null	2825	2014-12-08 19	2
10011993	191509576	0	null	2825	2014-12-08 19	2
10011993	118222201	0	9rf4i66	3628	2014-11-21 21	1
10011993	218737896	0	9rf4ikr	9130	2014-12-13 12	6
10011993	218737896	0	9rf4ihi	9130	2014-12-13 12	6
10011993	218737896	0	null	9130	2014-12-10 12	6
10011993	218737896	0	9rf4ih2	9130	2014-12-13 12	6
10011993	218737896	0	null	9130	2014-12-10 12	6
10011993	218737896	0	9rf4ik4	9130	2014-12-13 12	6
10011993	307846343	0	null	3673	2014-12-08 19	4
10011993	307846343	0	null	3673	2014-12-08 19	4
10011993	307846343	0	null	3673	2014-12-08 19	4
10011993	307846343	0	null	3673	2014-12-08 19	4
10011993	130996278	0	null	6513	2014-12-06 22	1
10011993	272103172	0	9rf4i62	552	2014-11-27 18	2
10011993	272103172	0	9rf4i5o	552	2014-11-27 18	2
10011993	215514244	0	9rf4i61	6000	2014-12-09 22	1
10011993	118930158	0	null	10223	2014-12-06 22	2
10011993	118930158	0	null	10223	2014-12-06 22	2
10011993	335337538	0	9rf4i69	8515	2014-12-02 21	2
10011993	335337538	0	9rf4i60	8515	2014-12-02 21	2
10011993	26200534	0	9rf4iq1	1863	2014-12-02 23	2
10011993	26200534	0	9rf4i5f	1863	2014-12-02 23	2
10011993	322102408	0	null	2883	2014-11-22 00	2
10011993	322102408	0	null	2883	2014-11-22 00	2
10011993	27895932	0	9rf4iqh	3673	2014-12-10 22	3
10011993	27895932	0	9rf4i63	3673	2014-12-10 22	3
10011993	27895932	0	9rf4i61	3673	2014-12-10 22	3
10011993	97963564	0	9rf4i60	7767	2014-12-02 22	2
10011993	97963564	0	9rf4i6k	7767	2014-12-02 22	2
10011993	112756568	0	null	13338	2014-12-06 22	5
10011993	112756568	0	null	13338	2014-12-06 23	5
10011993	112756568	0	null	13338	2014-12-06 23	5
10011993	112756568	0	null	13338	2014-12-06 22	5
10011993	112756568	0	null	13338	2014-12-06 22	5
10011993	153248151	0	9rf4i4f	4505	2014-12-09 22	3
10011993	153248151	0	9rf4i61	4505	2014-12-09 22	3
10011993	153248151	0	9rf4i6s	4505	2014-12-09 22	3
10011993	259958468	0	9rf4iqk	11470	2014-11-23 20	1
10011993	19725902	0	9rf4i75	4276	2014-11-21 22	7
10011993	19725902	0	9rf4i4o	4276	2014-11-21 22	7
10011993	19725902	0	9rf4iq1	4276	2014-11-21 22	7
10011993	19725902	0	9rf4iqb	4276	2014-11-21 22	7
10011993	19725902	0	9rf4i6p	4276	2014-11-21 22	7
10011993	19725902	0	9rf4i61	4276	2014-11-21 23	7
10011993	19725902	0	9rf4i4o	4276	2014-11-21 22	7
10011993	372775422	0	9rf4i6s	6000	2014-12-13 22	1
10011993	22867909	0	9rf4i6r	4370	2014-11-27 21	3
10011993	22867909	0	9rf4iqa	4370	2014-11-27 21	3
10011993	22867909	0	9rf4i6k	4370	2014-11-27 21	3
10011993	159088390	0	9rf4i61	5232	2014-12-03 07	4
10011993	159088390	0	9rf4iqk	5232	2014-12-03 07	4
10011993	159088390	0	9rf4iqp	5232	2014-12-03 07	4
10011993	159088390	0	9rf4i4f	5232	2014-12-03 07	4
10011993	17578376	0	null	4370	2014-12-04 12	2
10011993	17578376	0	null	4370	2014-12-04 12	2
10011993	83944943	0	9rf4i66	3275	2014-12-14 23	2
10011993	83944943	0	9rf4i61	3275	2014-12-14 23	2
10011993	92243714	0	null	9130	2014-12-10 12	2
10011993	92243714	0	null	9130	2014-12-10 12	2
10011993	294671494	0	9rf4i64	5894	2014-11-27 21	2
10011993	294671494	0	9rf4iq6	5894	2014-11-27 21	2
10011993	305942414	0	9rf4i6w	3673	2014-11-21 23	3
10011993	305942414	0	9rf4i63	3673	2014-11-21 23	3
10011993	305942414	0	9rf4i6p	3673	2014-11-21 23	3
10011993	115989988	0	9rf4iq1	12569	2014-12-02 22	2
10011993	115989988	0	9rf4iqt	12569	2014-12-02 22	2
10011993	13609237	0	null	4370	2014-11-30 15	2
10011993	13609237	0	null	4370	2014-11-30 15	2
10011993	372095534	0	9rf4i6b	1863	2014-11-21 22	1
10011993	50915145	0	null	5894	2014-11-27 22	2
10011993	50915145	0	null	5894	2014-11-27 22	2
10011993	263676452	0	null	5503	2014-11-30 15	2
10011993	263676452	0	null	5503	2014-11-30 15	2
10011993	376110465	0	9rf4i6s	2993	2014-11-21 23	1
10011993	325657938	0	9rf4iq6	3628	2014-11-21 21	1
10011993	162355736	0	9rf4i6w	4370	2014-11-27 21	2
10011993	162355736	0	9rf4iqn	4370	2014-11-27 21	2
10011993	202367348	0	9rf4iqc	3628	2014-11-21 21	1
10011993	217534377	0	9rf4i6a	4505	2014-12-09 22	4
10011993	217534377	0	9rf4i6i	4505	2014-12-09 22	4
10011993	217534377	0	9rf4i69	4505	2014-12-09 22	4
10011993	217534377	0	9rf4i6n	4505	2014-12-09 22	4
10011993	383966564	0	9rf4iq0	10753	2014-11-20 23	3
10011993	383966564	0	9rf4i65	10753	2014-11-20 23	3
10011993	383966564	0	9rf4i6n	10753	2014-11-20 23	3
10011993	98636568	0	9rf4i6i	3673	2014-12-12 23	3
10011993	98636568	0	9rf4i61	3673	2014-12-12 23	3
10011993	98636568	0	9rf4iqk	3673	2014-12-12 23	3
10011993	65353951	0	9rf4i6s	3628	2014-11-21 21	1
10011993	64717403	0	9rf4i5o	4505	2014-12-13 22	1
10011993	365772386	0	9rf4iqk	11564	2014-11-30 20	1
10011993	358800015	0	9rf4iqh	5027	2014-12-02 21	2
10011993	358800015	0	9rf4iqt	5027	2014-12-02 21	2
10011993	349263884	0	9rf4i66	552	2014-11-27 18	2
10011993	349263884	0	9rf4iqt	552	2014-11-27 18	2
10011993	166002478	0	9rf4iq6	4505	2014-12-09 22	2
10011993	166002478	0	9rf4iqn	4505	2014-12-09 22	2
10011993	107861238	0	9rf4i61	9130	2014-12-14 23	2
10011993	107861238	0	9rf4i6s	9130	2014-12-14 23	2
10011993	342945774	0	9rf4i6q	6000	2014-12-09 22	1
10011993	281048798	0	9rf4i6p	3673	2014-11-21 22	1
10011993	196065538	0	null	3673	2014-12-08 19	4
10011993	196065538	0	null	3673	2014-12-08 19	4
10011993	196065538	0	null	3673	2014-12-08 19	4
10011993	196065538	0	null	3673	2014-12-08 19	4
10011993	375760128	0	null	12326	2014-11-30 15	7
10011993	375760128	0	null	12326	2014-11-30 15	7
10011993	375760128	0	null	12326	2014-11-28 22	7
10011993	375760128	0	null	12326	2014-11-28 22	7
10011993	375760128	0	null	12326	2014-11-28 22	7
10011993	375760128	0	null	12326	2014-11-28 22	7
10011993	375760128	0	null	12326	2014-11-28 22	7
10011993	185251338	0	9rf4i6w	5894	2014-11-27 21	2
10011993	185251338	0	9rf4iqk	5894	2014-11-27 21	2
10011993	369693729	0	9rf4iqc	3673	2014-12-10 22	2
10011993	369693729	0	9rf4i6i	3673	2014-12-10 22	2
10011993	34567996	0	9rf4iqb	1863	2014-12-02 23	2
10011993	34567996	0	9rf4i65	1863	2014-12-02 23	2
10011993	19117587	0	9rf4iqk	10753	2014-12-02 22	7
10011993	19117587	0	9rf4i6h	10753	2014-12-02 22	7
10011993	19117587	0	9rf4iqk	10753	2014-12-02 22	7
10011993	19117587	0	9rf4i6p	10753	2014-12-02 22	7
10011993	19117587	0	9rf4i4o	10753	2014-12-02 22	7
10011993	19117587	0	9rf4i61	10753	2014-12-02 22	7
10011993	19117587	0	9rf4i65	10753	2014-12-02 22	7
10011993	374015435	0	9rf4i6n	5232	2014-11-21 22	8
10011993	374015435	0	9rf4iq1	5232	2014-11-21 22	8
10011993	374015435	0	9rf4iqp	5232	2014-11-21 22	8
10011993	374015435	0	9rf4i6t	5232	2014-11-21 22	8
10011993	374015435	0	9rf4i69	5232	2014-11-21 22	8
10011993	374015435	0	9rf4iq6	5232	2014-11-21 22	8
10011993	374015435	0	9rf4i6w	5232	2014-11-21 22	8
10011993	374015435	0	9rf4i74	5232	2014-11-21 22	8
10011993	103057157	0	9rf4i6i	11470	2014-11-23 20	3
10011993	103057157	0	9rf4i6k	11470	2014-11-23 20	3
10011993	103057157	0	9rf4iq1	11470	2014-11-23 20	3
10011993	399271293	0	null	3673	2014-12-08 20	4
10011993	399271293	0	null	3673	2014-12-08 20	4
10011993	399271293	0	null	3673	2014-12-08 20	4
10011993	399271293	0	null	3673	2014-12-08 19	4
10011993	214471920	0	9rf4i6b	11564	2014-11-30 19	3
10011993	214471920	0	9rf4i5m	11564	2014-11-30 19	3
10011993	214471920	0	9rf4iqn	11564	2014-11-30 19	3
10011993	185439123	0	9rf4i5m	5894	2014-11-27 21	4
10011993	185439123	0	9rf4i62	5894	2014-11-27 21	4
10011993	185439123	0	9rf4i66	5894	2014-11-27 21	4
10011993	185439123	0	9rf4i69	5894	2014-11-27 21	4
10011993	166791892	0	9rf4i65	4269	2014-12-17 22	5
10011993	166791892	0	9rf4i6i	4269	2014-12-17 22	5
10011993	166791892	0	9rf4i4d	4269	2014-12-17 22	5
10011993	166791892	0	9rf4i65	4269	2014-12-17 22	5
10011993	166791892	0	9rf4iq6	4269	2014-12-17 22	5
10011993	291790219	0	null	10223	2014-12-08 19	2
10011993	291790219	0	null	10223	2014-12-08 19	2
10011993	388183202	0	9rf4i64	1843	2014-12-01 23	2
10011993	388183202	0	9rf4i6r	1843	2014-12-01 23	2
10011993	363481166	0	9rf4i5j	2825	2014-12-02 21	2
10011993	363481166	0	9rf4iqh	2825	2014-12-02 21	2
10011993	248344519	0	9rf4i5d	1863	2014-11-22 11	2
10011993	248344519	0	9rf4i6s	1863	2014-11-22 11	2
10011993	195881538	0	9rf4i61	3628	2014-11-21 21	1
10011993	190613343	0	null	10753	2014-11-21 12	2
10011993	190613343	0	null	10753	2014-11-21 12	2
10011993	101707538	0	9rf4i66	5232	2014-11-21 22	2
10011993	101707538	0	9rf4i6w	5232	2014-11-21 22	2
10011993	359347971	0	9rf4i4f	3673	2014-11-21 22	1
10011993	351998466	0	9rf4iq3	5128	2014-12-12 23	5
10011993	351998466	0	9rf4i64	5128	2014-12-12 23	5
10011993	351998466	0	9rf4iq6	5128	2014-12-13 22	5
10011993	351998466	0	9rf4i69	5128	2014-12-13 22	5
10011993	351998466	0	9rf4iqp	5128	2014-12-12 23	5
10011993	185204269	0	9rf4i65	13638	2014-12-12 23	2
10011993	185204269	0	9rf4i6s	13638	2014-12-12 23	2
10011993	163770886	0	9rf4i65	3628	2014-11-21 21	3
10011993	163770886	0	9rf4iqp	3628	2014-11-21 21	3
10011993	163770886	0	9rf4iqs	3628	2014-11-21 21	3
10011993	385914750	0	null	6526	2014-11-27 22	1
10011993	95668699	0	9rf4i62	11824	2014-11-20 21	1
10011993	264226227	0	9rf4i69	2993	2014-12-08 20	2
10011993	264226227	0	9rf4iqq	2993	2014-12-08 20	2
10011993	71382075	0	9rf4i65	7767	2014-12-02 20	5
10011993	71382075	0	9rf4iq3	7767	2014-12-02 22	5
10011993	71382075	0	9rf4i6c	7767	2014-12-02 20	5
10011993	71382075	0	9rf4i6w	7767	2014-12-02 22	5
10011993	71382075	0	9rf4iqp	7767	2014-12-02 20	5
10011993	361512631	0	9rf4i69	2993	2014-11-21 22	1
10011993	128298749	0	9rf4i62	2993	2014-12-12 23	1
10011993	288206592	0	9rf4iqk	12569	2014-12-02 20	3
10011993	288206592	0	9rf4i67	12569	2014-12-02 20	3
10011993	288206592	0	9rf4i6r	12569	2014-12-02 20	3
10011993	354233702	0	9rf4i6b	5894	2014-11-27 21	2
10011993	354233702	0	9rf4i65	5894	2014-11-27 21	2
10011993	310500835	0	9rf4i5o	2993	2014-11-21 23	3
10011993	310500835	0	9rf4i6t	2993	2014-11-21 23	3
10011993	310500835	0	9rf4iq6	2993	2014-11-21 23	3
10011993	21083960	0	9rf4i6k	552	2014-11-27 18	4
10011993	21083960	0	9rf4i6h	552	2014-11-27 18	4
10011993	21083960	0	9rf4i6s	552	2014-11-27 18	4
10011993	21083960	0	9rf4i6h	552	2014-11-27 18	4
10011993	91916035	0	9rf4i6b	5232	2014-12-03 07	2
10011993	91916035	0	9rf4i61	5232	2014-12-03 07	2
10011993	218395421	0	9rf4i6k	6000	2014-12-09 22	1
10011993	133672529	0	9rf4i6s	6054	2014-11-21 21	1
10011993	206890538	0	null	10753	2014-11-21 12	2
10011993	206890538	0	null	10753	2014-11-21 12	2
10011993	81546455	0	9rf4i6s	2993	2014-11-21 22	3
10011993	81546455	0	9rf4i65	2993	2014-11-21 22	3
10011993	81546455	0	9rf4i67	2993	2014-11-21 22	3
10011993	79990818	0	9rf4iqk	11824	2014-11-20 23	2
10011993	79990818	0	9rf4iq3	11824	2014-11-20 23	2
10011993	48020620	0	9rf4iqc	2993	2014-11-21 22	1
10011993	49321302	0	9rf4i69	5232	2014-11-21 22	2
10011993	49321302	0	9rf4iqt	5232	2014-11-21 22	2
10011993	179180477	0	9rf4i76	5894	2014-12-13 12	4
10011993	179180477	0	9rf4ihi	5894	2014-12-13 12	4
10011993	179180477	0	null	5894	2014-11-27 22	4
10011993	179180477	0	null	5894	2014-11-27 22	4
10011993	104142458	0	9rf4i5o	552	2014-11-22 11	2
10011993	104142458	0	9rf4iqk	552	2014-11-22 11	2
10011993	346366265	0	null	242	2014-12-06 22	1
10011993	294983032	0	9rf4i6b	552	2014-11-27 18	3
10011993	294983032	0	9rf4i69	552	2014-11-27 18	3
10011993	294983032	0	9rf4i6i	552	2014-11-27 18	3
10011993	180871336	0	null	4640	2014-12-03 19	2
10011993	180871336	0	null	4640	2014-12-03 19	2
10011993	210636732	0	9rf4iq0	3673	2014-12-01 23	2
10011993	210636732	0	9rf4iqk	3673	2014-12-01 23	2
10011993	367144552	0	null	3673	2014-12-08 19	3
10011993	367144552	0	null	3673	2014-12-08 19	3
10011993	367144552	0	null	3673	2014-12-08 19	3
10011993	294461343	0	null	11552	2014-12-08 20	4
10011993	294461343	0	null	11552	2014-12-08 20	4
10011993	294461343	0	null	11552	2014-12-08 20	4
10011993	294461343	0	null	11552	2014-12-08 20	4
10011993	343495388	0	null	10753	2014-11-21 12	2
10011993	343495388	0	null	10753	2014-11-21 12	2
10011993	263205772	0	9rf4i60	2425	2014-11-22 11	2
10011993	263205772	0	9rf4i6i	2425	2014-11-22 11	2
10011993	22469824	0	9rf4iqs	5399	2014-12-02 21	2
10011993	22469824	0	9rf4i61	5399	2014-12-02 21	2
10011993	137028361	0	9rf4iq6	11552	2014-12-12 23	2
10011993	137028361	0	9rf4i6p	11552	2014-12-12 23	2
10011993	23405096	0	9rf4iq3	11824	2014-11-20 23	2
10011993	23405096	0	9rf4i6t	11824	2014-11-20 23	2
10011993	44100152	0	9rf4i69	6000	2014-12-13 22	1
10011993	96416768	0	9rf4i61	7767	2014-12-02 21	2
10011993	96416768	0	9rf4i5d	7767	2014-12-02 21	2
10011993	337222892	0	9rf4iqq	2993	2014-11-21 23	1
10011993	165804486	0	9rf4i67	4505	2014-12-09 22	2
10011993	165804486	0	9rf4i6v	4505	2014-12-09 22	2
10011993	265176350	0	9rf4i6n	3628	2014-11-21 21	1
10011993	78305708	0	9rf4i6r	3673	2014-12-10 22	1
10011993	89067704	0	null	3673	2014-12-08 19	1
10011993	275883471	0	9rf4i6v	552	2014-11-27 18	4
10011993	275883471	0	9rf4iq1	552	2014-11-27 18	4
10011993	275883471	0	9rf4iqp	552	2014-11-27 18	4
10011993	275883471	0	9rf4iqk	552	2014-11-27 18	4
10011993	317159931	0	9rf4iq6	3673	2014-11-21 22	1
10011993	232853602	0	9rf4i5d	6054	2014-11-21 21	2
10011993	232853602	0	9rf4i6w	6054	2014-11-21 21	2
10011993	358739008	0	9rf4iqa	4370	2014-11-27 21	2
10011993	358739008	0	9rf4i6q	4370	2014-11-27 21	2
10011993	233158392	0	null	12326	2014-11-28 22	2
10011993	233158392	0	null	12326	2014-11-28 22	2
10011993	320403439	0	null	3673	2014-12-08 19	1
10011993	341254389	0	9rf4i4f	3673	2014-11-21 23	4
10011993	341254389	0	9rf4i5d	3673	2014-11-21 23	4
10011993	341254389	0	9rf4iq6	3673	2014-11-21 23	4
10011993	341254389	0	9rf4iqc	3673	2014-11-21 23	4
10011993	402700528	0	9rf4i4d	14079	2014-11-21 22	2
10011993	402700528	0	9rf4iqk	14079	2014-11-21 22	2
10011993	173082767	0	9rf4i5o	2953	2014-12-08 20	2
10011993	173082767	0	9rf4i61	2953	2014-12-08 20	2
10011993	378491416	0	9rf4i4f	4505	2014-12-13 22	8
10011993	378491416	0	9rf4i6r	4505	2014-12-13 22	8
10011993	378491416	0	9rf4i4d	4505	2014-12-13 22	8
10011993	378491416	0	9rf4iqb	4505	2014-12-09 22	8
10011993	378491416	0	9rf4iq3	4505	2014-12-09 22	8
10011993	378491416	0	9rf4i6r	4505	2014-12-09 22	8
10011993	378491416	0	9rf4i6k	4505	2014-12-09 22	8
10011993	378491416	0	9rf4i64	4505	2014-12-13 22	8
10011993	106398963	0	9rf4i6t	8877	2014-11-23 15	7
10011993	106398963	0	9rf4i5j	8877	2014-11-22 15	7
10011993	106398963	0	9rf4i6p	8877	2014-11-23 15	7
10011993	106398963	0	9rf4i66	8877	2014-11-23 15	7
10011993	106398963	0	9rf4i69	8877	2014-11-23 15	7
10011993	106398963	0	9rf4iq3	8877	2014-11-22 15	7
10011993	106398963	0	9rf4i6p	8877	2014-11-23 15	7
10011993	218896669	0	9rf4i64	6054	2014-11-21 21	1
10011993	41709437	0	9rf4i6b	3628	2014-11-21 21	1
10011993	129696862	0	9rf4i4o	6513	2014-12-08 20	3
10011993	129696862	0	9rf4iqb	6513	2014-12-08 20	3
10011993	129696862	0	9rf4i6t	6513	2014-12-08 20	3
10011993	126580635	0	9rf4iqu	13230	2014-11-27 18	2
10011993	126580635	0	9rf4i6i	13230	2014-11-27 18	2
10011993	102897007	0	9rf4iq6	5232	2014-11-21 22	2
10011993	102897007	0	9rf4i6u	5232	2014-11-21 22	2
10011993	385838232	0	9rf4iqv	5232	2014-12-03 07	9
10011993	385838232	0	9rf4iq6	5232	2014-12-03 07	9
10011993	385838232	0	9rf4i6v	5232	2014-12-03 07	9
10011993	385838232	0	9rf4i5f	5232	2014-12-03 07	9
10011993	385838232	0	9rf4i5o	5232	2014-12-03 07	9
10011993	385838232	0	9rf4i6s	5232	2014-12-03 07	9
10011993	385838232	0	9rf4i6h	5232	2014-12-03 07	9
10011993	385838232	0	9rf4iq6	5232	2014-12-03 20	9
10011993	385838232	0	9rf4i6c	5232	2014-12-03 20	9
10011993	161373599	0	null	10753	2014-11-21 12	2
10011993	161373599	0	null	10753	2014-11-21 12	2
10011993	278848491	0	9rf4i66	6054	2014-11-21 21	1
10011993	187322237	0	null	13963	2014-11-28 23	2
10011993	187322237	0	null	13963	2014-11-28 23	2
10011993	60791089	0	9rf4iq0	3673	2014-12-10 22	1
10011993	322809791	0	null	874	2014-12-05 12	1
10011993	133895958	0	9rf4i5m	6000	2014-12-09 22	1
10011993	354464965	0	9rf4iq1	874	2014-12-17 22	2
10011993	354464965	0	9rf4iqa	874	2014-12-17 22	2
10011993	79097044	0	9rf4iqs	6000	2014-12-09 22	3
10011993	79097044	0	9rf4i5d	6000	2014-12-09 22	3
10011993	79097044	0	9rf4iqt	6000	2014-12-09 22	3
10011993	253802632	0	9rf4i5d	6000	2014-12-13 22	1
10011993	365235283	0	9rf4iqa	6000	2014-12-09 22	1
10011993	142720896	0	null	3673	2014-12-08 19	5
10011993	142720896	0	9rf4i6a	3673	2014-12-01 23	5
10011993	142720896	0	null	3673	2014-12-02 12	5
10011993	142720896	0	null	3673	2014-12-02 12	5
10011993	142720896	0	null	3673	2014-12-08 19	5
10011993	196205556	0	9rf4iqb	5232	2014-11-21 22	2
10011993	196205556	0	9rf4iq6	5232	2014-11-21 22	2
10011993	234242223	0	9rf4iqt	12569	2014-12-02 21	3
10011993	234242223	0	9rf4i66	12569	2014-12-02 21	3
10011993	234242223	0	9rf4iq6	12569	2014-12-02 21	3
10011993	285336111	0	9rf4iq6	7929	2014-11-21 23	2
10011993	285336111	0	9rf4i65	7929	2014-11-21 23	2
10011993	283149593	0	9rf4iqv	7767	2014-12-02 23	9
10011993	283149593	0	null	7767	2014-12-03 12	9
10011993	283149593	0	null	7767	2014-12-03 12	9
10011993	283149593	0	9rf4i6b	7767	2014-12-02 23	9
10011993	283149593	0	9rf4i60	7767	2014-12-02 23	9
10011993	283149593	0	9rf4iqu	7767	2014-12-02 23	9
10011993	283149593	0	9rf4i6v	7767	2014-12-02 23	9
10011993	283149593	0	9rf4i66	7767	2014-12-02 23	9
10011993	283149593	0	9rf4iqs	7767	2014-12-02 23	9
10011993	245266847	0	9rf4iqv	11564	2014-11-30 20	8
10011993	245266847	0	null	11564	2014-12-02 12	8
10011993	245266847	0	9rf4i65	11564	2014-11-30 20	8
10011993	245266847	0	null	11564	2014-12-02 12	8
10011993	245266847	0	9rf4i5m	11564	2014-12-01 20	8
10011993	245266847	0	9rf4i6p	11564	2014-12-01 20	8
10011993	245266847	0	9rf4iq2	11564	2014-12-01 20	8
10011993	245266847	0	null	11564	2014-12-01 00	8
10011993	99870930	0	null	2993	2014-12-04 08	1
10011993	29144079	0	9rf4i6w	4370	2014-11-27 21	2
10011993	29144079	0	9rf4i6w	4370	2014-11-27 21	2
10011993	320042628	0	null	3673	2014-12-08 19	3
10011993	320042628	0	null	3673	2014-12-08 19	3
10011993	320042628	0	null	3673	2014-12-08 19	3
10011993	339456922	0	9rf4iqp	3673	2014-12-12 23	2
10011993	339456922	0	9rf4i61	3673	2014-12-12 23	2
10011993	215260621	0	9rf4iqb	13381	2014-11-21 22	2
10011993	215260621	0	9rf4iqc	13381	2014-11-21 22	2
10011993	28416367	0	9rf4iqa	6000	2014-12-09 22	1
10011993	341158187	0	null	13230	2014-11-30 15	2
10011993	341158187	0	null	13230	2014-11-30 15	2
10011993	352684644	0	9rf4iqk	11824	2014-11-20 23	1
10011993	370050137	0	9rf4iq6	7929	2014-11-21 23	2
10011993	370050137	0	9rf4iqk	7929	2014-11-21 23	2
10011993	193448119	0	9rf4i5f	3673	2014-12-10 22	1
10011993	63541858	0	9rf4i6n	2993	2014-11-21 23	2
10011993	63541858	0	9rf4i61	2993	2014-11-21 23	2
10011993	273122965	0	9rf4i4d	6054	2014-11-21 21	2
10011993	273122965	0	9rf4iq6	6054	2014-11-21 21	2
10011993	69710259	0	9rf4iqq	11564	2014-11-30 19	1
10011993	70525373	0	null	2825	2014-11-30 15	6
10011993	70525373	0	9rf4i6v	2825	2014-11-27 18	6
10011993	70525373	0	9rf4i5o	2825	2014-11-27 18	6
10011993	70525373	0	null	2825	2014-11-30 15	6
10011993	70525373	0	9rf4i6v	2825	2014-11-27 18	6
10011993	70525373	0	9rf4i6v	2825	2014-11-27 18	6
10011993	114093784	0	9rf4i67	6000	2014-12-13 22	4
10011993	114093784	0	9rf4iqb	6000	2014-12-13 22	4
10011993	114093784	0	9rf4iqh	6000	2014-12-13 22	4
10011993	114093784	0	9rf4i6i	6000	2014-12-13 22	4
10011993	226374605	0	9rf4i6i	2993	2014-11-21 22	3
10011993	226374605	0	9rf4i6v	2993	2014-11-21 22	3
10011993	226374605	0	9rf4i6q	2993	2014-11-21 22	3
10011993	229939283	0	9rf4i5g	4505	2014-12-09 22	1
10011993	339103010	0	9rf4i62	7767	2014-12-02 21	1
10011993	111107478	0	9rf4iq3	3673	2014-12-10 22	4
10011993	111107478	0	9rf4iq2	3673	2014-12-10 22	4
10011993	111107478	0	9rf4i6n	3673	2014-12-10 22	4
10011993	111107478	0	9rf4iqu	3673	2014-12-10 22	4
10011993	285129628	0	9rf4i6q	4370	2014-11-27 21	3
10011993	285129628	0	9rf4iqn	4370	2014-11-27 21	3
10011993	285129628	0	9rf4i60	4370	2014-11-27 21	3
10011993	268573647	0	9rf4i64	2993	2014-11-21 23	3
10011993	268573647	0	9rf4i61	2993	2014-11-21 23	3
10011993	268573647	0	9rf4iq7	2993	2014-11-21 23	3
10011993	243462562	0	9rf4i61	3673	2014-12-12 23	6
10011993	243462562	0	9rf4iq6	3673	2014-12-12 23	6
10011993	243462562	0	9rf4i60	3673	2014-12-12 23	6
10011993	243462562	0	9rf4i66	3673	2014-12-01 23	6
10011993	243462562	0	9rf4i6v	3673	2014-12-12 23	6
10011993	243462562	0	9rf4i65	3673	2014-12-01 23	6
10011993	178719369	0	null	4370	2014-12-04 12	2
10011993	178719369	0	null	4370	2014-12-04 12	2
10011993	81781854	0	null	3673	2014-12-08 19	3
10011993	81781854	0	9rf4i6w	3673	2014-12-08 21	3
10011993	81781854	0	9rf4i6i	3673	2014-12-08 21	3
10011993	330844606	0	9rf4i5f	6000	2014-12-13 22	1
10011993	173363723	0	9rf4i6n	11564	2014-11-30 19	1
10011993	215654212	0	null	3673	2014-12-08 19	2
10011993	215654212	0	null	3673	2014-12-08 19	2
